{"data":[{"type":"contour","x":[-32.768,-32.106020202020204,-31.444040404040404,-30.782060606060607,-30.120080808080807,-29.45810101010101,-28.796121212121214,-28.134141414141414,-27.472161616161618,-26.810181818181817,-26.14820202020202,-25.486222222222224,-24.824242424242424,-24.162262626262624,-23.500282828282828,-22.83830303030303,-22.176323232323234,-21.514343434343434,-20.852363636363634,-20.190383838383838,-19.52840404040404,-18.866424242424245,-18.204444444444448,-17.542464646464648,-16.880484848484848,-16.21850505050505,-15.556525252525251,-14.894545454545455,-14.232565656565658,-13.570585858585858,-12.908606060606061,-12.246626262626265,-11.584646464646465,-10.922666666666668,-10.260686868686868,-9.598707070707068,-8.936727272727271,-8.274747474747478,-7.612767676767678,-6.950787878787878,-6.2888080808080815,-5.626828282828281,-4.964848484848485,-4.302868686868685,-3.6408888888888917,-2.9789090909090916,-2.316929292929295,-1.654949494949495,-0.9929696969696984,-0.3309898989898983,0.3309898989898983,0.9929696969697019,1.6549494949494985,2.316929292929288,2.9789090909090916,3.640888888888888,4.302868686868685,4.964848484848488,5.626828282828285,6.2888080808080815,6.950787878787878,7.612767676767675,8.274747474747471,8.936727272727275,9.598707070707071,10.260686868686868,10.922666666666665,11.584646464646468,12.246626262626265,12.908606060606061,13.570585858585865,14.232565656565662,14.894545454545458,15.556525252525248,16.218505050505044,16.880484848484848,17.542464646464644,18.20444444444444,18.866424242424245,19.52840404040404,20.190383838383838,20.852363636363634,21.514343434343438,22.176323232323234,22.83830303030303,23.500282828282835,24.16226262626263,24.824242424242428,25.486222222222217,26.148202020202014,26.810181818181817,27.472161616161614,28.13414141414141,28.796121212121214,29.45810101010101,30.120080808080807,30.782060606060604,31.444040404040408,32.106020202020204,32.768],"y":[-32.768,-32.106020202020204,-31.444040404040404,-30.782060606060607,-30.120080808080807,-29.45810101010101,-28.796121212121214,-28.134141414141414,-27.472161616161618,-26.810181818181817,-26.14820202020202,-25.486222222222224,-24.824242424242424,-24.162262626262624,-23.500282828282828,-22.83830303030303,-22.176323232323234,-21.514343434343434,-20.852363636363634,-20.190383838383838,-19.52840404040404,-18.866424242424245,-18.204444444444448,-17.542464646464648,-16.880484848484848,-16.21850505050505,-15.556525252525251,-14.894545454545455,-14.232565656565658,-13.570585858585858,-12.908606060606061,-12.246626262626265,-11.584646464646465,-10.922666666666668,-10.260686868686868,-9.598707070707068,-8.936727272727271,-8.274747474747478,-7.612767676767678,-6.950787878787878,-6.2888080808080815,-5.626828282828281,-4.964848484848485,-4.302868686868685,-3.6408888888888917,-2.9789090909090916,-2.316929292929295,-1.654949494949495,-0.9929696969696984,-0.3309898989898983,0.3309898989898983,0.9929696969697019,1.6549494949494985,2.316929292929288,2.9789090909090916,3.640888888888888,4.302868686868685,4.964848484848488,5.626828282828285,6.2888080808080815,6.950787878787878,7.612767676767675,8.274747474747471,8.936727272727275,9.598707070707071,10.260686868686868,10.922666666666665,11.584646464646468,12.246626262626265,12.908606060606061,13.570585858585865,14.232565656565662,14.894545454545458,15.556525252525248,16.218505050505044,16.880484848484848,17.542464646464644,18.20444444444444,18.866424242424245,19.52840404040404,20.190383838383838,20.852363636363634,21.514343434343438,22.176323232323234,22.83830303030303,23.500282828282835,24.16226262626263,24.824242424242428,25.486222222222217,26.148202020202014,26.810181818181817,27.472161616161614,28.13414141414141,28.796121212121214,29.45810101010101,30.120080808080807,30.782060606060604,31.444040404040408,32.106020202020204,32.768],"z":[[21.570311151282485,21.120261869272227,22.024118386997674,21.514253628803722,21.158262550549622,22.026057306460196,21.455872632952012,21.198117835782668,22.024339864455005,21.395536559798863,21.23904496301608,22.018924242473574,21.333706271189975,21.280308078300102,22.009798292677786,21.27094538096237,21.321249275429924,21.99699460380404,21.20792919668962,21.361318085009565,21.98060674086736,21.145450791045217,21.400097505268846,21.960804734551946,21.08442208195126,21.437324090976826,21.937847148310613,21.02586727388709,21.472899124299616,21.912086488370637,20.97090576843697,21.506887727680272,21.883964619063562,20.920721965143507,21.539503239189465,21.853995499241446,20.876520506705226,21.5710755077673,21.822734171135316,20.839467600710545,21.602004047587116,21.79073347844098,20.810621913488507,21.632699957215433,21.758493068011155,20.79086163790468,21.663523509032185,21.72640806346802,20.78081680835136,21.694726414277348,21.694726414277348,20.78081680835136,21.726408063468018,21.663523509032167,20.79086163790468,21.758493068011163,21.632699957215433,20.810621913488504,21.790733478440973,21.602004047587116,20.839467600710545,21.822734171135323,21.57107550776728,20.87652050670522,21.85399549924144,21.539503239189465,20.920721965143517,21.88396461906356,21.506887727680272,20.97090576843697,21.91208648837063,21.472899124299623,21.025867273887076,21.937847148310613,21.437324090976805,21.08442208195126,21.960804734551946,21.40009750526882,21.145450791045217,21.98060674086736,21.361318085009565,21.20792919668962,21.99699460380404,21.321249275429924,21.27094538096237,22.00979829267779,21.280308078300138,21.333706271189957,22.01892424247357,21.239044963016045,21.395536559798863,22.024339864455005,21.198117835782668,21.455872632952012,22.026057306460196,21.158262550549622,21.514253628803722,22.024118386997674,21.120261869272227,21.570311151282485],[21.120261869272227,20.490686542972245,21.757000359035985,21.043733638100267,20.54596920760481,21.76189134351954,20.964266987494927,20.60417114076661,21.76199100938605,20.88239667452257,20.664212226357662,21.75725343656282,20.79877690594968,20.725066709080345,21.74766158946542,20.71419173513705,20.785802553533838,21.733244247340117,20.629563400158915,20.845618588397784,21.714094686477868,20.545956921611396,20.90387727655559,21.690388987251698,20.464578609715304,20.960130299887183,21.662400931296144,20.386765511447518,21.014133549603365,21.63050972435255,20.31396250473064,21.065847855808126,21.59519655643545,20.247684047849216,21.11542223626403,21.557026663592346,20.189458851630842,21.163157925508152,21.516615366216232,20.14075814530963,21.20945408708459,21.47457953324242,20.10291160308887,21.25473964352187,21.43147961718798,20.07701876017025,21.2993993158568,21.38776089285566,20.063866807853465,21.343704601855688,21.343704601855688,20.06386680785346,21.38776089285565,21.299399315856775,20.07701876017025,21.431479617187986,21.25473964352187,20.102911603088863,21.474579533242412,21.20945408708459,20.14075814530963,21.51661536621624,21.163157925508123,20.18945885163083,21.55702666359234,21.11542223626403,20.24768404784923,21.595196556435443,21.065847855808126,20.31396250473064,21.63050972435254,21.014133549603375,20.3867655114475,21.662400931296144,20.960130299887147,20.464578609715304,21.690388987251698,20.903877276555555,20.545956921611396,21.714094686477868,20.845618588397784,20.629563400158915,21.733244247340117,20.785802553533838,20.71419173513705,21.74766158946542,20.72506670908039,20.79877690594966,21.75725343656282,20.664212226357616,20.88239667452257,21.76199100938605,20.60417114076661,20.964266987494927,21.76189134351954,20.54596920760481,21.043733638100267,21.757000359035985,20.490686542972245,21.120261869272227],[22.024118386997674,21.757000359035985,22.29005385686732,21.987444357662618,21.77571089202085,22.28723250684987,21.948745555954307,21.794843549973017,22.281554438911893,21.908175405825634,21.813875414122972,22.272939669274734,21.865957039446783,21.832329370382894,22.26134707234808,21.82239909160682,21.84980278667298,22.246794183968337,21.777912383610563,21.865996754964105,22.229378917089,21.733025801758156,21.880743783441687,22.20930085809412,21.688398704481145,21.89403083422089,22.186878702386892,21.64482621068025,21.906013656859052,22.162559439424502,21.603233025397888,21.91701781143354,22.136914500285116,21.564651463624962,21.92752205597669,22.11061869761754,21.53018048496463,21.938121322882992,22.08440979890317,21.50092514362036,21.94946952829149,22.059030043802736,21.477919783718406,21.9622066704666,22.035155361724318,21.46204286676151,21.97687917460284,22.013322358439527,21.453935219825055,21.993865818003776,21.993865818003776,21.453935219825055,22.013322358439524,21.97687917460283,21.46204286676151,22.035155361724325,21.9622066704666,21.477919783718406,22.059030043802732,21.94946952829149,21.50092514362036,22.084409798903174,21.938121322882978,21.530180484964628,22.110618697617536,21.92752205597669,21.56465146362497,22.136914500285112,21.91701781143354,21.603233025397888,22.1625594394245,21.906013656859056,21.644826210680243,22.186878702386892,21.894030834220874,21.688398704481145,22.20930085809412,21.880743783441673,21.733025801758156,22.229378917089,21.865996754964105,21.777912383610563,22.246794183968337,21.84980278667298,21.82239909160682,22.26134707234808,21.832329370382915,21.865957039446773,22.272939669274734,21.813875414122954,21.908175405825634,22.281554438911893,21.794843549973017,21.948745555954307,22.28723250684987,21.77571089202085,21.987444357662618,22.29005385686732,21.757000359035985,22.024118386997674],[21.514253628803722,21.043733638100267,21.987444357662618,21.454380667051804,21.082016698894243,21.987957875009354,21.39178001308383,21.121921182276115,21.984321019793434,21.326791144245394,21.1625846878082,21.976446433249478,21.259853388797843,21.20319866861082,21.964284376399807,21.191521989330965,21.243046720542964,21.94784487864401,21.12248438656615,21.281542835554674,21.927222616106416,21.053574882649237,21.31826724332802,21.902621972908683,20.98578476155743,21.352996355218956,21.874378406297357,20.92026380878547,21.385722202580663,21.84297103430172,20.85830831529761,21.416656023818177,21.80902075248389,20.801330564551552,21.44621084606224,21.773268736709323,20.7508060434681,21.474959584874167,21.73653240766552,20.708197592256674,21.503568657623074,21.699639968541916,20.674860353605933,21.532712112206898,21.66334996135488,20.651936900655738,21.56297676284663,21.628267600293317,20.640256756462183,21.594773065392943,21.594773065392943,20.640256756462183,21.62826760029331,21.56297676284661,20.651936900655738,21.663349961354886,21.532712112206898,20.67486035360593,21.69963996854191,21.503568657623074,20.708197592256674,21.736532407665525,21.474959584874146,20.750806043468092,21.77326873670932,21.44621084606224,20.801330564551563,21.809020752483885,21.416656023818177,20.85830831529761,21.842971034301716,21.38572220258067,20.920263808785457,21.874378406297357,21.35299635521893,20.98578476155743,21.902621972908683,21.318267243327995,21.053574882649237,21.927222616106416,21.281542835554674,21.12248438656615,21.94784487864401,21.243046720542964,21.191521989330965,21.964284376399807,21.203198668610852,21.259853388797826,21.976446433249478,21.162584687808167,21.326791144245394,21.984321019793434,21.121921182276115,21.39178001308383,21.987957875009354,21.082016698894243,21.454380667051804,21.987444357662618,21.043733638100267,21.514253628803722],[21.158262550549622,20.54596920760481,21.77571089202085,21.082016698894243,20.597662229046513,21.778305230915922,21.002503880312823,20.65175994179268,21.77579291460529,20.92018500967294,20.707155249655425,21.768073340018514,20.835642091366093,20.7628010108206,21.755083443498197,20.749595339088813,20.817755999568153,21.736822569387776,20.662920377997633,20.87123074485053,21.713380965301614,20.57666357461557,20.922630652273007,21.68496914429754,20.492052298522857,20.97159252701413,21.65194375960508,20.4104955589597,21.01800924251455,21.61482412383731,20.333569351888688,21.062036297899954,21.57429261064828,20.262980783606668,21.10407403551332,21.531172607190474,20.200506303558303,21.14472106197197,21.486380106752673,20.147902736066857,21.184698385460024,21.440849710868903,20.106795267112993,21.224749726779798,21.395442208833465,20.078553225884697,21.265530168741886,21.35084745512935,20.064170517897082,21.307500652845512,21.307500652845512,20.06417051789708,21.35084745512934,21.26553016874186,20.078553225884697,21.395442208833476,21.224749726779798,20.10679526711299,21.440849710868896,21.184698385460024,20.147902736066857,21.48638010675268,21.144721061971943,20.200506303558296,21.531172607190467,21.10407403551332,20.262980783606682,21.57429261064827,21.062036297899954,20.333569351888688,21.6148241238373,21.018009242514562,20.410495558959678,21.651943759605082,20.971592527014096,20.492052298522857,21.68496914429754,20.922630652272975,20.57666357461557,21.713380965301614,20.87123074485053,20.662920377997633,21.736822569387776,20.817755999568153,20.749595339088813,21.755083443498197,20.762801010820642,20.835642091366072,21.76807334001851,20.707155249655383,20.92018500967294,21.77579291460529,20.65175994179268,21.002503880312823,21.778305230915922,20.597662229046513,21.082016698894243,21.77571089202085,20.54596920760481,21.158262550549622],[22.026057306460196,21.76189134351954,22.28723250684987,21.987957875009354,21.778305230915922,22.282257020966146,21.947430587888647,21.794683889488898,22.27398921807031,21.90456171599305,21.810446885043625,22.262287028598262,21.85951032550813,21.825065198524584,22.247055414154595,21.81253128052843,21.838097749948574,22.22827495222605,21.764001559545815,21.849230890647497,22.206034639688763,21.714447965950445,21.858318338802054,22.18056595642655,21.664572697146586,21.86541731697909,22.152273319554812,21.61527138551777,21.870814782858435,22.121754156450773,21.567636566098898,21.87503615242882,22.089800558250367,21.522938769584737,21.878828596349308,22.05737470804702,21.48257847657765,21.88311275269782,22.02555288029361,21.448005773004663,21.88890118640022,21.99543821658404,21.42061087774215,21.897188983771652,21.968050160422326,21.401596806213547,21.908830102134417,21.944206534455223,21.39185302518023,21.924419889093723,21.924419889093723,21.39185302518023,21.944206534455216,21.908830102134406,21.401596806213547,21.968050160422333,21.897188983771652,21.42061087774215,21.995438216584038,21.88890118640022,21.448005773004663,22.025552880293613,21.883112752697805,21.482578476577647,22.057374708047018,21.878828596349308,21.52293876958474,22.089800558250364,21.87503615242882,21.567636566098898,22.12175415645077,21.87081478285844,21.61527138551776,22.152273319554812,21.865417316979077,21.664572697146586,22.18056595642655,21.85831833880204,21.714447965950445,22.206034639688763,21.849230890647497,21.764001559545815,22.22827495222605,21.838097749948574,21.81253128052843,22.247055414154595,21.825065198524605,21.85951032550812,22.262287028598262,21.810446885043607,21.90456171599305,22.27398921807031,21.794683889488898,21.947430587888647,22.282257020966146,21.778305230915922,21.987957875009354,22.28723250684987,21.76189134351954,22.026057306460196],[21.455872632952012,20.964266987494927,21.948745555954307,21.39178001308383,21.002503880312823,21.947430587888647,21.32445204409107,21.042022900014324,21.941351153023756,21.254176614757323,21.081857289492596,21.93034986892182,21.181347166419446,21.12109985690711,21.914314277885648,21.106486382892037,21.158950739604045,21.893208664947736,21.030272799534877,21.194767850880314,21.867111424156363,20.953568335720504,21.228117265693825,21.836254827476814,20.877442955567318,21.258818871016377,21.801061789660256,20.803190514593098,21.28698039446066,21.7621718667217,20.732327821075337,21.31301102167187,21.720446997296424,20.666567855838853,21.33760517028446,21.676947444776122,20.60775904995432,21.361688753265963,21.63287114997206,20.557786542027245,21.38632533694067,21.589455925713256,20.518438763994773,21.412587951322422,21.54785311619761,20.49125249829871,21.441412361230352,21.508991340449214,20.477358990251513,21.47345616675663,21.47345616675663,20.477358990251513,21.508991340449207,21.44141236123033,20.49125249829871,21.54785311619762,21.412587951322422,20.51843876399477,21.58945592571325,21.38632533694067,20.557786542027245,21.63287114997207,21.36168875326594,20.60775904995431,21.676947444776115,21.33760517028446,20.666567855838867,21.72044699729642,21.31301102167187,20.732327821075337,21.762171866721694,21.28698039446067,20.803190514593084,21.801061789660256,21.25881887101635,20.877442955567318,21.836254827476814,21.2281172656938,20.953568335720504,21.867111424156363,21.194767850880314,21.030272799534877,21.893208664947736,21.158950739604045,21.106486382892037,21.914314277885648,21.121099856907147,21.181347166419428,21.93034986892182,21.08185728949256,21.254176614757323,21.941351153023756,21.042022900014324,21.32445204409107,21.947430587888647,21.002503880312823,21.39178001308383,21.948745555954307,20.964266987494927,21.455872632952012],[21.198117835782668,20.60417114076661,21.794843549973017,21.121921182276115,20.65175994179268,21.794683889488898,21.042022900014324,20.701113419179244,21.78898254508199,20.95878300356423,20.751072541101873,21.77755655320548,20.87268169519257,20.800541929856006,21.76026794626435,20.78434514346,20.84854470954796,21.737059321226443,20.694574795454866,20.894280726370248,21.70799638540949,20.60437822964583,20.937185287516844,21.673314178804706,20.514997495968313,20.97698332600226,21.63346100712255,20.427928328381935,21.013731218119567,21.58913121814361,20.344921055399652,21.047836014634086,21.54127563889394,20.267952435595646,21.080040724356625,21.4910780305295,20.19915835831439,21.111365949614555,21.439888757651612,20.140721731149654,21.143003852041424,21.389113988168887,20.094718526950576,21.176170292208155,21.34006973231353,20.062936808952188,21.211933272680593,21.29382237584583,20.046695340771965,21.251046629258745,21.251046629258745,20.046695340771965,21.293822375845824,21.21193327268057,20.062936808952188,21.34006973231354,21.176170292208155,20.094718526950572,21.38911398816888,21.143003852041424,20.140721731149654,21.43988875765162,21.111365949614527,20.19915835831438,21.491078030529494,21.080040724356625,20.26795243559566,21.541275638893932,21.047836014634086,20.344921055399652,21.589131218143603,21.013731218119577,20.427928328381917,21.63346100712255,20.976983326002223,20.514997495968313,21.67331417880471,20.93718528751681,20.60437822964583,21.70799638540949,20.894280726370248,20.694574795454866,21.737059321226443,20.84854470954796,20.78434514346,21.76026794626435,20.80054192985605,20.872681695192544,21.77755655320548,20.75107254110183,20.95878300356423,21.78898254508199,20.701113419179244,21.042022900014324,21.794683889488898,20.65175994179268,21.121921182276115,21.794843549973017,20.60417114076661,21.198117835782668],[22.024339864455005,21.76199100938605,22.281554438911893,21.984321019793434,21.77579291460529,22.27398921807031,21.941351153023756,21.78898254508199,22.262554301692944,21.89542160421945,21.800890355501977,22.247014553181153,21.846596631915123,21.81090126534891,22.227188081362453,21.79504558648467,21.81850148837218,22.202986523040078,21.74108229773256,21.823332334486903,22.174463569487283,21.685209857902088,21.825248313578143,22.141868332518463,21.628166465736612,21.82437409351177,22.105697011803283,21.570964762107547,21.821151465513722,22.066732765211793,21.514913676170945,21.816364175984646,22.02606062540676,21.461609334361036,21.811126625467963,21.985043269564624,21.412881733015496,21.806823808260575,21.9452462786836,21.370688435339716,21.804996137354536,21.90830961807084,21.33695651355779,21.807174427064343,21.875775202012864,21.313388273171515,21.814685351944753,21.84889567152606,21.301261105683384,21.82846142184459,21.82846142184459,21.301261105683384,21.848895671526055,21.814685351944743,21.313388273171515,21.87577520201287,21.807174427064343,21.336956513557787,21.908309618070838,21.804996137354536,21.370688435339716,21.945246278683605,21.806823808260564,21.412881733015492,21.98504326956462,21.811126625467963,21.46160933436104,22.026060625406757,21.816364175984646,21.514913676170945,22.06673276521179,21.821151465513726,21.57096476210754,22.105697011803283,21.824374093511757,21.628166465736612,22.141868332518463,21.82524831357813,21.685209857902088,22.174463569487283,21.823332334486903,21.74108229773256,22.202986523040078,21.81850148837218,21.79504558648467,22.227188081362453,21.81090126534893,21.846596631915116,22.247014553181153,21.80089035550196,21.89542160421945,22.262554301692944,21.78898254508199,21.941351153023756,22.27398921807031,21.77579291460529,21.984321019793434,22.281554438911893,21.76199100938605,22.024339864455005],[21.395536559798863,20.88239667452257,21.908175405825634,21.326791144245394,20.92018500967294,21.90456171599305,21.254176614757323,20.95878300356423,21.89542160421945,21.177897624776293,20.997085585445436,21.880492906635837,21.09826616136538,21.034049511237367,21.859562879065965,21.015734846577292,21.068753105994904,21.832512735686848,20.930937531838076,21.10046324302793,21.79937254079894,20.844735473387306,21.128706828631508,21.76038300539143,20.758264601073844,21.153340958790075,21.716057093895632,20.672975663521253,21.17461192153273,21.667230024625518,20.590654901245255,21.193189112041264,21.61508227768958,20.513409633922603,21.2101572546217,21.561118414296914,20.443602765998936,21.22695130821395,21.507087192605585,20.383725037184995,21.24522530091228,21.45483759447395,20.33620536679896,21.26665998599227,21.406121020632366,20.303176921829838,21.292732578812085,21.362368767479147,20.286235011348978,21.32448917117192,21.32448917117192,20.286235011348978,21.36236876747914,21.292732578812064,20.303176921829838,21.406121020632373,21.26665998599227,20.336205366798954,21.454837594473943,21.24522530091228,20.383725037184995,21.50708719260559,21.226951308213923,20.44360276599893,21.561118414296907,21.2101572546217,20.513409633922617,21.615082277689577,21.193189112041264,20.590654901245255,21.66723002462551,21.17461192153274,20.67297566352124,21.716057093895635,21.15334095879005,20.758264601073844,21.760383005391432,21.12870682863148,20.844735473387306,21.79937254079894,21.10046324302793,20.930937531838076,21.832512735686848,21.068753105994904,21.015734846577292,21.859562879065965,21.034049511237406,21.098266161365363,21.880492906635833,20.997085585445397,21.177897624776293,21.895421604219447,20.95878300356423,21.254176614757323,21.90456171599305,20.92018500967294,21.326791144245394,21.908175405825634,20.88239667452257,21.395536559798863],[21.23904496301608,20.664212226357662,21.813875414122972,21.1625846878082,20.707155249655425,21.810446885043625,21.081857289492596,20.751072541101873,21.800890355501977,20.997085585445436,20.794717361267477,21.784901602826217,20.908606586306114,20.836905814698024,21.76222503782816,20.816907904987108,20.876583075037153,21.732703125986397,20.722673040937853,20.912898570701106,21.696338416580367,20.626834083140512,20.94528754091083,21.65336478015952,20.53062724453907,20.973552822863603,21.604320234338036,20.435642255262376,20.997935969459128,21.550108519620885,20.343851544720895,21.019161634585068,21.4920314894216,20.257600756596663,21.038435381006828,21.43177153020485,20.1795408939826,21.057375393189275,21.371305554605357,20.11248727152055,21.077865963969494,21.31274230361694,20.059203654596633,21.101836579842534,21.25809328526013,20.0221307950302,21.130992855231177,21.209010975152722,20.003101679095053,21.166547519510825,21.166547519510825,20.003101679095053,21.209010975152715,21.130992855231153,20.0221307950302,21.25809328526014,21.101836579842534,20.05920365459663,21.312742303616933,21.077865963969494,20.11248727152055,21.371305554605364,21.057375393189247,20.179540893982594,21.43177153020484,21.038435381006828,20.257600756596677,21.492031489421596,21.019161634585068,20.343851544720895,21.550108519620878,20.99793596945914,20.435642255262362,21.60432023433804,20.97355282286357,20.53062724453907,21.65336478015952,20.945287540910797,20.626834083140512,21.696338416580367,20.912898570701106,20.722673040937853,21.732703125986397,20.876583075037153,20.816907904987108,21.76222503782816,20.836905814698067,20.908606586306092,21.784901602826213,20.794717361267438,20.997085585445436,21.800890355501974,20.751072541101873,21.081857289492596,21.810446885043625,20.707155249655425,21.1625846878082,21.813875414122972,20.664212226357662,21.23904496301608],[22.018924242473574,21.75725343656282,22.272939669274734,21.976446433249478,21.768073340018514,22.262287028598262,21.93034986892182,21.77755655320548,22.247014553181153,21.880492906635837,21.784901602826217,22.226750813987803,21.826800967070266,21.78935888043871,22.201178762326887,21.769309755939233,21.790290316944724,22.17009091245068,21.708221694895528,21.78724238079822,22.133459396421816,21.643974580955753,21.78003028100921,22.091517664659413,21.577317848764697,21.76882706337627,22.04484574705173,21.509386523694193,21.754245506225097,21.994444723504056,21.441756538159975,21.737394175454824,21.94177956873404,21.376459122135344,21.71988371461547,21.888765313677123,21.315929382725603,21.70375874720356,21.837673148523745,21.262868784818362,21.69133851567565,21.790944330192822,21.220016193072826,21.684967949179836,21.750921787026794,21.1898471949517,21.686708233813956,21.7195381060333,21.174250404505106,21.698023815848053,21.698023815848053,21.174250404505106,21.719538106033298,21.686708233813945,21.1898471949517,21.750921787026797,21.684967949179836,21.220016193072823,21.79094433019282,21.69133851567565,21.262868784818362,21.83767314852375,21.703758747203548,21.3159293827256,21.88876531367712,21.71988371461547,21.376459122135348,21.941779568734038,21.737394175454824,21.441756538159975,21.994444723504053,21.754245506225104,21.509386523694186,22.04484574705173,21.768827063376257,21.577317848764697,22.091517664659413,21.780030281009196,21.643974580955753,22.133459396421816,21.78724238079822,21.708221694895528,22.17009091245068,21.790290316944724,21.769309755939233,22.201178762326887,21.78935888043873,21.826800967070255,22.226750813987803,21.784901602826196,21.880492906635837,22.247014553181153,21.77755655320548,21.93034986892182,22.262287028598262,21.768073340018514,21.976446433249478,22.272939669274734,21.75725343656282,22.018924242473574],[21.333706271189975,20.79877690594968,21.865957039446783,21.259853388797843,20.835642091366093,21.85951032550813,21.181347166419446,20.87268169519257,21.846596631915123,21.09826616136538,20.908606586306114,21.826800967070266,21.010790618183165,20.94218465992544,21.799755757921545,20.919247126925438,20.97231498298733,21.765201302601533,20.824167271771678,20.998116362900173,21.723064327692118,20.726359770642034,21.019028528320227,21.673551745856216,20.626991664804525,21.034919504198708,21.61725117648206,20.52766810727122,21.046186067998143,21.55522233707596,20.430492638785363,21.053826174783946,21.489055260135093,20.338082228792572,21.05945519748224,21.420865288861233,20.253507217329584,21.065235754032617,21.35319545195003,20.18013045122337,21.073698795231568,21.288809000604946,20.12133677594657,21.08745508671062,21.230380881335908,20.080174119590108,21.10882955798899,21.180132463973973,20.058963619438778,21.139486278819337,21.139486278819337,20.058963619438778,21.180132463973965,21.10882955798897,20.080174119590108,21.23038088133592,21.08745508671062,20.121336775946567,21.28880900060494,21.073698795231568,20.18013045122337,21.353195451950036,21.065235754032592,20.253507217329577,21.420865288861226,21.05945519748224,20.338082228792583,21.489055260135085,21.053826174783946,20.430492638785363,21.555222337075953,21.046186067998153,20.527668107271204,21.61725117648206,21.03491950419868,20.626991664804525,21.67355174585622,21.0190285283202,20.726359770642034,21.723064327692118,20.998116362900173,20.824167271771678,21.765201302601533,20.97231498298733,20.919247126925438,21.799755757921545,20.94218465992548,21.010790618183147,21.826800967070263,20.908606586306075,21.09826616136538,21.846596631915123,20.87268169519257,21.181347166419446,21.85951032550813,20.835642091366093,21.259853388797843,21.865957039446783,20.79877690594968,21.333706271189975],[21.280308078300102,20.725066709080345,21.832329370382894,21.20319866861082,20.7628010108206,21.825065198524584,21.12109985690711,20.800541929856006,21.81090126534891,21.034049511237367,20.836905814698024,21.78935888043871,20.94218465992544,20.870562370260966,21.76000347436671,20.845790065176477,20.900314494869843,21.722510976266697,20.745363564724258,20.92519559179965,21.67675573931436,20.64169841398081,20.944583184692483,21.622917632827395,20.535978534140472,20.958322522976378,21.561599666552983,20.429875653773983,20.966846045428504,21.493938701937598,20.32562809403556,20.971264766632764,21.42168164020683,20.22607117024659,20.973398337171925,21.347191182509448,20.134582850136976,20.975706489427505,21.273344331334293,20.054911474945644,20.981092255061906,21.203299718153076,19.990871092997867,20.99257195453485,21.14014035877915,19.94592594092095,21.01284750856255,21.08644230183194,19.922730931634238,21.04386138690804,21.04386138690804,19.922730931634238,21.086442301831934,21.01284750856253,19.94592594092095,21.14014035877916,20.99257195453485,19.99087109299786,21.20329971815307,20.981092255061906,20.054911474945644,21.273344331334297,20.97570648942748,20.13458285013697,21.34719118250944,20.973398337171925,20.226071170246605,21.421681640206824,20.971264766632764,20.32562809403556,21.493938701937587,20.966846045428515,20.429875653773966,21.561599666552986,20.95832252297635,20.535978534140472,21.6229176328274,20.94458318469245,20.64169841398081,21.67675573931436,20.92519559179965,20.745363564724258,21.722510976266697,20.900314494869843,20.845790065176477,21.76000347436671,20.87056237026101,20.94218465992542,21.78935888043871,20.836905814697985,21.034049511237367,21.81090126534891,20.800541929856006,21.12109985690711,21.825065198524584,20.7628010108206,21.20319866861082,21.832329370382894,20.725066709080345,21.280308078300102],[22.009798292677786,21.74766158946542,22.26134707234808,21.964284376399807,21.755083443498197,22.247055414154595,21.914314277885648,21.76026794626435,22.227188081362453,21.859562879065965,21.76222503782816,22.201178762326887,21.799755757921545,21.76000347436671,22.16850655369613,21.73472466532481,21.752765377443424,22.128768953079604,21.664484962370206,21.739883663744614,22.081780038144394,21.58933628434516,21.721062234185577,22.0276922242112,21.509982892609763,21.69647299021474,21.967132988731592,21.42766215236331,21.666894578952352,21.901337614388602,21.344258385292143,21.63382576392778,21.832246436119622,21.26236679328228,21.599534114094055,21.762523860133246,21.18526281707591,21.566993942790127,21.69545320761391,21.116733710153223,21.539674303852898,21.63467470527444,21.060749542579075,21.521165811483613,21.58376955935281,21.020993742836982,21.51468428091836,21.54574713122451,21.00033005524657,21.52254603327075,21.52254603327075,21.00033005524657,21.545747131224505,21.51468428091835,21.020993742836982,21.583769559352813,21.521165811483613,21.060749542579075,21.634674705274435,21.539674303852898,21.116733710153223,21.695453207613912,21.566993942790116,21.185262817075905,21.762523860133243,21.599534114094055,21.262366793282286,21.83224643611962,21.63382576392778,21.344258385292143,21.9013376143886,21.666894578952355,21.427662152363304,21.967132988731592,21.696472990214726,21.509982892609763,22.0276922242112,21.721062234185563,21.58933628434516,22.081780038144394,21.739883663744614,21.664484962370206,22.128768953079604,21.752765377443424,21.73472466532481,22.16850655369613,21.760003474366727,21.799755757921535,22.201178762326887,21.76222503782814,21.859562879065965,22.227188081362453,21.76026794626435,21.914314277885648,22.247055414154595,21.755083443498197,21.964284376399807,22.26134707234808,21.74766158946542,22.009798292677786],[21.27094538096237,20.71419173513705,21.82239909160682,21.191521989330965,20.749595339088813,21.81253128052843,21.106486382892037,20.78434514346,21.79504558648467,21.015734846577292,20.816907904987108,21.769309755939233,20.919247126925438,20.845790065176477,21.73472466532481,20.817143242635645,20.869627908503027,21.690803283306767,20.709763944170714,20.887302823333027,21.63727955121331,20.597777236410163,20.89808255745495,21.57424664388822,20.482308371453662,20.90178316802919,21.502316333304957,20.36508180755835,20.89893598206157,21.422779171289346,20.248550528025454,20.89092952922551,21.33772982418437,20.135972515288067,20.88008079243106,21.25010700454703,20.03138122842936,20.869579799033424,21.163591003955766,19.93939586685634,20.863256875901108,21.08231483577396,19.864839092348024,20.865153237045057,21.010386227688603,19.812180761600406,20.878935121398165,20.951284264773076,19.78489715884433,20.90726382811582,20.90726382811582,19.78489715884433,20.95128426477307,20.87893512139814,19.812180761600406,21.010386227688613,20.865153237045057,19.864839092348017,21.082314835773953,20.863256875901108,19.93939586685634,21.163591003955773,20.8695797990334,20.031381228429353,21.250107004547022,20.88008079243106,20.135972515288078,21.337729824184365,20.89092952922551,20.248550528025454,21.42277917128934,20.89893598206158,20.365081807558333,21.50231633330496,20.901783168029162,20.482308371453662,21.574246643888223,20.89808255745492,20.597777236410163,21.63727955121331,20.887302823333027,20.709763944170714,21.690803283306767,20.869627908503027,20.817143242635645,21.73472466532481,20.84579006517652,20.91924712692542,21.769309755939233,20.816907904987065,21.015734846577292,21.79504558648467,20.78434514346,21.106486382892037,21.81253128052843,20.749595339088813,21.191521989330965,21.82239909160682,20.71419173513705,21.27094538096237],[21.321249275429924,20.785802553533838,21.84980278667298,21.243046720542964,20.817755999568153,21.838097749948574,21.158950739604045,20.84854470954796,21.81850148837218,21.068753105994904,20.876583075037153,21.790290316944724,20.97231498298733,20.900314494869843,21.752765377443424,20.869627908503027,20.918305904622976,21.70533810189664,20.760902572269984,20.929372046894624,21.647650591802094,20.646689332625215,20.93273189822674,21.579731815903592,20.528029174837442,20.928193022211065,21.502182080528662,20.406623867980137,20.91634783305876,21.416364406446267,20.284998686750257,20.898748617392087,21.324562775946617,20.16661167339226,20.87800831227257,21.23004774841393,20.055845685786927,20.857758958615605,21.136979051528193,19.95781461035372,20.842402318327142,21.050086549379884,19.877937783542404,20.836621707345916,20.974118255980905,19.821296652480793,20.844695892483443,20.91312583399461,19.791876361256378,20.86974748332869,20.86974748332869,19.791876361256374,20.9131258339946,20.844695892483422,19.821296652480793,20.974118255980912,20.836621707345916,19.877937783542396,21.050086549379877,20.842402318327142,19.95781461035372,21.1369790515282,20.857758958615584,20.05584568578692,21.230047748413924,20.87800831227257,20.16661167339227,21.32456277594661,20.898748617392087,20.284998686750257,21.41636440644626,20.916347833058772,20.40662386798012,21.502182080528662,20.928193022211037,20.528029174837442,21.579731815903592,20.93273189822671,20.646689332625215,21.647650591802094,20.929372046894624,20.760902572269984,21.70533810189664,20.918305904622976,20.869627908503027,21.752765377443424,20.900314494869882,20.97231498298731,21.790290316944724,20.876583075037114,21.068753105994904,21.818501488372178,20.84854470954796,21.158950739604045,21.838097749948574,20.817755999568153,21.243046720542964,21.84980278667298,20.785802553533838,21.321249275429924],[21.99699460380404,21.733244247340117,22.246794183968337,21.94784487864401,21.736822569387776,22.22827495222605,21.893208664947736,21.737059321226443,22.202986523040078,21.832512735686848,21.732703125986397,22.17009091245068,21.765201302601533,21.722510976266697,22.128768953079604,21.690803283306767,21.70533810189664,22.078312578917096,21.60903352674519,21.68026423851528,22.018257377364495,21.51993389145678,21.646760768863963,21.94855819190597,21.424054615585245,21.60489610674856,21.86980147527587,21.322665367044344,21.555563389721296,21.78343235044608,21.21796736036553,21.50069421736196,21.69195188681879,21.113253965205924,21.44339717681004,21.599014990868802,21.01294335986422,21.387938592094432,21.509342398535733,20.92239641162918,21.339481178647464,21.42836944173456,20.847455311251522,21.30353354451035,21.36160775886826,20.793708665076633,21.28514965039319,21.313796319104615,20.765599456836522,21.288033634013086,21.288033634013086,20.765599456836522,21.31379631910461,21.28514965039318,20.793708665076633,21.361607758868264,21.30353354451035,20.847455311251522,21.428369441734556,21.339481178647464,20.92239641162918,21.509342398535733,21.387938592094418,21.012943359864217,21.5990149908688,21.44339717681004,21.11325396520593,21.69195188681879,21.50069421736196,21.21796736036553,21.783432350446077,21.5555633897213,21.322665367044337,21.869801475275874,21.604896106748544,21.424054615585245,21.94855819190597,21.64676076886395,21.51993389145678,22.018257377364495,21.68026423851528,21.60903352674519,22.078312578917096,21.70533810189664,21.690803283306767,22.128768953079604,21.72251097626672,21.765201302601525,22.17009091245068,21.73270312598638,21.832512735686848,22.202986523040074,21.737059321226443,21.893208664947736,22.22827495222605,21.736822569387776,21.94784487864401,22.246794183968337,21.733244247340117,21.99699460380404],[21.20792919668962,20.629563400158915,21.777912383610563,21.12248438656615,20.662920377997633,21.764001559545815,21.030272799534877,20.694574795454866,21.74108229773256,20.930937531838076,20.722673040937853,21.708221694895528,20.824167271771678,20.745363564724258,21.664484962370206,20.709763944170714,20.760902572269984,21.60903352674519,20.587746979938867,20.767799632543507,21.541269914425115,20.45850230079696,20.76500986322445,21.46103459085074,20.32297883914634,20.752172214389983,21.368850359317033,20.182923612549917,20.72987881032572,21.26619222529855,20.04112586937698,20.699936654338483,21.155733921632905,19.90161184680254,20.665552030563916,21.04149032152207,19.769700398834633,20.631338714439778,20.928750049821595,19.65181192203274,20.60304290015253,20.823697167426833,19.5549434702228,20.58691663734271,20.732680319331813,19.485804227597754,20.588774323060694,20.66121007235799,19.44974338691214,20.61291432397616,20.61291432397616,19.449743386912136,20.661210072357978,20.58877432306067,19.485804227597754,20.732680319331823,20.58691663734271,19.554943470222796,20.823697167426825,20.60304290015253,19.65181192203274,20.928750049821602,20.631338714439753,19.769700398834626,21.04149032152206,20.665552030563916,19.90161184680255,21.155733921632898,20.699936654338483,20.04112586937698,21.266192225298543,20.729878810325726,20.1829236125499,21.368850359317037,20.75217221438995,20.32297883914634,21.46103459085074,20.765009863224417,20.45850230079696,21.541269914425115,20.767799632543507,20.587746979938867,21.60903352674519,20.760902572269984,20.709763944170714,21.664484962370206,20.7453635647243,20.824167271771657,21.708221694895524,20.72267304093781,20.930937531838076,21.741082297732557,20.694574795454866,21.030272799534877,21.764001559545815,20.662920377997633,21.12248438656615,21.777912383610563,20.629563400158915,21.20792919668962],[21.361318085009565,20.845618588397784,21.865996754964105,21.281542835554674,20.87123074485053,21.849230890647497,21.194767850880314,20.894280726370248,21.823332334486903,21.10046324302793,20.912898570701106,21.78724238079822,20.998116362900173,20.92519559179965,21.739883663744614,20.887302823333027,20.929372046894624,21.68026423851528,20.767799632543507,20.923871020010758,21.60763520745946,20.639751260358107,20.90758809589994,21.521710046547412,20.50389446032159,20.88013928370028,21.422943944266812,20.361835135816598,20.84217381019756,21.31285183757352,20.216347272273374,20.795691056164507,21.194312386587246,20.071629071675506,20.744282846722864,21.071764911536913,19.9334108201403,20.69318298105695,20.95117090872219,19.808780866389,20.64898833105456,2