{"data":[{"type":"contour","x":[-10.0,-9.797979797979798,-9.595959595959595,-9.393939393939394,-9.191919191919192,-8.98989898989899,-8.787878787878787,-8.585858585858587,-8.383838383838384,-8.181818181818182,-7.979797979797979,-7.777777777777778,-7.575757575757576,-7.373737373737374,-7.171717171717171,-6.96969696969697,-6.767676767676768,-6.565656565656566,-6.363636363636363,-6.161616161616162,-5.959595959595959,-5.757575757575758,-5.555555555555555,-5.353535353535354,-5.151515151515151,-4.94949494949495,-4.747474747474747,-4.545454545454546,-4.343434343434343,-4.141414141414141,-3.9393939393939394,-3.737373737373737,-3.5353535353535355,-3.333333333333333,-3.1313131313131315,-2.929292929292929,-2.7272727272727275,-2.525252525252525,-2.3232323232323235,-2.121212121212121,-1.9191919191919187,-1.717171717171718,-1.5151515151515156,-1.3131313131313131,-1.1111111111111107,-0.9090909090909083,-0.7070707070707076,-0.5050505050505052,-0.30303030303030276,-0.10101010101010033,0.10101010101010033,0.30303030303030276,0.5050505050505052,0.7070707070707076,0.9090909090909083,1.1111111111111107,1.3131313131313131,1.5151515151515156,1.717171717171718,1.9191919191919187,2.121212121212121,2.3232323232323235,2.525252525252526,2.7272727272727266,2.929292929292929,3.1313131313131315,3.333333333333334,3.5353535353535346,3.737373737373737,3.9393939393939394,4.141414141414142,4.343434343434344,4.545454545454545,4.747474747474747,4.94949494949495,5.151515151515152,5.353535353535353,5.555555555555555,5.757575757575758,5.95959595959596,6.161616161616163,6.363636363636363,6.565656565656564,6.767676767676768,6.969696969696969,7.171717171717173,7.373737373737374,7.575757575757574,7.777777777777779,7.979797979797979,8.181818181818183,8.383838383838384,8.585858585858585,8.787878787878789,8.98989898989899,9.19191919191919,9.393939393939394,9.595959595959595,9.7979797979798,10.0],"y":[-10.0,-9.797979797979798,-9.595959595959595,-9.393939393939394,-9.191919191919192,-8.98989898989899,-8.787878787878787,-8.585858585858587,-8.383838383838384,-8.181818181818182,-7.979797979797979,-7.777777777777778,-7.575757575757576,-7.373737373737374,-7.171717171717171,-6.96969696969697,-6.767676767676768,-6.565656565656566,-6.363636363636363,-6.161616161616162,-5.959595959595959,-5.757575757575758,-5.555555555555555,-5.353535353535354,-5.151515151515151,-4.94949494949495,-4.747474747474747,-4.545454545454546,-4.343434343434343,-4.141414141414141,-3.9393939393939394,-3.737373737373737,-3.5353535353535355,-3.333333333333333,-3.1313131313131315,-2.929292929292929,-2.7272727272727275,-2.525252525252525,-2.3232323232323235,-2.121212121212121,-1.9191919191919187,-1.717171717171718,-1.5151515151515156,-1.3131313131313131,-1.1111111111111107,-0.9090909090909083,-0.7070707070707076,-0.5050505050505052,-0.30303030303030276,-0.10101010101010033,0.10101010101010033,0.30303030303030276,0.5050505050505052,0.7070707070707076,0.9090909090909083,1.1111111111111107,1.3131313131313131,1.5151515151515156,1.717171717171718,1.9191919191919187,2.121212121212121,2.3232323232323235,2.525252525252526,2.7272727272727266,2.929292929292929,3.1313131313131315,3.333333333333334,3.5353535353535346,3.737373737373737,3.9393939393939394,4.141414141414142,4.343434343434344,4.545454545454545,4.747474747474747,4.94949494949495,5.151515151515152,5.353535353535353,5.555555555555555,5.757575757575758,5.95959595959596,6.161616161616163,6.363636363636363,6.565656565656564,6.767676767676768,6.969696969696969,7.171717171717173,7.373737373737374,7.575757575757574,7.777777777777779,7.979797979797979,8.181818181818183,8.383838383838384,8.585858585858585,8.787878787878789,8.98989898989899,9.19191919191919,9.393939393939394,9.595959595959595,9.7979797979798,10.0],"z":[[12.880422217787395,10.992340115421092,9.034448388809775,7.0899553358951,7.64214715481084,9.328671413175112,10.787622323048371,11.968829260593877,12.836069370377338,13.368093495484779,13.558953447848596,13.417639149568279,12.967065003036302,12.24247307335054,11.289345071331496,10.160934688992132,8.915545782703669,7.613689716372608,6.565165565537359,7.803591427355028,8.931153341805466,9.904776872070762,10.690775080998266,11.265944742727577,11.618120130455008,11.746177717275803,11.659511533922434,11.377023720216105,10.925696845042065,10.338832861953865,9.654057317978387,8.911196074768693,8.150135019319347,7.408770985145313,6.721154585817277,6.764508875988505,7.26539517435596,7.647414606637569,7.903908410859178,8.036014086341494,8.052181955072736,7.967302626140544,7.801502361773076,7.578679704370556,7.324869110038093,7.06652516602484,6.828823896220965,6.634075573761341,6.500336504180861,6.440295797808657,6.460497818010677,6.560942564786922,6.735085674771442,6.970238037635107,7.248343347843021,7.547091332260315,7.841305966996818,8.10453266480338,8.310736969574888,8.43602033891112,8.460256510583918,8.368554875505643,8.152465111688073,7.810849719810507,7.350367461847091,6.785530258232744,6.74210431847865,7.443064312248637,8.163721327293946,8.866178530099598,9.51055003367104,10.0570099763552,10.467932811125195,10.710016584427482,10.756278727376813,10.587817100151977,10.195237672020507,9.579663969887154,8.75326172055561,7.7392341498862685,6.57126819503179,7.5879839249773084,8.92682102950391,10.269081136239024,11.55487408293152,12.72368850567494,13.717220548098016,14.482216518187812,14.973194705123836,15.154913043808191,15.004457131848412,14.512837047145014,13.686000977765602,12.545198080624118,11.126651211154911,9.480530993194694,7.6692547606801735,7.115256469617855,9.032744155825148,10.880422217787395],[10.992340115421092,9.104258013054789,7.146366286443472,5.201873233528797,5.754065052444537,7.44058931080881,8.89954022068207,10.080747158227574,10.947987268011033,11.480011393118474,11.670871345482293,11.529557047201976,11.078982900669999,10.354390970984237,9.401262968965193,8.272852586625827,7.027463680337366,5.7256076140063055,4.677083463171056,5.915509324988725,7.043071239439162,8.01669476970446,8.802692978631963,9.377862640361272,9.730038028088705,9.858095614909498,9.771429431556129,9.488941617849802,9.037614742675762,8.450750759587564,7.765975215612084,7.02311397240239,6.262052916953044,5.520688882779011,4.833072483450974,4.876426773622202,5.377313071989657,5.759332504271266,6.015826308492875,6.14793198397519,6.164099852706434,6.079220523774241,5.913420259406773,5.690597602004253,5.43678700767179,5.178443063658537,4.940741793854662,4.745993471395038,4.612254401814559,4.552213695442354,4.572415715644374,4.672860462420619,4.847003572405139,5.082155935268804,5.3602612454767185,5.6590092298940124,5.953223864630515,6.2164505624370765,6.4226548672085855,6.547938236544818,6.572174408217615,6.48047277313934,6.26438300932177,5.9227676174442045,5.462285359480788,4.897448155866441,4.854022216112347,5.5549822098823345,6.275639224927643,6.978096427733295,7.622467931304737,8.168927873988896,8.579850708758894,8.821934482061181,8.868196625010508,8.699734997785672,8.307155569654203,7.691581867520852,6.865179618189308,5.851152047519966,4.683186092665487,5.699901822611006,7.038738927137608,8.380999033872719,9.666791980565218,10.835606403308638,11.829138445731713,12.59413441582151,13.085112602757533,13.266830941441889,13.116375029482109,12.624754944778712,11.797918875399299,10.657115978257815,9.238569108788607,7.592448890828392,5.781172658313871,5.2271743672515525,7.144662053458845,8.992340115421092],[9.034448388809775,7.146366286443472,5.188474559832155,3.24398150691748,3.7961733258332204,5.482697584197493,6.941648494070752,8.122855431616257,8.990095541399718,9.522119666507159,9.712979618870976,9.57166532059066,9.121091174058682,8.39649924437292,7.4433712423538765,6.314960860014511,5.069571953726049,3.7677158873949885,2.7191917365597393,3.957617598377408,5.085179512827845,6.0588030430931425,6.8448012520206465,7.419970913749956,7.772146301477388,7.900203888298182,7.813537704944813,7.531049891238485,7.079723016064445,6.492859032976246,5.808083489000767,5.065222245791073,4.304161190341727,3.5627971561676937,2.875180756839657,2.918535047010885,3.41942134537834,3.8014407776599493,4.057934581881558,4.190040257363873,4.206208126095117,4.121328797162924,3.955528532795456,3.7327058753929356,3.478895281060473,3.2205513370472194,2.9828500672433456,2.7881017447837215,2.654362675203241,2.5943219688310375,2.614523989033058,2.7149687358093018,2.8891118457938223,3.124264208657487,3.402369518865401,3.701117503282695,3.995332138019198,4.25855883582576,4.4647631405972685,4.590046509933501,4.614282681606298,4.522581046528023,4.306491282710453,3.964875890832887,3.504393632869471,2.9395564292551244,2.8961304895010302,3.597090483271017,4.317747498316326,5.020204701121978,5.66457620469342,6.2110361473775795,6.621958982147576,6.864042755449863,6.910304898399192,6.741843271174356,6.349263843042887,5.733690140909535,4.907287891577991,3.8932603209086487,2.7252943660541704,3.7420100959996887,5.080847200526291,6.423107307261403,7.7089002539539,8.87771467669732,9.871246719120396,10.636242689210192,11.127220876146216,11.308939214830572,11.158483302870792,10.666863218167395,9.840027148787982,8.699224251646498,7.2806773821772905,5.634557164217075,3.823280931702554,3.2692826406402355,5.186770326847528,7.034448388809775],[7.0899553358951,5.201873233528797,3.24398150691748,1.2994884540028058,1.8516802729185458,3.538204531282818,4.997155441156077,6.178362378701582,7.045602488485042,7.577626613592483,7.768486565956302,7.627172267675984,7.176598121144007,6.452006191458246,5.498878189439202,4.370467807099836,3.125078900811374,1.823222834480314,0.7746986836450646,2.0131245454627336,3.1406864599131703,4.114309990178468,4.900308199105972,5.475477860835281,5.827653248562713,5.955710835383507,5.869044652030138,5.58655683832381,5.13522996314977,4.548365980061571,3.863590436086092,3.1207291928763983,2.359668137427053,1.6183041032530192,0.9306877039249826,0.9740419940962103,1.4749282924636653,1.8569477247452744,2.1134415289668835,2.2455472044491986,2.2617150731804427,2.17683574424825,2.0110354798807815,1.788212822478261,1.5344022281457983,1.276058284132545,1.0383570143286707,0.8436086918690467,0.7098696222885668,0.6498289159163628,0.6700309361183829,0.7704756828946273,0.9446187928791479,1.179771155742812,1.4578764659507266,1.7566244503680204,2.0508390851045233,2.3140657829110847,2.5202700876825936,2.645553457018826,2.669789628691623,2.578087993613349,2.3619982297957782,2.0203828379182127,1.559900579954796,0.9950633763404495,0.9516374365863556,1.6525974303563424,2.373254445401651,3.075711648207304,3.720083151778746,4.266543094462905,4.677465929232901,4.919549702535188,4.9658118454845175,4.797350218259681,4.404770790128212,3.78919708799486,2.9627948386633163,1.948767267993974,0.7808013131394956,1.797517043085014,3.136354147611616,4.478614254346728,5.7644072010392255,6.933221623782646,7.926753666205721,8.691749636295517,9.182727823231541,9.364446161915897,9.213990249956117,8.72237016525272,7.895534095873307,6.7547311987318235,5.336184329262616,3.6900641113023998,1.878787878787879,1.324789587725561,3.242277273932854,5.0899553358951],[7.64214715481084,5.754065052444537,3.7961733258332204,1.8516802729185458,2.4038720918342857,4.090396350198558,5.5493472600718174,6.730554197617322,7.5977943074007825,8.129818432508223,8.320678384872043,8.179364086591725,7.728789940059747,7.004198010373986,6.051070008354942,4.922659626015577,3.6772707197271144,2.375414653396054,1.3268905025608047,2.5653163643784733,3.6928782788289105,4.666501809094208,5.452500018021712,6.027669679751021,6.3798450674784535,6.507902654299247,6.421236470945878,6.13874865723955,5.687421782065511,5.100557798977311,4.415782255001831,3.672921011792138,2.9118599563427927,2.170495922168759,1.4828795228407226,1.5262338130119502,2.0271201113794053,2.4091395436610146,2.6656333478826237,2.7977390233649384,2.8139068920961825,2.72902756316399,2.5632272987965212,2.340404641394001,2.0865940470615385,1.8282501030482847,1.5905488332444107,1.3958005107847868,1.2620614412043067,1.2020207348321028,1.222222755034123,1.3226675018103673,1.4968106117948878,1.7319629746585523,2.0100682848664664,2.3088162692837604,2.6030309040202635,2.866257601826825,3.0724619065983334,3.197745275934566,3.2219814476073627,3.1302798125290887,2.914190048711518,2.5725746568339525,2.1120923988705362,1.5472551952561895,1.5038292555020956,2.2047892492720824,2.9254462643173906,3.6279034671230437,4.272274970694486,4.818734913378645,5.229657748148641,5.471741521450928,5.518003664400258,5.349542037175421,4.956962609043952,4.3413889069106,3.5149866575790565,2.500959086909714,1.3329931320552357,2.349708862000754,3.688545966527356,5.030806073262468,6.316599019954966,7.485413442698386,8.47894548512146,9.243941455211257,9.734919642147283,9.916637980831638,9.766182068871856,9.27456198416846,8.447725914789046,7.306923017647564,5.888376148178356,4.242255930218139,2.430979697703619,1.876981406641301,3.7944690928485936,5.64214715481084],[9.328671413175112,7.44058931080881,5.482697584197493,3.538204531282818,4.090396350198558,5.776920608562831,7.23587151843609,8.417078455981596,9.284318565765055,9.816342690872496,10.007202643236315,9.865888344955998,9.41531419842402,8.69072226873826,7.737594266719214,6.609183884379849,5.363794978091387,4.061938911760326,3.013414760925077,4.251840622742746,5.379402537193183,6.35302606745848,7.139024276385984,7.714193938115294,8.066369325842725,8.19442691266352,8.10776072931015,7.825272915603823,7.373946040429783,6.787082057341584,6.102306513366104,5.35944527015641,4.598384214707066,3.8570201805330315,3.169403781204995,3.2127580713762227,3.713644369743678,4.095663802025287,4.352157606246896,4.484263281729211,4.5004311504604555,4.415551821528263,4.249751557160794,4.026928899758273,3.773118305425811,3.5147743614125573,3.2770730916086834,3.0823247691490594,2.948585699568579,2.8885449931963754,2.9087470133983957,3.0091917601746396,3.18333487015916,3.418487233022825,3.696592543230739,3.995340527648033,4.289555162384536,4.552781860191097,4.7589861649626055,4.884269534298839,4.908505705971635,4.816804070893362,4.6007143070757905,4.259098915198225,3.798616657234809,3.2337794536204623,3.190353513866368,3.891313507636355,4.611970522681663,5.314427725487317,5.958799229058759,6.505259171742917,6.916182006512914,7.158265779815201,7.20452792276453,7.036066295539694,6.643486867408225,6.027913165274873,5.201510915943329,4.187483345273987,3.0195173904195083,4.036233120365027,5.375070224891628,6.717330331626741,8.003123278319238,9.171937701062658,10.165469743485733,10.93046571357553,11.421443900511555,11.60316223919591,11.452706327236129,10.961086242532733,10.134250173153319,8.993447276011835,7.574900406542628,5.928780188582412,4.117503956067892,3.5635056650055734,5.480993351212867,7.328671413175113],[10.787622323048371,8.89954022068207,6.941648494070752,4.997155441156077,5.5493472600718174,7.23587151843609,8.69482242830935,9.876029365854855,10.743269475638314,11.275293600745755,11.466153553109574,11.324839254829257,10.87426510829728,10.149673178611518,9.196545176592473,8.068134794253108,6.822745887964646,5.5208898216335855,4.472365670798336,5.710791532616005,6.838353447066442,7.81197697733174,8.597975186259244,9.173144847988553,9.525320235715984,9.653377822536779,9.56671163918341,9.284223825477081,8.832896950303041,8.246032967214843,7.561257423239363,6.818396180029669,6.057335124580325,5.315971090406291,4.628354691078254,4.671708981249482,5.172595279616937,5.554614711898546,5.811108516120155,5.94321419160247,5.959382060333715,5.874502731401522,5.708702467034053,5.485879809631532,5.23206921529907,4.973725271285817,4.736024001481942,4.541275679022318,4.407536609441839,4.3474959030696345,4.367697923271654,4.468142670047899,4.642285780032419,4.877438142896084,5.1555434531039985,5.454291437521292,5.748506072257795,6.011732770064357,6.217937074835865,6.343220444172098,6.367456615844894,6.275754980766621,6.05966521694905,5.718049825071484,5.257567567108068,4.692730363493721,4.649304423739627,5.350264417509614,6.070921432554922,6.773378635360576,7.417750138932018,7.9642100816161765,8.375132916386173,8.61721668968846,8.66347883263779,8.495017205412953,8.102437777281484,7.486864075148132,6.660461825816588,5.646434255147246,4.478468300292767,5.495184030238286,6.834021134764887,8.1762812415,9.462074188192497,10.630888610935918,11.624420653358992,12.389416623448788,12.880394810384814,13.06211314906917,12.911657237109388,12.420037152405992,11.593201083026578,10.452398185885095,9.033851316415888,7.387731098455671,5.576454865941151,5.022456574878833,6.939944261086126,8.787622323048371],[11.968829260593877,10.080747158227574,8.122855431616257,6.178362378701582,6.730554197617322,8.417078455981596,9.876029365854855,11.057236303400359,11.924476413183818,12.456500538291259,12.647360490655078,12.506046192374761,12.055472045842784,11.330880116157022,10.377752114137978,9.249341731798612,8.00395282551015,6.70209675917909,5.653572608343841,6.89199847016151,8.019560384611946,8.993183914877244,9.779182123804748,10.354351785534057,10.70652717326149,10.834584760082283,10.747918576728914,10.465430763022587,10.014103887848547,9.427239904760349,8.742464360784869,7.999603117575175,7.238542062125829,6.497178027951795,5.809561628623759,5.852915918794987,6.353802217162442,6.735821649444051,6.99231545366566,7.124421129147975,7.1405889978792185,7.055709668947026,6.889909404579558,6.667086747177038,6.413276152844575,6.154932208831322,5.917230939027447,5.722482616567823,5.588743546987343,5.528702840615139,5.548904860817159,5.649349607593404,5.823492717577924,6.058645080441589,6.336750390649503,6.635498375066797,6.9297130098033,7.192939707609861,7.39914401238137,7.524427381717603,7.5486635533904,7.456961918312125,7.2408721544945545,6.899256762616989,6.438774504653573,5.873937301039226,5.830511361285132,6.531471355055119,7.2521283701004275,7.95458557290608,8.598957076477522,9.14541701916168,9.556339853931679,9.798423627233966,9.844685770183293,9.676224142958457,9.283644714826988,8.668071012693638,7.841668763362093,6.8276411926927505,5.659675237838272,6.6763909677837905,8.015228072310393,9.357488179045504,10.643281125738003,11.812095548481423,12.805627590904498,13.570623560994294,14.061601747930318,14.243320086614673,14.092864174654894,13.601244089951496,12.774408020572084,11.6336051234306,10.215058253961391,8.568938036001176,6.757661803486656,6.203663512424337,8.12115119863163,9.968829260593877],[12.836069370377338,10.947987268011033,8.990095541399718,7.045602488485042,7.5977943074007825,9.284318565765055,10.743269475638314,11.924476413183818,12.79171652296728,13.32374064807472,13.514600600438538,13.37328630215822,12.922712155626243,12.198120225940482,11.24499222392144,10.116581841582073,8.87119293529361,7.569336868962551,6.520812718127301,7.75923857994497,8.886800494395407,9.860424024660706,10.646422233588208,11.221591895317518,11.573767283044951,11.701824869865744,11.615158686512375,11.332670872806048,10.881343997632008,10.294480014543808,9.609704470568328,8.866843227358634,8.10578217190929,7.364418137735256,6.676801738407219,6.720156028578447,7.221042326945902,7.603061759227511,7.8595555634491205,7.991661238931435,8.00782910766268,7.922949778730487,7.757149514363018,7.534326856960497,7.280516262628035,7.022172318614782,6.784471048810907,6.589722726351283,6.455983656770804,6.3959429503986,6.4161449706006195,6.516589717376864,6.690732827361384,6.925885190225049,7.203990500432964,7.502738484850257,7.79695311958676,8.06017981739332,8.26638412216483,8.391667491501064,8.415903663173859,8.324202028095586,8.108112264278015,7.766496872400449,7.306014614437033,6.7411774108226865,6.697751471068592,7.398711464838579,8.119368479883887,8.821825682689541,9.466197186260983,10.012657128945142,10.423579963715138,10.665663737017425,10.711925879966754,10.543464252741918,10.150884824610449,9.535311122477097,8.708908873145553,7.694881302476211,6.526915347621732,7.543631077567251,8.882468182093852,10.224728288828965,11.510521235521463,12.679335658264883,13.67286770068796,14.437863670777755,14.928841857713778,15.110560196398133,14.960104284438355,14.468484199734956,13.641648130355545,12.500845233214061,11.082298363744853,9.436178145784636,7.624901913270116,7.070903622207798,8.98839130841509,10.836069370377338],[13.368093495484779,11.480011393118474,9.522119666507159,7.577626613592483,8.129818432508223,9.816342690872496,11.275293600745755,12.456500538291259,13.32374064807472,13.85576477318216,14.046624725545978,13.905310427265661,13.454736280733684,12.730144351047922,11.77701634902888,10.648605966689514,9.403217060401051,8.101360994069992,7.052836843234742,8.29126270505241,9.418824619502848,10.392448149768146,11.178446358695648,11.753616020424959,12.105791408152392,12.233848994973185,12.147182811619816,11.864694997913489,11.413368122739449,10.826504139651249,10.141728595675769,9.398867352466075,8.63780629701673,7.8964422628426965,7.20882586351466,7.252180153685888,7.753066452053343,8.135085884334952,8.391579688556561,8.523685364038876,8.53985323277012,8.454973903837928,8.289173639470459,8.066350982067938,7.812540387735476,7.554196443722223,7.316495173918348,7.121746851458724,6.9880077818782445,6.92796707550604,6.94816909570806,7.048613842484305,7.222756952468825,7.45790931533249,7.736014625540404,8.034762609957697,8.328977244694201,8.592203942500761,8.79840824727227,8.923691616608505,8.9479277882813,8.856226153203027,8.640136389385455,8.29852099750789,7.838038739544474,7.273201535930127,7.229775596176033,7.9307355899460195,8.651392604991328,9.353849807796982,9.998221311368424,10.544681254052582,10.955604088822579,11.197687862124866,11.243950005074195,11.075488377849359,10.68290894971789,10.067335247584538,9.240932998252994,8.226905427583652,7.058939472729173,8.075655202674692,9.414492307201293,10.756752413936406,12.042545360628903,13.211359783372323,14.2048918257954,14.969887795885196,15.460865982821218,15.642584321505574,15.492128409545796,15.000508324842396,14.173672255462986,13.032869358321502,11.614322488852293,9.968202270892077,8.156926038377556,7.602927747315238,9.520415433522532,11.368093495484779],[13.558953447848596,11.670871345482293,9.712979618870976,7.768486565956302,8.320678384872043,10.007202643236315,11.466153553109574,12.647360490655078,13.514600600438538,14.046624725545978,14.237484677909798,14.09617037962948,13.645596233097503,12.921004303411742,11.967876301392698,10.839465919053332,9.59407701276487,8.29222094643381,7.24369679559856,8.48212265741623,9.609684571866666,10.583308102131964,11.369306311059468,11.944475972788776,12.29665136051621,12.424708947337002,12.338042763983633,12.055554950277307,11.604228075103267,11.017364092015068,10.332588548039588,9.589727304829895,8.828666249380548,8.087302215206515,7.399685815878478,7.443040106049707,7.943926404417161,8.32594583669877,8.58243964092038,8.714545316402695,8.730713185133938,8.645833856201746,8.480033591834278,8.257210934431757,8.003400340099294,7.745056396086041,7.5073551262821665,7.3126068038225425,7.178867734242063,7.118827027869859,7.139029048071879,7.239473794848124,7.413616904832644,7.648769267696308,7.926874577904223,8.225622562321517,8.51983719705802,8.783063894864581,8.98926819963609,9.114551568972322,9.13878774064512,9.047086105566844,8.830996341749275,8.489380949871709,8.028898691908292,7.464061488293946,7.420635548539852,8.121595542309839,8.842252557355147,9.5447097601608,10.189081263732241,10.7355412064164,11.146464041186398,11.388547814488685,11.434809957438013,11.266348330213177,10.873768902081707,10.258195199948357,9.431792950616813,8.41776537994747,7.249799425092991,8.26651515503851,9.605352259565112,10.947612366300223,12.233405312992723,13.402219735736143,14.395751778159218,15.160747748249014,15.651725935185038,15.833444273869393,15.682988361909613,15.191368277206216,14.364532207826803,13.22372931068532,11.805182441216111,10.159062223255896,8.347785990741375,7.793787699679057,9.71127538588635,11.558953447848596],[13.417639149568279,11.529557047201976,9.57166532059066,7.627172267675984,8.179364086591725,9.865888344955998,11.324839254829257,12.506046192374761,13.37328630215822,13.905310427265661,14.09617037962948,13.954856081349163,13.504281934817186,12.779690005131425,11.82656200311238,10.698151620773015,9.452762714484553,8.150906648153493,7.102382497318243,8.340808359135913,9.468370273586348,10.441993803851647,11.22799201277915,11.803161674508459,12.155337062235892,12.283394649056685,12.196728465703316,11.91424065199699,11.46291377682295,10.876049793734751,10.191274249759271,9.448413006549577,8.687351951100231,7.945987916926198,7.258371517598161,7.301725807769389,7.802612106136844,8.184631538418452,8.441125342640063,8.573231018122378,8.58939888685362,8.504519557921428,8.338719293553961,8.11589663615144,7.862086041818977,7.603742097805724,7.366040828001849,7.171292505542225,7.037553435961746,6.977512729589542,6.9977147497915615,7.098159496567806,7.272302606552326,7.507454969415991,7.785560279623906,8.0843082640412,8.378522898777703,8.641749596584264,8.847953901355773,8.973237270692005,8.997473442364802,8.905771807286527,8.689682043468958,8.348066651591392,7.887584393627975,7.3227471900136285,7.279321250259534,7.980281244029522,8.70093825907483,9.403395461880482,10.047766965451924,10.594226908136083,11.005149742906081,11.247233516208368,11.293495659157696,11.12503403193286,10.73245460380139,10.11688090166804,9.290478652336496,8.276451081667153,7.108485126812674,8.125200856758193,9.464037961284795,10.806298068019906,12.092091014712405,13.260905437455826,14.2544374798789,15.019433449968696,15.51041163690472,15.692129975589076,15.541674063629296,15.050053978925899,14.223217909546486,13.082415012405002,11.663868142935794,10.017747924975579,8.206471692461058,7.65247340139874,9.569961087606032,11.417639149568279],[12.967065003036302,11.078982900669999,9.121091174058682,7.176598121144007,7.728789940059747,9.41531419842402,10.87426510829728,12.055472045842784,12.922712155626243,13.454736280733684,13.645596233097503,13.504281934817186,13.053707788285209,12.329115858599447,11.375987856580403,10.247577474241037,9.002188567952576,7.700332501621515,6.651808350786266,7.890234212603935,9.017796127054371,9.99141965731967,10.777417866247173,11.352587527976482,11.704762915703915,11.832820502524708,11.746154319171339,11.463666505465012,11.012339630290972,10.425475647202774,9.740700103227294,8.9978388600176,8.236777804568254,7.4954137703942205,6.807797371066184,6.851151661237412,7.352037959604867,7.734057391886476,7.990551196108085,8.1226568715904,8.138824740321644,8.053945411389451,7.888145147021983,7.665322489619463,7.411511895287,7.153167951273747,6.915466681469872,6.720718359010248,6.5869792894297685,6.526938583057564,6.547140603259584,6.647585350035829,6.821728460020349,7.056880822884014,7.334986133091928,7.633734117509222,7.927948752245725,8.191175450052286,8.397379754823795,8.522663124160028,8.546899295832825,8.45519766075455,8.23910789693698,7.8974925050594145,7.437010247095998,6.872173043481651,6.828747103727557,7.529707097497544,8.250364112542853,8.952821315348505,9.597192818919947,10.143652761604105,10.554575596374104,10.79665936967639,10.842921512625718,10.674459885400882,10.281880457269413,9.666306755136063,8.839904505804519,7.825876935135176,6.657910980280697,7.674626710226216,9.013463814752818,10.355723921487929,11.641516868180428,12.810331290923848,13.803863333346923,14.568859303436719,15.059837490372743,15.241555829057098,15.091099917097319,14.599479832393921,13.772643763014509,12.631840865873025,11.213293996403817,9.567173778443602,7.755897545929081,7.201899254866762,9.119386941074055,10.967065003036302],[12.24247307335054,10.354390970984237,8.39649924437292,6.452006191458246,7.004198010373986,8.69072226873826,10.149673178611518,11.330880116157022,12.198120225940482,12.730144351047922,12.921004303411742,12.779690005131425,12.329115858599447,11.604523928913686,10.651395926894642,9.522985544555276,8.277596638266814,6.975740571935754,5.927216421100504,7.165642282918173,8.29320419736861,9.266827727633908,10.052825936561412,10.62799559829072,10.980170986018154,11.108228572838946,11.021562389485577,10.73907457577925,10.28774770060521,9.700883717517012,9.016108173541532,8.273246930331839,7.512185874882492,6.770821840708459,6.083205441380422,6.126559731551651,6.627446029919105,7.009465462200715,7.265959266422324,7.3980649419046385,7.414232810635882,7.32935348170369,7.163553217336221,6.9407305599337015,6.686919965601239,6.428576021587985,6.1908747517841105,5.9961264293244865,5.862387359744007,5.802346653371803,5.822548673573823,5.922993420350068,6.097136530334588,6.332288893198252,6.610394203406167,6.909142187823461,7.203356822559964,7.466583520366525,7.672787825138034,7.798071194474266,7.822307366147063,7.730605731068788,7.514515967251218,7.172900575373653,6.712418317410236,6.14758111379589,6.104155174041796,6.805115167811783,7.525772182857091,8.228229385662743,8.872600889234185,9.419060831918344,9.829983666688342,10.07206743999063,10.118329582939957,9.94986795571512,9.557288527583651,8.941714825450301,8.115312576118757,7.101285005449414,5.933319050594935,6.950034780540454,8.288871885067056,9.631131991802167,10.916924938494667,12.085739361238087,13.079271403661162,13.844267373750958,14.335245560686982,14.516963899371337,14.366507987411557,13.87488790270816,13.048051833328747,11.907248936187264,10.488702066718055,8.84258184875784,7.031305616243319,6.477307325181001,8.394795011388293,10.24247307335054],[11.289345071331496,9.401262968965193,7.4433712423538765,5.498878189439202,6.051070008354942,7.737594266719214,9.196545176592473,10.377752114137978,11.24499222392144,11.77701634902888,11.967876301392698,11.82656200311238,11.375987856580403,10.651395926894642,9.698267924875598,8.569857542536234,7.3244686362477704,6.02261256991671,4.97408841908146,6.212514280899129,7.340076195349567,8.313699725614864,9.099697934542368,9.674867596271678,10.02704298399911,10.155100570819904,10.068434387466535,9.785946573760206,9.334619698586167,8.747755715497966,8.062980171522488,7.3201189283127945,6.559057872863448,5.817693838689415,5.130077439361378,5.173431729532607,5.674318027900061,6.056337460181671,6.31283126440328,6.4449369398855945,6.461104808616838,6.376225479684646,6.210425215317177,5.9876025579146575,5.733791963582195,5.475448019568941,5.2377467497650665,5.0429984273054425,4.909259357724963,4.849218651352759,4.869420671554779,4.969865418331024,5.144008528315544,5.379160891179208,5.657266201387123,5.956014185804417,6.2502288205409195,6.513455518347481,6.71965982311899,6.844943192455222,6.869179364128019,6.777477729049744,6.561387965232174,6.219772573354609,5.759290315391192,5.194453111776846,5.151027172022752,5.851987165792739,6.572644180838047,7.275101383643699,7.919472887215141,8.465932829899302,8.876855664669296,9.118939437971584,9.165201580920915,8.996739953696078,8.604160525564609,7.988586823431256,7.1621845740997125,6.14815700343037,4.980191048575891,5.99690677852141,7.335743883048012,8.678003989783125,9.963796936475621,11.132611359219041,12.126143401642118,12.891139371731914,13.382117558667938,13.563835897352293,13.413379985392513,12.921759900689116,12.094923831309703,10.95412093416822,9.535574064699013,7.889453846738796,6.078177614224275,5.524179323161957,7.441667009369249,9.289345071331496],[10.160934688992132,8.272852586625827,6.314960860014511,4.370467807099836,4.922659626015577,6.609183884379849,8.068134794253108,9.249341731798612,10.116581841582073,10.648605966689514,10.839465919053332,10.698151620773015,10.247577474241037,9.522985544555276,8.569857542536234,7.4414471601968675,6.196058253908405,4.894202187577345,3.8456780367420955,5.084103898559764,6.211665813010201,7.185289343275499,7.971287552203003,8.546457213932312,8.898632601659745,9.026690188480538,8.940024005127169,8.657536191420842,8.206209316246802,7.619345333158602,6.934569789183122,6.1917085459734285,5.430647490524084,4.68928345635005,4.001667057022013,4.0450213471932415,4.545907645560696,4.927927077842305,5.184420882063915,5.316526557546229,5.332694426277474,5.247815097345281,5.082014832977812,4.859192175575291,4.605381581242829,4.347037637229576,4.109336367425701,3.9145880449660777,3.7808489753855974,3.7208082690133937,3.741010289215414,3.841455035991658,4.0155981459761785,4.250750508839843,4.528855819047758,4.827603803465051,5.121818438201554,5.385045136008116,5.591249440779624,5.716532810115857,5.740768981788653,5.64906734671038,5.432977582892809,5.091362191015243,4.630879933051827,4.066042729437481,4.022616789683386,4.723576783453373,5.444233798498681,6.146691001304335,6.791062504875777,7.337522447559936,7.748445282329932,7.990529055632219,8.036791198581549,7.868329571356712,7.475750143225243,6.860176441091891,6.033774191760347,5.019746621091005,3.8517806662365266,4.868496396182045,6.207333500708646,7.549593607443759,8.835386554136257,10.004200976879677,10.997733019302753,11.76272898939255,12.253707176328572,12.435425515012927,12.284969603053149,11.79334951834975,10.966513448970339,9.825710551828855,8.407163682359647,6.76104346439943,4.94976723188491,4.395768940822592,6.313256627029885,8.160934688992132],[8.915545782703669,7.027463680337366,5.069571953726049,3.125078900811374,3.6772707197271144,5.363794978091387,6.822745887964646,8.00395282551015,8.87119293529361,9.403217060401051,9.59407701276487,9.452762714484553,9.002188567952576,8.277596638266814,7.3244686362477704,6.196058253908405,4.950669347619943,3.6488132812888825,2.6002891304536333,3.838714992271302,4.966276906721739,5.9399004369870365,6.7258986459145405,7.30106830764385,7.653243695371282,7.781301282192076,7.694635098838707,7.412147285132379,6.960820409958339,6.37395642687014,5.689180882894661,4.946319639684967,4.185258584235621,3.4438945500615876,2.756278150733551,2.799632440904779,3.300518739272234,3.682538171553843,3.9390319757754524,4.071137651257767,4.087305519989011,4.002426191056818,3.83662592668935,3.6138032692868296,3.359992674954367,3.1016487309411134,2.8639474611372395,2.6691991386776155,2.535460069097135,2.4754193627249315,2.495621382926952,2.5960661297031957,2.7702092396877163,3.005361602551381,3.283466912759295,3.582214897176589,3.876429531913092,4.1396562297196535,4.3458605344911625,4.471143903827395,4.495380075500192,4.403678440421917,4.187588676604347,3.845973284726781,3.385491026763365,2.8206538231490184,2.777227883394924,3.478187877164911,4.19884489221022,4.901302095015872,5.545673598587314,6.092133541271473,6.50305637604147,6.745140149343757,6.791402292293086,6.62294066506825,6.230361236936781,5.614787534803429,4.788385285471885,3.7743577148025427,2.6063917599480644,3.6231074898935827,4.961944594420185,6.304204701155297,7.589997647847794,8.758812070591215,9.75234411301429,10.517340083104086,11.00831827004011,11.190036608724466,11.039580696764686,10.547960612061289,9.721124542681876,8.580321645540392,7.1617747760711845,5.515654558110969,3.7043783255964478,3.1503800345341295,5.067867720741422,6.915545782703669],[7.613689716372608,5.7256076140063055,3.7677158873949885,1.823222834480314,2.375414653396054,4.061938911760326,5.5208898216335855,6.70209675917909,7.569336868962551,8.101360994069992,8.29222094643381,8.150906648153493,7.700332501621515,6.975740571935754,6.02261256991671,4.894202187577345,3.6488132812888825,2.3469572149578224,1.2984330641225728,2.536858925940242,3.6644208403906786,4.638044370655976,5.42404257958348,5.999212241312789,6.351387629040222,6.479445215861015,6.392779032507646,6.1102912188013185,5.658964343627279,5.072100360539079,4.3873248165636,3.6444635733539066,2.8834025179045613,2.1420384837305275,1.4544220844024909,1.4977763745737187,1.9986626729411736,2.3806821052227827,2.637175909444392,2.769281584926707,2.785449453657951,2.7005701247257585,2.5347698603582898,2.3119472029557695,2.0581366086233066,1.7997926646100533,1.562091394806179,1.367343072346555,1.233604002766075,1.1735632963938711,1.1937653165958912,1.2942100633721356,1.4683531733566562,1.7035055362203204,1.981610846428235,2.280358830845529,2.5745734655820316,2.837800163388593,3.044004468160102,3.1692878374963342,3.1935240091691313,3.1018223740908573,2.8857326102732865,2.544117218395721,2.0836349604323043,1.5187977568179578,1.4753718170638639,2.176331810833851,2.896988825879159,3.5994460286848122,4.243817532256254,4.790277474940413,5.201200309710409,5.4432840830126965,5.489546225962026,5.3210845987371895,4.92850517060572,4.312931468472368,3.4865292191408246,2.472501648471482,1.3045356936170038,2.321251423562522,3.6600885280891244,5.002348634824236,6.288141581516734,7.456956004260154,8.45048804668323,9.215484016773026,9.70646220370905,9.888180542393405,9.737724630433625,9.246104545730228,8.419268476350815,7.278465579209332,5.859918709740124,4.213798491779908,2.402522259265387,1.8485239682030694,3.766011654410362,5.613689716372608],[6.565165565537359,4.677083463171056,2.7191917365597393,0.7746986836450646,1.3268905025608047,3.013414760925077,4.472365670798336,5.653572608343841,6.520812718127301,7.052836843234742,7.24369679559856,7.102382497318243,6.651808350786266,5.927216421100504,4.97408841908146,3.8456780367420955,2.6002891304536333,1.2984330641225728,0.24990891328732334,1.4883347751049922,2.6158966895554294,3.5895202198207268,4.37551842874823,4.95068809047754,5.302863478204972,5.430921065025766,5.344254881672397,5.061767067966069,4.610440192792029,4.02357620970383,3.3388006657283507,2.595939422518657,1.8348783670693116,1.0935143328952779,0.4058979335672413,0.44925222373846907,0.9501385221059241,1.332157954387533,1.5886517586091427,1.7207574340914573,1.7369253028227014,1.652045973890509,1.4862457095230401,1.2634230521205199,1.009612457788057,0.7512685137748036,0.5135672439709296,0.31881892151130553,0.1850798519308255,0.12503914555862167,0.14524116576064172,0.24568591253688604,0.4198290225214066,0.654981385385071,0.9330866955929853,1.2318346800102793,1.5260493147467824,1.7892760125533433,1.9954803173248523,2.120763686661085,2.1449998583338816,2.0532982232556076,1.837208459438037,1.4955930675604714,1.035110809597055,0.47027360598270834,0.4268476662286144,1.1278076599986013,1.8484646750439095,2.5509218778495626,3.1952933814210045,3.7417533241051637,4.15267615887516,4.394759932177447,4.441022075126776,4.27256044790194,3.879981019770471,3.264407317637119,2.4380050683055754,1.423977497636233,0.2560115427817544,1.272727272727273,2.611564377253875,3.953824483988987,5.239617430681484,6.408431853424904,7.40196389584798,8.166959865937777,8.657938052873801,8.839656391558156,8.689200479598377,8.19758039489498,7.370744325515566,6.229941428374082,4.811394558904874,3.1652743409446584,1.3539981084301376,0.7999998173678199,2.7174875035751125,4.565165565537359],[7.803591427355028,5.915509324988725,3.957617598377408,2.0131245454627336,2.5653163643784733,4.251840622742746,5.710791532616005,6.89199847016151,7.75923857994497,8.29126270505241,8.48212265741623,8.340808359135913,7.890234212603935,7.165642282918173,6.212514280899129,5.084103898559764,3.838714992271302,2.536858925940242,1.4883347751049922,2.7267606369226614,3.854322551373098,4.8279460816383954,5.613944290565899,6.189113952295209,6.541289340022641,6.669346926843435,6.582680743490066,6.300192929783738,5.848866054609698,5.262002071521499,4.57722652754602,3.834365284336326,3.0733042288869807,2.331940194712947,1.6443237953849104,1.6876780855561382,2.188564383923593,2.570583816205202,2.8270776204268113,2.9591832959091264,2.9753511646403705,2.890471835708178,2.7246715713407093,2.501848913938189,2.248038319605726,1.9896943755924728,1.7519931057885985,1.5572447833289744,1.4235057137484945,1.3634650073762906,1.3836670275783107,1.484111774354555,1.6582548843390756,1.89340724720274,2.1715125574106544,2.4702605418279484,2.764475176564451,3.0277018743710125,3.2339061791425214,3.3591895484787537,3.3834257201515507,3.2917240850732767,3.075634321255706,2.7340189293781405,2.273536671414724,1.7086994678003773,1.6652735280462834,2.3662335218162704,3.0868905368615787,3.7893477396672317,4.433719243238674,4.980179185922832,5.391102020692829,5.633185793995116,5.679447936944445,5.510986309719609,5.11840688158814,4.502833179454788,3.676430930123244,2.6624033594539016,1.4944374045994233,2.5111531345449416,3.849990239071544,5.192250345806656,6.478043292499153,7.646857715242