{"data":[{"type":"contour","x":[0.0,0.10101010101010101,0.20202020202020202,0.30303030303030304,0.40404040404040403,0.5050505050505051,0.6060606060606061,0.7070707070707071,0.8080808080808081,0.9090909090909091,1.0101010101010102,1.1111111111111112,1.2121212121212122,1.3131313131313131,1.4141414141414141,1.5151515151515151,1.6161616161616161,1.7171717171717171,1.8181818181818181,1.9191919191919191,2.0202020202020203,2.121212121212121,2.2222222222222223,2.323232323232323,2.4242424242424243,2.525252525252525,2.6262626262626263,2.727272727272727,2.8282828282828283,2.9292929292929295,3.0303030303030303,3.1313131313131315,3.2323232323232323,3.3333333333333335,3.4343434343434343,3.5353535353535355,3.6363636363636362,3.7373737373737375,3.8383838383838382,3.9393939393939394,4.040404040404041,4.141414141414141,4.242424242424242,4.343434343434343,4.444444444444445,4.545454545454546,4.646464646464646,4.747474747474747,4.848484848484849,4.94949494949495,5.05050505050505,5.151515151515151,5.252525252525253,5.353535353535354,5.454545454545454,5.555555555555555,5.656565656565657,5.757575757575758,5.858585858585859,5.959595959595959,6.0606060606060606,6.161616161616162,6.262626262626263,6.363636363636363,6.4646464646464645,6.565656565656566,6.666666666666667,6.767676767676767,6.8686868686868685,6.96969696969697,7.070707070707071,7.171717171717172,7.2727272727272725,7.373737373737374,7.474747474747475,7.575757575757576,7.6767676767676765,7.777777777777778,7.878787878787879,7.97979797979798,8.080808080808081,8.181818181818182,8.282828282828282,8.383838383838384,8.484848484848484,8.585858585858587,8.686868686868687,8.787878787878787,8.88888888888889,8.98989898989899,9.090909090909092,9.191919191919192,9.292929292929292,9.393939393939394,9.494949494949495,9.595959595959595,9.696969696969697,9.797979797979798,9.8989898989899,10.0],"y":[0.0,0.10101010101010101,0.20202020202020202,0.30303030303030304,0.40404040404040403,0.5050505050505051,0.6060606060606061,0.7070707070707071,0.8080808080808081,0.9090909090909091,1.0101010101010102,1.1111111111111112,1.2121212121212122,1.3131313131313131,1.4141414141414141,1.5151515151515151,1.6161616161616161,1.7171717171717171,1.8181818181818181,1.9191919191919191,2.0202020202020203,2.121212121212121,2.2222222222222223,2.323232323232323,2.4242424242424243,2.525252525252525,2.6262626262626263,2.727272727272727,2.8282828282828283,2.9292929292929295,3.0303030303030303,3.1313131313131315,3.2323232323232323,3.3333333333333335,3.4343434343434343,3.5353535353535355,3.6363636363636362,3.7373737373737375,3.8383838383838382,3.9393939393939394,4.040404040404041,4.141414141414141,4.242424242424242,4.343434343434343,4.444444444444445,4.545454545454546,4.646464646464646,4.747474747474747,4.848484848484849,4.94949494949495,5.05050505050505,5.151515151515151,5.252525252525253,5.353535353535354,5.454545454545454,5.555555555555555,5.656565656565657,5.757575757575758,5.858585858585859,5.959595959595959,6.0606060606060606,6.161616161616162,6.262626262626263,6.363636363636363,6.4646464646464645,6.565656565656566,6.666666666666667,6.767676767676767,6.8686868686868685,6.96969696969697,7.070707070707071,7.171717171717172,7.2727272727272725,7.373737373737374,7.474747474747475,7.575757575757576,7.6767676767676765,7.777777777777778,7.878787878787879,7.97979797979798,8.080808080808081,8.181818181818182,8.282828282828282,8.383838383838384,8.484848484848484,8.585858585858587,8.686868686868687,8.787878787878787,8.88888888888889,8.98989898989899,9.090909090909092,9.191919191919192,9.292929292929292,9.393939393939394,9.494949494949495,9.595959595959595,9.696969696969697,9.797979797979798,9.8989898989899,10.0],"z":[[-0.0,-0.0,-0.0,-0.0,-0.0,-0.0,-0.0,-0.0,-0.0,-0.0,-0.0,-0.0,-0.0,-0.0,-0.0,-0.0,-0.0,-0.0,-0.0,-0.0,-0.0,-0.0,-0.0,-0.0,-0.0,-0.0,-0.0,-0.0,-0.0,-0.0,-0.0,-0.0,0.0,0.0,0.0,0.0,0.0,0.0,0.0,0.0,0.0,0.0,0.0,0.0,0.0,0.0,0.0,0.0,0.0,0.0,0.0,0.0,0.0,0.0,0.0,0.0,0.0,0.0,0.0,0.0,0.0,0.0,0.0,-0.0,-0.0,-0.0,-0.0,-0.0,-0.0,-0.0,-0.0,-0.0,-0.0,-0.0,-0.0,-0.0,-0.0,-0.0,-0.0,-0.0,-0.0,-0.0,-0.0,-0.0,-0.0,-0.0,-0.0,-0.0,-0.0,-0.0,-0.0,-0.0,-0.0,-0.0,0.0,0.0,0.0,0.0,0.0,0.0],[-0.0,-0.0010271097979949616,-0.0028902973565169032,-0.005264660564860558,-0.00800874240700217,-0.011020164027827913,-0.014212237253003955,-0.017506214088852726,-0.020828195251324802,-0.024107883073640625,-0.027278191161022005,-0.030275292072125145,-0.033038899942223254,-0.03551267853918766,-0.03764471019441261,-0.03938798449130176,-0.04070087872322061,-0.041547609998521695,-0.04189864391178443,-0.04173104816543458,-0.04102878208258439,-0.039782914971426254,-0.03799176799570006,-0.03566097569767122,-0.03280346468144164,-0.029439348236495154,-0.025595736886766,-0.021306466000245945,-0.016611742691939015,-0.011557715297947038,-0.006195969686845809,-0.0005829576007891047,0.005220636923494895,0.011150586221302664,0.017139855221475157,0.023119377078671937,0.029018859555330526,0.03476761307512413,0.04029539105670604,0.045533232930937785,0.05041430014890607,0.05487469550299773,0.05885425620911068,0.06229731143354861,0.06515339529091156,0.0673779067858141,0.06893270871686673,0.06978665820026934,0.06991606219577391,0.06930505222189297,0.06794587332138088,0.06583908327271722,0.06299365902839531,0.05942700838549095,0.055164885947006116,0.05024121350224547,0.04469780602915616,0.03858400558920511,0.03195622643408354,0.024877415661565577,0.017416434733756283,0.009647368093705318,0.001648765975435076,-0.006497170712000248,-0.014705454842827986,-0.02288921767945272,-0.030960643913990542,-0.038831927026572954,-0.0464162345399474,-0.05362867256251411,-0.06038723894045765,-0.06661375438546831,-0.07223476110785343,-0.07718237876446403,-0.08139510792438237,-0.08481857175905785,-0.08740618727262622,-0.08911975809643262,-0.0899299816721022,-0.0898168645316341,-0.08877004034174532,-0.08678898640301672,-0.0838831353714902,-0.0800718800897978,-0.07538447056470875,-0.06985980329581197,-0.06354610433330639,-0.056500508608808675,-0.04878853922900919,-0.04048349153533424,-0.0316657278012391,-0.022421889450520514,-0.012844034623780079,-0.003028709785304414,0.006924035160697563,0.016911678096244245,0.026830291535813622,0.036575633908402384,0.04604425374692521,0.05513459503435393],[-0.0,-0.0028902973565169032,-0.008133325984618424,-0.014814808059741537,-0.022536682108543905,-0.031010852997597375,-0.039993379327834915,-0.04926266344883822,-0.05861075202810723,-0.06783982672055468,-0.07676110573297386,-0.0851949780000733,-0.0929717984889701,-0.09993303647284667,-0.10593259510731434,-0.11083818660475549,-0.11453268424785944,-0.11691539461773454,-0.11790320759890915,-0.11743159147414425,-0.1154554076164927,-0.11194952496891097,-0.10690921926918862,-0.10035034617623059,-0.09230928128467865,-0.0828426235945029,-0.07202666239416486,-0.059956610751297906,-0.046745611894051714,-0.032523527706815984,-0.017435521345340294,-0.0016404485828207932,0.014690925087821872,0.03137786236871532,0.048231725891836066,0.06505816085607119,0.0816593641942052,0.09783641472372241,0.1133916378544601,0.12813097784761224,0.1418663503507419,0.15441794797557015,0.16561647203933655,0.17530526425313983,0.18334231310521132,0.189602110943582,0.19397733929794228,0.19638036177839735,0.19674450593013235,0.1950251176857976,0.19120037451729474,0.18527184601890476,0.17726479342570858,0.1672282024546853,0.1552345468190835,0.14137928277698483,0.12578007809911781,0.10857578184534077,0.08992514429030919,0.07000529920360853,0.049010023435850716,0.02714779135883463,0.004639644125309367,-0.01828310407552502,-0.04138129861245168,-0.06441048997955981,-0.08712356501257619,-0.10927343527679179,-0.13061575330326727,-0.15091162682269094,-0.1699303009451143,-0.1874517783627742,-0.20326934811275452,-0.2171919942231055,-0.2290466566734129,-0.23868031851833893,-0.24596189473652771,-0.2507839003603865,-0.25306387769437444,-0.2527455649173861,-0.24979979106275063,-0.24422508524901756,-0.23604799106566113,-0.22532308016792607,-0.2121326623706036,-0.1965861928168138,-0.1788193800994232,-0.15899300249368406,-0.1372914426843178,-0.11392095450317667,-0.08910767820029515,-0.06309542361825624,-0.03614324329549941,-0.00852281995869459,0.019484304950124164,0.04758963315437026,0.07550071165898893,0.10292420362920539,0.12956899559065863,0.1551493078846132],[-0.0,-0.005264660564860558,-0.014814808059741537,-0.0269850905105803,-0.04105044115690305,-0.056486096314977516,-0.07284771808271573,-0.0897316675719623,-0.10675915894378754,-0.12356986718248376,-0.13981992730135054,-0.15518217874359583,-0.16934761402504872,-0.18202747030824082,-0.19295563300341573,-0.20189114064094713,-0.2086206475564775,-0.21296074124735045,-0.2147600371003261,-0.21390099095124948,-0.2103013830421069,-0.2039154372922221,-0.19473454848424557,-0.18278759761271535,-0.1681408426210233,-0.15089737827292493,-0.13119616508318493,-0.1092106331251134,-0.08514687215970936,-0.05924142488735742,-0.03175870518914918,-0.002988067972724352,0.026759438366017168,0.057154601843899075,0.08785382054388914,0.11850307827637167,0.14874207785419746,0.17820848544941464,0.20654223789511134,0.233389863742001,0.25840876838786764,0.2812714336746891,0.30166948299311674,0.31931756414093615,0.33395700393904365,0.3453591908971996,0.3533286450184249,0.357705737105784,0.3583690236535301,0.35523716752626217,0.348270419110382,0.33747163741314545,0.32288683563380033,0.3046052409834636,0.28275886392786426,0.25752157751036175,0.2291077129211061,0.19777018295062934,0.16379815034156592,0.1275142632703531,0.08927148519298243,0.0494495510185694,0.008451085977859082,-0.03330257241962605,-0.07537580534282275,-0.11732334937585218,-0.15869508926393827,-0.19904095479706874,-0.23791586841914086,-0.274884689189843,-0.30952709836012954,-0.34144237205709366,-0.3702539874110953,-0.3956140098912755,-0.4172072116326623,-0.4347548731200963,-0.4480182237160095,-0.4568014801495475,-0.4609544461867471,-0.4603746412332798,-0.4550089305355453,-0.4448546348911595,-0.42996010330076756,-0.4104247377309798,-0.38639846505179626,-0.3580806571978404,-0.3257185066164794,-0.28960487004215946,-0.2500755995099338,-0.20750638522775136,-0.16230914040371164,-0.11492796331049836,-0.06583471670654854,-0.015524269167937246,0.03549055313403914,0.08668425219262674,0.13752412650337006,0.18747586465267782,0.23600920506559048,0.2826036016826545],[-0.0,-0.00800874240700217,-0.022536682108543905,-0.04105044115690305,-0.062447028610693435,-0.08592815992416246,-0.11081789640085506,-0.13650221177243743,-0.16240488689352806,-0.18797778571659837,-0.21269781163032034,-0.23606727924875145,-0.2576161181253602,-0.27690505451143915,-0.2935292677782226,-0.3071222008957796,-0.3173593067354891,-0.32396157329460157,-0.32669871025204394,-0.325391906282648,-0.3199160864922996,-0.3102016150832065,-0.296235401568668,-0.2780613804897364,-0.25578034520136894,-0.22954912621452753,-0.19957911397951453,-0.16613413496066823,-0.12952769841242717,-0.09011963941481185,-0.04831219143309683,-0.004545528888963872,0.040707173081567675,0.08694510840789273,0.13364558066729595,0.18027005096717244,0.22627042559354085,0.2710955126399794,0.31419757439034846,0.355038900625596,0.39309832727723676,0.427877624966776,0.4589076829513291,0.48575441583172335,0.5080243230520314,0.5253696347011536,0.5374929813813409,0.5441515308903757,0.5451605401204075,0.540396276846438,0.5297982728935178,0.513370877459923,0.491184087054556,0.46337363649654295,0.43014034363577675,0.391748708794478,0.3485247783094523,0.3008532898795223,0.2491741255998261,0.19397810650266772,0.13580217003411715,0.07522397909049688,0.012856017937387026,-0.050660763540865496,-0.11466369033176106,-0.1784754158225215,-0.24141121265331952,-0.3027864219876268,-0.36192397994752573,-0.4181619385007048,-0.4708608975284923,-0.5194112651616861,-0.5632402647442906,-0.6018186089656007,-0.6346667647695025,-0.6613607365777028,-0.6815373001125717,-0.6948986246280324,-0.70121622759734,-0.7003342128004856,-0.6921717502296836,-0.6767247642106364,-0.6540668045357823,-0.6243490841343353,-0.5877996757693781,-0.5447218693582591,-0.4954917006608399,-0.4405546711713648,-0.38042168798488246,-0.31566426109016166,-0.24690900387225712,-0.17483149049696742,-0.10014953120812921,-0.023615933314452605,0.05398917830138807,0.1318664020218269,0.20920537807600198,0.28519329765623136,0.35902351267763627,0.4299041545572791],[-0.0,-0.011020164027827913,-0.031010852997597375,-0.056486096314977516,-0.08592815992416246,-0.11823859088610122,-0.15248728620470064,-0.1878293354245418,-0.22347185132621206,-0.25866058950449144,-0.29267576023881203,-0.3248325400814196,-0.3544841042048753,-0.38102600455505725,-0.40390120114939027,-0.4226053053597845,-0.43669173488774615,-0.44577656453256637,-0.4495429109456152,-0.44774472674101795,-0.4402099067643252,-0.4268426309885117,-0.4076248866840732,-0.382617128517208,-0.3519580498367711,-0.3158634520592067,-0.2746242119936143,-0.22860335928486647,-0.1782322879312437,-0.12400613704488984,-0.06647838662797502,-0.006254724075756963,0.05601375367945896,0.11963792907542294,0.18389856305781782,0.24805461706774554,0.3113519049516578,0.37303197739118626,0.4323411380917903,0.48853948876329517,0.540909898896534,0.5887667965008666,0.6314646773171866,0.6684062325474502,0.6990499988193846,0.7229174388958688,0.7395993674924332,0.7487616434214004,0.750150057064324,0.743594350802003,0.7290113194103782,0.7064069474593057,0.675877551320355,0.637609904383784,0.5918803353830031,0.5390528012026456,0.47957594707684087,0.4139791785393475,0.3428677807391906,0.2669171316582578,0.18686606623812493,0.10350945832374157,0.017690096548845652,-0.06971006128343198,-0.15777916322883304,-0.24558516897476323,-0.33218588217675776,-0.4166392007795617,-0.49801347351849634,-0.5753978487862491,-0.6479125012832804,-0.7147186223618351,-0.7750280617256989,-0.8281125111480125,-0.8733121250916637,-0.9100434785215583,-0.9378067687327335,-0.9561921756176742,-0.9648853033831012,-0.963671636212609,-0.952439950658258,-0.9311846385237796,-0.9000069055585527,-0.8591148232922109,-0.808822223676354,-0.7495464387298324,-0.681804899972279,-0.6062106249402452,-0.5234666303752226,-0.4343593236180527,-0.33975093520811417,-0.2405710665411961,-0.13780743656565897,-0.032495920778769394,0.07429001588173853,0.1814503833672418,0.28787011302618243,0.392430766291216,0.4940223818530206,0.5915553352451101],[-0.0,-0.014212237253003955,-0.039993379327834915,-0.07284771808271573,-0.11081789640085506,-0.15248728620470064,-0.19665637318422724,-0.24223551222892326,-0.28820215038506575,-0.3335835706942984,-0.37745149094093433,-0.4189227234254687,-0.4571630856542943,-0.49139304665758116,-0.5208942156408025,-0.5450161040239311,-0.5631827735937824,-0.5748990923336186,-0.5797563892544341,-0.5774373474982673,-0.5677200103609055,-0.550480802825295,-0.525696494639632,-0.493445051617936,-0.4539053406785545,-0.4073556717379549,-0.3541711762562387,-0.29482003813972285,-0.22985860789622223,-0.15992544539809986,-0.085734350284433,-0.00806645185064953,0.07223855785753694,0.15429195320363182,0.2371661621428117,0.3199054987355489,0.40153732114819274,0.48108348952458396,0.5575719937814179,0.6300486185352843,0.6975885110424392,0.7593075182394265,0.8143731607135007,0.8620151146900188,0.9015350778668438,0.9323159011043457,0.9538298755291688,0.965646073450647,0.967436651526319,0.9589820357396722,0.940174919848982,0.9110230218996815,0.8716505570232916,0.8222983989244312,0.7633229170281955,0.6951934910626186,0.6184887197213109,0.5338913548244661,0.442182006907639,0.34423168225438416,0.24099322489261005,0.13349174984257434,0.022814165791531803,-0.08990210375996152,-0.20348108210786686,-0.3167207564673923,-0.4284060162510153,-0.5373218724720008,-0.6422668140841213,-0.7420661544753884,-0.8355852203445083,-0.9217422358230218,-0.9995207569657629,-1.0679815156014683,-1.1262735369805703,-1.1736444026275217,-1.2094495382324766,-1.233160416217774,-1.244371573688837,-1.2428063587129383,-1.2283213311356278,-1.2009092583044938,-1.1607006609738473,-1.1079638801536118,-1.0431036515757097,-0.966658190610638,-0.8792948067013994,-0.7818040825151591,-0.6750926688692446,-0.5601747618933434,-0.43816234367424567,-0.3102542816293797,-0.17772439491406286,-0.04190860813836006,0.09580867658362838,0.2340088488294535,0.37125385194321514,0.5061012832318255,0.6371196727616335,0.7629037781609943],[-0.0,-0.017506214088852726,-0.04926266344883822,-0.0897316675719623,-0.13650221177243743,-0.1878293354245418,-0.24223551222892326,-0.29837854952119636,-0.35499889677413665,-0.41089838996770234,-0.4649335984854891,-0.5160166378042559,-0.563119986566014,-0.6052834415456277,-0.6416221101801198,-0.6713347398488374,-0.6937119068711542,-0.7081437222526105,-0.7141267971390749,-0.7112702699968853,-0.6993007411132987,-0.6780659944321052,-0.6475374156152398,-0.6078110406496862,-0.5591071925226181,-0.5017686851692376,-0.43625759444256457,-0.36315061545055655,-0.28313304431688974,-0.19699144023243137,-0.1056050405104758,-0.009936017146423979,0.0889813219981759,0.19005227093286217,0.29213427380872503,0.3940501449117038,0.4946018127581505,0.5925844335626755,0.6868007140130483,0.7760752797828009,0.8592689245777781,0.9352925747679359,1.0031208067999908,1.0618047585999024,1.110484282016305,1.148399190966544,1.1748994692463377,1.1894543128538022,1.1916598940425693,1.1812457480242322,1.1580796981395318,1.1221712512488797,1.0736734118825808,1.0128828811557633,0.9402386244008643,0.8563188097037138,0.7618361378461491,0.6576316023551635,0.5446667362330676,0.4240144192947141,0.2968483366713671,0.1644311947681379,0.028101815604064682,-0.11073875614674837,-0.25064198711281854,-0.3901272734473688,-0.5276978778170631,-0.6618572126728238,-0.7911252921946187,-0.9140551721082496,-1.0292491953538365,-1.1353748623669353,-1.2311801475166317,-1.3155080880109136,-1.3873104782868604,-1.4456605114890242,-1.4897642200200831,-1.5189705792199724,-1.5327801518705266,-1.5308521662919454,-1.5130099371384929,-1.4792445554425446,-1.4297167928143215,-1.3647571837843773,-1.2848642698733965,-1.1907010088785297,-1.0830893728626376,-0.9630031782052216,-0.8315592106050714,-0.6900067269003843,-0.5397154337832017,-0.3821620607296807,-0.2189156605530055,-0.05162178573122943,0.11801429809990961,0.28824518852079467,0.4572995298157895,0.6234006129490104,0.7847851955347485,0.9397223415235408],[-0.0,-0.020828195251324802,-0.05861075202810723,-0.10675915894378754,-0.16240488689352806,-0.22347185132621206,-0.28820215038506575,-0.35499889677413665,-0.4223635275159133,-0.48887051485060257,-0.5531594506389041,-0.613936013267592,-0.6699776988097482,-0.7201420957677993,-0.7633763942660873,-0.7987272958961789,-0.8253507566596971,-0.8425211549577191,-0.8496395788103058,-0.8462409967550275,-0.8320001287187763,-0.8067358741093262,-0.7704141887285894,-0.7231493323632849,-0.6652034365155137,-0.5969843675315357,-0.5190418848304218,-0.4320621172489417,-0.3368604027805905,-0.23437255817712044,-0.1256446649236885,-0.011821476882200761,0.10586642770918314,0.22611661132762673,0.3475697065973026,0.4688251449101106,0.5884575086023681,0.705033322595907,0.8171280950643582,0.9233434125163283,1.0223238927426332,1.1127737993782028,1.193473124380482,1.2632929495011054,1.321209904778368,1.3663195511327235,1.3978485252115591,1.4151652975856504,1.4177894101098734,1.4053990745670304,1.3778370324400744,1.3351145946123222,1.2774137997710282,1.2050876510684339,1.1186584119480316,1.018813963736911,0.9064022493977557,0.7824238494842143,0.6480227576097018,0.5044754433838973,0.35317831056111726,0.1956336768565041,0.03343441930662141,-0.13175255501884908,-0.2982038388922697,-0.46415786891369476,-0.6278338867043884,-0.7874513120929508,-0.941249316983006,-1.087506384791481,-1.2245596388969762,-1.3508237244672197,-1.4648090313461841,-1.565139051351789,-1.6505666713151215,-1.7199892134071793,-1.77246204664971,-1.8072106078696355,-1.8236406865858699,-1.8213468462461704,-1.800118873673641,-1.7599461693339555,-1.7010200128762458,-1.6237336611009106,-1.5286802588238997,-1.416648566788819,-1.2886165345700022,-1.1457427700530978,-0.9893559803172162,-0.8209424813192492,-0.6421318954478004,-0.4546811765311891,-0.26045712102162216,-0.06141754162121994,0.14040870463466693,0.3429426280459414,0.5440767402363292,0.7416971836626546,0.9337061228649737,1.1180441591736037],[-0.0,-0.024107883073640625,-0.06783982672055468,-0.12356986718248376,-0.18797778571659837,-0.25866058950449144,-0.3335835706942984,-0.41089838996770234,-0.48887051485060257,-0.5658499484932177,-0.6402620676524416,-0.710608741850102,-0.7754749669837513,-0.8335384430426032,-0.8835805806541808,-0.9244979713720257,-0.9553136647798227,-0.9751877801077083,-0.9834270983892988,-0.9794933625175068,-0.9630100725664367,-0.9337676111472906,-0.8917265733314639,-0.8370192106916451,-0.7699489309655814,-0.6909878247048862,-0.6007722185635814,-0.5000962818669834,-0.38990373886846563,-0.27127776362883216,-0.14542915765178324,-0.013682932150144623,0.12253656305025654,0.26172180359925995,0.4022993708998567,0.5426481574180878,0.6811182937364395,0.8160505842714035,0.9457962312286878,1.068736621544015,1.1833029493067038,1.287995446514465,1.3814019979607752,1.4622159215830326,1.5292527036449213,1.5814654886069266,1.6179591363451322,1.6380026743747118,1.641039989761028,1.6266986242751713,1.5947965568684839,1.5453468794795213,1.4785602953081654,1.3948453927422322,1.2948066728379786,1.1792403333649144,1.0491278376495945,0.9056273215123357,0.7500629162058181,0.5839120891594504,0.40879112723949446,0.2264389088931269,0.038699131708390955,-0.1524988196394878,-0.34516016358490476,-0.537245954172137,-0.7266950279514018,-0.9114464277414658,-1.0894620586739068,-1.2587493275358586,-1.4173835147502825,-1.563529629408679,-1.6954635016041748,-1.8115918728761553,-1.9104712548141767,-1.9908253376924696,-2.051560745301687,-2.091780948769096,-2.110798170943278,-2.108143133671359,-2.0835725228001922,-2.037074069751963,-1.96886917380587,-1.87941301549232,-1.7693921384938607,-1.6397195048578737,-1.4915270558642195,-1.3261558382573884,-1.1451437824492958,-0.950211245430399,-0.7432444562054001,-0.5262770253174982,-0.3014697021762817,-0.07108858421041778,0.16251799990393256,0.3969436947434373,0.6297491586973036,0.8584876780742924,1.0807310841653148,1.294095697456536],[-0.0,-0.027278191161022005,-0.07676110573297386,-0.13981992730135054,-0.21269781163032034,-0.29267576023881203,-0.37745149094093433,-0.4649335984854891,-0.5531594506389041,-0.6402620676524416,-0.7244597553930735,-0.804057371676689,-0.8774538322321269,-0.9431529479350139,-0.9997758787707507,-1.0460741125228463,-1.0809422248730522,-1.1034298864986816,-1.1127527166466122,-1.1083016746882648,-1.0896507490605611,-1.0565627566319578,-1.0089931105272036,-0.9470914540671215,-0.8712010946356372,-0.7818562050704438,-0.6797767921865839,-0.5658614625769307,-0.44117804498895996,-0.3069521563298477,-0.16455382460143442,-0.015482306666861295,0.13865073846961992,0.29613953941041476,0.4552037650856233,0.6140091241529148,0.7706887810538042,0.923365347625996,1.07017320085808,1.209280871912738,1.3389132489978894,1.4573733370626356,1.5630633206361086,1.654504682380994,1.7303571390366923,1.789436168285851,1.830728914568258,1.8534082788344595,1.856845016497039,1.8406176891934225,1.8045203391899733,1.748567780081129,1.672998423599145,1.5782745895634342,1.46508027396482,1.334316378591001,1.1870934341408987,1.0247218771302593,0.8486999687428854,0.6606994708191046,0.46254922009146077,0.25621676628395773,0.04378826250660257,-0.1725531827597322,-0.39055046412321964,-0.6078965039620999,-0.8222590854481455,-1.0313062251470315,-1.2327318084465675,-1.4242812060870749,-1.6037765881697843,-1.7691416532364594,-1.9184254943505559,-2.0498253315365442,-2.1617078503852523,-2.252628900011518,-2.321351319725686,-2.3668606825912617,-2.3883787652961743,-2.385374577246074,-2.357572807250781,-2.3049595733526855,-2.2277853899516793,-2.126565296111264,-2.002076119467268,-1.8553508811760961,-1.6876703784989924,-1.5005520125839682,-1.2957359594406892,-1.0751688116715648,-0.840984846898838,-0.595485105698117,-0.3411144869128948,-0.08043709120102951,0.18388993570877452,0.44914379053103165,0.7125643459429494,0.9713831330755672,1.2228526668006634,1.4642758017385975],[-0.0,-0.030275292072125145,-0.0851949780000733,-0.15518217874359583,-0.23606727924875145,-0.3248325400814196,-0.4189227234254687,-0.5160166378042559,-0.613936013267592,-0.710608741850102,-0.804057371676689,-0.8924005124299087,-0.9738611660069417,-1.0467787544586067,-1.1096229422902841,-1.1610080411406474,-1.1997071718555379,-1.2246655908253363,-1.235012736059465,-1.2300726506073618,-1.2093725162963647,-1.1726490902838789,-1.1198528868594029,-1.0511499909080306,-0.966921429575496,-0.8677600661709054,-0.7544650158735114,-0.628033616699482,-0.4896510215433766,-0.34067750791092344,-0.1826336310932659,-0.017183373835989887,0.15388452916121842,0.3286768905178027,0.505217771183841,0.6814713431307583,0.855365658425859,1.0248170571002417,1.1877549369928797,1.3421466026936009,1.4860219078811678,1.6174974057937457,1.7347997262774153,1.8362879047991298,1.9204743989139192,1.9860445408378347,2.031874190860464,2.0570453751635673,2.060859712994682,2.0428494618469095,2.0027860350627416,1.9406858738312427,1.8568135845841542,1.7516822829998888,1.6260511168634328,1.4809199715627097,1.3175213936792154,1.1373097996008252,0.9419480669968171,0.7332916370030119,0.5133702837310128,0.28436773491441514,0.048599352827051995,-0.19151189223611098,-0.4334609029036333,-0.6746871190408809,-0.9126020792196996,-1.1446175810492205,-1.3681741332118658,-1.5807693865251622,-1.7799862292429742,-1.9635202331608497,-2.1292061419038055,-2.2750431010171326,-2.3992183410803296,-2.500129039912614,-2.5764021078909107,-2.6269116612787613,-2.6507939720550806,-2.647459708792554,-2.6166033113957847,-2.5582093726730455,-2.472555931464238,-2.3602146150442063,-2.2220476024124873,-2.059201414503782,-1.8730975719365357,-1.665420195284414,-1.4381006566328505,-1.1932994239995194,-0.9333852716918877,-0.6609120594979858,-0.378593311424469,-0.08927485019692548,0.20409423336920696,0.49849197699510944,0.7908549935096707,1.0781106376958527,1.3572095535963737,1.6251582559156879],[-0.0,-0.033038899942223254,-0.0929717984889701,-0.16934761402504872,-0.2576161181253602,-0.3544841042048753,-0.4571630856542943,-0.563119986566014,-0.6699776988097482,-0.7754749669837513,-0.8774538322321269,-0.9738611660069417,-1.0627577611693606,-1.1423314578704036,-1.2109122275876594,-1.2669878927007798,-1.3092195813165104,-1.3364562700690024,-1.3477479297915118,-1.3423569004145122,-1.3197672036854986,-1.2796915672664777,-1.2220759882618228,-1.14710171221947,-1.0551845474399038,-0.9469714753462036,-0.823334556441923,-0.6853621683666974,-0.5343476478720377,-0.37177544215331143,-0.19930490676689197,-0.018751917156888263,0.16793151159372952,0.35867937700713004,0.5513353711472319,0.7436778302766408,0.9334456736344925,1.11836503931841,1.2961763151847563,1.4646612560681442,1.6216698755366068,1.7651468008801956,1.8931567840776433,2.003909069060044,2.0957803266161683,2.1673358826471607,2.217348983028738,2.2448178588908205,2.248980379458675,2.2293261054656117,2.185605584265969,2.1178367578435657,2.0263083865975258,1.9115804247478605,1.7744813170755416,1.6161022211227183,1.4377881935475783,1.241126413671096,1.0279315509868157,0.8002284161518579,0.5602320663692648,0.31032556575347814,0.05303562890440737,-0.2089935988151995,-0.47302834819170864,-0.73627432446216,-0.9959067846670028,-1.249101268529572,-1.4930646476683809,-1.7250661519206427,-1.942468029256104,-2.1427554972346967,-2.323565649214532,-2.482714987511406,-2.6182252683693354,-2.7283473598053845,-2.8115828329832477,-2.866703030553333,-2.8927653811410052,-2.8891267576043864,-2.8554537075231297,-2.7917294172967373,-2.698257305877855,-2.575661180174532,-2.424881921141117,-2.247170707142891,-2.044078818919502,-1.81744410797677,-1.5693742470971694,-1.3022269174714962,-1.0185871213234672,-0.7212418414442702,-0.4131522994113262,-0.09742409209418901,0.22272448896631467,0.5439956288681448,0.8630463064444198,1.176523397383677,1.481099192538773,1.7735069534444792],[-0.0,-0.03551267853918766,-0.09993303647284667,-0.18202747030824082,-0.27690505451143915,-0.38102600455505725,-0.49139304665758116,-0.6052834415456277,-0.7201420957677993,-0.8335384430426032,-0.9431529479350139,-1.0467787544586067,-1.1423314578704036,-1.2278632133483613,-1.30157894944121,-1.3618532646428614,-1.407247039393238,-1.4365230677667802,-1.4486601874227196,-1.4428655061955753,-1.418584412102307,-1.3755081233671838,-1.313578593642539,-1.2329906391871395,-1.1341912018342437,-1.0178757055640335,-0.8849815061717557,-0.7366784732751399,-0.5743567818612358,-0.3996120267031647,-0.21422780715074616,-0.020155961825320957,0.18050533759468362,0.3855353972609647,0.5926164562704817,0.7993605044211325,1.0033371631484935,1.2021023157621535,1.3932271622772299,1.574327367028271,1.7430919639372424,1.8973116848246876,2.034906380503041,2.1539512125325126,2.252701305371167,2.329614564089383,2.3833723816833414,2.412897982112801,2.417372170269716,2.3962462878869077,2.3492522046200977,2.276409205854235,2.1780276728443524,2.0547094862295356,1.90734512036715,1.7371074329218794,1.5454421913013174,1.3340554144439996,1.104897644725483,0.8601452999470507,0.6021792891139992,0.3335611076145661,0.057006657113267314,-0.2246419373662928,-0.5084462163883013,-0.791402663133667,-1.0704750327863162,-1.342627384378864,-1.6048574548061874,-1.8542300082364311,-2.0879097916775082,-2.3031937290419484,-2.4975419916993116,-2.668607593173481,-2.8142641692482973,-2.932631622161994,-3.0220993286289706,-3.0813466359166246,-3.10936039787644,-3.1054493333976882,-3.069255022901248,-3.000759393872884,-2.9002885836763346,-2.768513106591277,-2.6064442917761834,-2.4154269992342368,-2.1971286614261856,-1.9535247384866932,-1.6868807146213682,-1.3997308017553367,-1.094853553446813,-0.7752446270612289,-0.44408696483171467,-0.10471869434404456,0.23940092416204498,0.584727152795683,0.9276666625944412,1.2646152649811229,1.5919960894963276,1.9062978015257024],[-0.0,-0.03764471019441261,-0.10593259510731434,-0.19295563300341573,-0.2935292677782226,-0.40390120114939027,-0.5208942156408025,-0.6416221101801198,-0.7633763942660873,-0.8835805806541808,-0.9997758787707507,-1.1096229422902841,-1.2109122275876594,-1.30157894944121,-1.3797202678698077,-1.4436131991064372,-1.4917322249135923,-1.522765862732527,-1.5356316439362332,-1.5294890744529388,-1.5037502457319316,-1.458087838040122,-1.3924403201715971,-1.307014204332816,-1.202283264862378,-1.0789846760674056,-0.9381120686373489,-0.7809055462347938,-0.6088387440981878,-0.42360304979086544,-0.22708914245584885,-0.02136604088499171,0.19134211785231087,0.40868131880172004,0.6281946524569978,0.8473507425407892,1.0635733007953814,1.2742714760578489,1.4768706534212868,1.6688433517486958,1.8477398642915208,2.011218287713306,2.1570735894299675,2.283265371808388,2.387944004327768,2.469474811173557,2.5264600217308386,2.557758214860837,2.562501014431319,2.5401068230434607,2.490291412936363,2.4130752273082656,2.3087872813975605,2.1780655902220385,2.0218540884691834,1.8413960472382895,1.6382240317231465,1.4141464830543344,1.171231045956786,0.9117848011904288,0.6383315975098635,0.3535867116985102,0.06042909671860215,-0.23812849318965854,-0.5389711858614716,-0.8389151459774605,-1.1347418453701634,-1.423233077962604,-1.7012063374170792,-1.9655501687043528,-2.21325910218357,-2.4414677804631726,-2.6474838942984253,-2.828819554029692,-2.983220737488615,-3.108694473761982,-3.2035334445253834,-3.2663377106181786,-3.2960333008640346,-3.2918874325457153,-3.25352016808208,-3.1809123499612526,-3.074409695460738,-2.9347229737136455,-2.7629242298218344,-2.560439063519101,-2.329035012888623,-2.0708061363717523,-1.7881539283045484,-1.4837647440231014,-1.1605839497391768,-0.8217870494699951,-0.47074807589516765,-0.11100556372194746,0.253773547394065,0.6198317084279563,0.9833598620799643,1.3405374394700234,1.6875728299006052,2.020743893015356],[-0.0,-0.03938798449130176,-0.11083818660475549,-0.20189114064094713,-0.3071222008957796,-0.4226053053597845,-0.5450161040239311,-0.6713347398488374,-0.7987272958961789,-0.9244979713720257,-1.0460741125228463,-1.1610080411406474,-1.2669878927007798,-1.3618532646428614,-1.4436131991064372,-1.5104649233368894,-1.5608122744637971,-1.5932830369908069,-1.6067446146707243,-1.600317591317503,-1.5733868331511727,-1.525609862715963,-1.4569222993811892,-1.3675402186470555,-1.2579593346844171,-1.1289509593197269,-0.9815547369009958,-0.8170681985707745,-0.6370332215707272,-0.4432195192754379,-0.237605325555716,-0.02235547259289252,0.20020290584195455,0.4276067836281578,0.6572854751892189,0.8865903797246754,1.1128259046422118,1.3332812200563655,1.545262484216184,1.746125171840105,1.9333061336590278,2.1043550160423874,2.256964674406624,2.3890002231352923,2.4985263778845446,2.583832763270981,2.6434568798619202,2.676204448889377,2.6811668809273113,2.657735645608328,2.6056133529782883,2.524821392931578,2.415704016945768,2.278928785628875,2.115483345974045,1.9266685432401378,1.7140879135886244,1.4796336445496223,1.2254691306064087,0.9540082902278175,0.6678918481024234,0.36996082171402717,0.06322748434198205,-0.24915589330485688,-0.5639301936536374,-0.8777641423889292,-1.1872901657695585,-1.4891410270604002,-1.779986842470995,-2.0565720698068617,-2.31575206029818,-2.5545287658282865,-2.770085200046914,-2.959818262576247,-3.1213695506087773,-3.2526538015135595,-3.351884633423492,-3.417597277937827,-3.448668029765196,-3.4443301720374677,-3.404186172791283,-3.3282159873569723,-3.216781342699478,-3.070625922684267,-2.8908714173343983,-2.6790094439293153,-2.436889392788358,-2.1667022952937836,-1.8709608556522679,-1.5524758305881852,-1.2143289821358583,-0.8598428674975183,-0.4925477661246828,-0.11614607735716423,0.26552544826188246,0.6485352548258171,1.0288978928764105,1.402615868289819,1.7657219861379896,2.1143217389091524],[-0.0,-0.04070087872322061,-0.11453268424785944,-0.2086206475564775,-0.3173593067354891,-0.43669173488774615,-0.5631827735937824,-0.6937119068711542,-0.8253507566596971,-0.9553136647798227,-1.0809422248730522,-1.1997071718555379,-1.3092195813165104,-1.407247039393238,-1.4917322249135923,-1.5608122744637971,-1.6128378213080181,-1.646390910777579,-1.6603011945265362,-1.6536599433574508,-1.6258315196336057,-1.5764620303195285,-1.5054849488265787,-1.4131235529599668,-1.299890080210642,-1.1665815520436946,-1.0142722666003012,-0.8443030047900366,-0.6582670382521975,-0.45799306907357684,-0.24552527031613378,-0.023100633113241318,0.20687613991797946,0.4418599241989519,0.679194347152204,0.9161425238784928,1.1499190113396942,1.377722621309692,1.5967697199513877,1.8043276337310774,1.9977477775815498,2.174498121818254,2.3321946192982557,2.468631223642562,2.5818081429250013,2.6699579909248756,2.731569519661079,2.7654086422432758,2.7705364838212776,2.746324230278226,2.692464578952834,2.6089796327150134,2.496225117754359,2.354890846045212,2.1859973851796584,1.9908889406508783,1.7712224982549027,1.5289533165859326,1.2663169011574271,0.9858076320225081,0.6901542554391822,0.3822924866909841,0.06533500521575664,-0.2574608456753133,-0.5827273143495757,-0.9070220872777346,-1.2268653415594513,-1.5387776025336406,-1.839317993545448,-2.1251224575163703,-2.3929415271314243,-2.639677222273612,-2.8624186598071746,-3.0584759718917005,-3.2254121446030553,-3.36107240859865,-3.463610837699087,-3.5315138393251466,-3.5636202524431955,-3.55913780370724,-3.517655710477899,-3.439153259949482,-3.3240042362980824,-3.172977112122837,-2.987230966015433,-2.7683071343701062,-2.518116652038514,-2.238923582635987,-1.933324384714647,-1.6042235041362638,-1.2548054253174112,-0.8885034541122855,-0.5089655424958607,-0.12001749949240693,0.27437603642862857,0.670152461348402,1.0631934813975552,1.44936835656406,1.8245776559751912,2.1847970590171792],[-0.0,-0.041547609998521695,-0.11691539461773454,-0.21296074124735045,-0.32396157329460157,-0.44577656453256637,-0.5748990923336186,-0.7081437222526105,-0.8425211549577191,-0.9751877801077083,-1.1034298864986816,-1.2246655908253363,-1.3364562700690024,-1.4365230677667802,-1.522765862732527,-1.5932830369908069,-1.646390910777579,-1.6806420306368532,-1.694841700577658,-1.6880622864192614,-1.65965492687269,-1.6092583665970213,-1.5368046950004925,-1.4425218349059816,-1.326932680269791,-1.1908508335995527,-1.0353729424761522,-0.8618676810921859,-0.6719614671262837,-0.46752104654288107,-0.2506331188878359,-0.02358121311912404,0.21117994129222792,0.4510522716090821,0.693324142718838,0.9352017322281795,1.173841649413086,1.4063844308024478,1.6299885325114525,1.8418644311245567,2.039308441048908,2.219735856864415,2.3807130342857463,2.519988032876521,2.635519457521126,2.725503153721726,2.7883964338583063,2.82293953739418,2.8281740573529714,2.803458097920427,2.74847796338473,2.663256216438574,2.548155983713498,2.4038814278659704,2.231474348130387,2.032306914527162,1.8080705843856257,1.560761293028712,1.2926610528880045,1.006316136498303,0.7045120582973572,0.3902456074821872,0.06669421892375403,-0.26281699908126865,-0.594850233006624,-0.925891556261675,-1.252388752548823,-1.5707899610544092,-1.877582721954627,-2.1693329931379814,-2.4427237061543297,-2.6945924312546845,-2.921967727991823,-3.1221037691628224,-3.2925128417929965,-3.4309953492374814,-3.535666963113363,-3.604982602426058,-3.6377569496275366,-3.6331812491079902,-3.590836172404973,-3.5107005758085754,-3.3931560196108377,-3.2389869635297095,-3.0493765993486535,-2.8258983290529125,-2.570502944202792,-2.2855016094476164,-1.9735447994376878,-1.6375973834267448,-1.2809100950779577,-0.9069876659133614,-0.5195539390219525,-0.12251431463722777,0.28008408938780766,0.6840941517011452,1.0853119024399478,1.4795206666721552,1.8625357299528014,2.230249050671606],[-0.0,-0.04189864391178443,-0.11790320759890915,-0.2147600371003261,-0.32669871025204394,-0.4495429109456152,-0.5797563892544341,-0.7141267971390749,-0.8496395788103058,-0.9834270983892988,-1.1127527166466122,-1.235012736059465,-1.3477479297915118,-1.4486601874227196,-1.5356316439362332,-1.6067446146707243,-1.6603011945265362,-1.694841700577658,-1.7091613428997026,-1.7023246497719084,-1.6736772777050632,-1.6228549191278996,-1.5497890896750781,-1.4547096378792936,-1.3381438756046824,-1.2009122794503613,-1.0441207625239646,-0.8691495628856087,-0.6776388397447207,-0.4714711111195553,-0.2527507069878391,-0.023780449742385478,0.21296419124540317,0.45486319223711863,0.6991820076354189,0.9431032101655585,1.1837593854214612,1.4182669104520338,1.643760233294271,1.8574262619730724,2.056538467575984,2.238490306621512,2.4008275730717474,2.541279299945491,2.6577868444703783,2.7485308089272817,2.811955471596938,2.846790428281787,2.8520691744674354,2.82714439099038,2.771699731737655,2.685757950033141,2.5696852405491772,2.4241917153812675,2.2503279758793115,2.0494777854673383,1.823346892522597,1.573948095936999,1.3035826887639008,1.0148184568817622,0.7104644494162135,0.3935427753032228,0.06725771541998185,-0.26503752824438415,-0.599876096229683,-0.9337143729354385,-1.2629701295461784,-1.5840614957338375,-1.8934463350574187,-2.187661591336007,-2.4633621703553152,-2.717358923137735,-2.9466553036675567,-3.1484822853696643,-3.3203311366928365,-3.45998367669776,-3.5655396563946278,-3.635440940468095,-3.6684921966747654,-3.663877836264569,-3.6211749878874895,-3.5403623291913493,-3.4218246442541655,-3.2663530206592357,-3.075140646924898,-2.849774218639952,-2.592221009516031,-2.304811711130029,-1.9902191918749563,-1.651433371053315,-1.2917324476327487,-0.9146507644564047,-0.5239436271982983,-0.12354943264520316,0.2824505074307211,0.689874032833185,1.0944816545445255,1.4920210711332902,1.878272211687858,2.2490923259366724],[-0.0,-0.04173104816543458,-0.11743159147414425,-0.21390099095124948,-0.325391906282648,-0.44774472674101795,-0.5774373474982673,-0.7112702699968853,-0.8462409967550275,-0.9794933625175068,-1.1083016746882648,-1.2300726506073618,-1.3423569004145122,-1.4428655061955753,-1.5294890744529388,-1.600317591317503,-1.6536599433574508,-1.6880622864192614,-1.7023246497719084,-1.6955153036076516,-1.6669825218295187,-1.6163634541067067,-1.543589890013251,-1.448890