{"data":[{"type":"contour","x":[-1.0,-0.9494949494949495,-0.898989898989899,-0.8484848484848485,-0.797979797979798,-0.7474747474747474,-0.696969696969697,-0.6464646464646464,-0.595959595959596,-0.5454545454545454,-0.4949494949494949,-0.4444444444444444,-0.3939393939393939,-0.3434343434343434,-0.29292929292929293,-0.24242424242424243,-0.19191919191919193,-0.14141414141414144,-0.09090909090909094,-0.04040404040404044,0.010101010101010166,0.06060606060606055,0.11111111111111116,0.16161616161616155,0.21212121212121215,0.26262626262626254,0.31313131313131315,0.36363636363636354,0.41414141414141414,0.46464646464646475,0.5151515151515151,0.5656565656565657,0.6161616161616161,0.6666666666666667,0.7171717171717171,0.7676767676767677,0.8181818181818181,0.8686868686868687,0.9191919191919191,0.9696969696969697,1.0202020202020203,1.0707070707070705,1.121212121212121,1.1717171717171717,1.2222222222222223,1.272727272727273,1.323232323232323,1.3737373737373737,1.4242424242424243,1.474747474747475,1.525252525252525,1.5757575757575757,1.6262626262626263,1.676767676767677,1.727272727272727,1.7777777777777777,1.8282828282828283,1.878787878787879,1.9292929292929295,1.9797979797979797,2.0303030303030303,2.080808080808081,2.1313131313131315,2.1818181818181817,2.2323232323232323,2.282828282828283,2.3333333333333335,2.3838383838383836,2.4343434343434343,2.484848484848485,2.5353535353535355,2.585858585858586,2.6363636363636362,2.686868686868687,2.7373737373737375,2.787878787878788,2.8383838383838382,2.888888888888889,2.9393939393939394,2.98989898989899,3.0404040404040407,3.090909090909091,3.141414141414141,3.191919191919192,3.242424242424242,3.2929292929292933,3.3434343434343434,3.3939393939393936,3.4444444444444446,3.494949494949495,3.545454545454546,3.595959595959596,3.646464646464646,3.6969696969696972,3.7474747474747474,3.7979797979797976,3.8484848484848486,3.898989898989899,3.94949494949495,4.0],"y":[-1.0,-0.9494949494949495,-0.898989898989899,-0.8484848484848485,-0.797979797979798,-0.7474747474747474,-0.696969696969697,-0.6464646464646464,-0.595959595959596,-0.5454545454545454,-0.4949494949494949,-0.4444444444444444,-0.3939393939393939,-0.3434343434343434,-0.29292929292929293,-0.24242424242424243,-0.19191919191919193,-0.14141414141414144,-0.09090909090909094,-0.04040404040404044,0.010101010101010166,0.06060606060606055,0.11111111111111116,0.16161616161616155,0.21212121212121215,0.26262626262626254,0.31313131313131315,0.36363636363636354,0.41414141414141414,0.46464646464646475,0.5151515151515151,0.5656565656565657,0.6161616161616161,0.6666666666666667,0.7171717171717171,0.7676767676767677,0.8181818181818181,0.8686868686868687,0.9191919191919191,0.9696969696969697,1.0202020202020203,1.0707070707070705,1.121212121212121,1.1717171717171717,1.2222222222222223,1.272727272727273,1.323232323232323,1.3737373737373737,1.4242424242424243,1.474747474747475,1.525252525252525,1.5757575757575757,1.6262626262626263,1.676767676767677,1.727272727272727,1.7777777777777777,1.8282828282828283,1.878787878787879,1.9292929292929295,1.9797979797979797,2.0303030303030303,2.080808080808081,2.1313131313131315,2.1818181818181817,2.2323232323232323,2.282828282828283,2.3333333333333335,2.3838383838383836,2.4343434343434343,2.484848484848485,2.5353535353535355,2.585858585858586,2.6363636363636362,2.686868686868687,2.7373737373737375,2.787878787878788,2.8383838383838382,2.888888888888889,2.9393939393939394,2.98989898989899,3.0404040404040407,3.090909090909091,3.141414141414141,3.191919191919192,3.242424242424242,3.2929292929292933,3.3434343434343434,3.3939393939393936,3.4444444444444446,3.494949494949495,3.545454545454546,3.595959595959596,3.646464646464646,3.6969696969696972,3.7474747474747474,3.7979797979797976,3.8484848484848486,3.898989898989899,3.94949494949495,4.0],"z":[[2.0,1.812775560040063,1.653159500423076,1.5182942202726828,1.40547827176588,1.3121663601330176,1.2359693436577985,1.174654233677277,1.1261441945818618,1.088518543815313,1.0600127518747449,1.0390184423106235,1.0240833917267675,1.0139115297803496,1.007362939181894,1.0034538556952781,1.0013566681377326,1.00039991837984,1.0000683013455365,1.0000026650121105,1.0000000104102036,1.0000134916238097,1.000152415790276,1.000682243100302,1.0020245867979403,1.004757213180596,1.0096140415990276,1.0174851444573458,1.0294167472130142,1.0466112283768492,1.07042711951302,1.1023791052390486,1.1441380232258096,1.1975308641975309,1.2645407719317925,1.3473070432595282,1.4481251280650227,1.5694466292859162,1.7138793029131985,1.8841870579912154,2.083289956617663,2.31426421394359,2.5803421981734025,2.884912430564853,3.231519585429051,3.6238644901304573,4.065804125086881,4.561351623769497,5.1146762727028205,5.730103511464723,6.412114932686424,7.1653482820525145,7.994597458300915,8.904812513222913,9.901099651663133,10.988721231519584,12.173095763743596,13.459797912339862,14.854558494366437,16.3632644799347,17.991958992209433,19.746841307408722,21.634266854804032,23.66074721672016,25.8329501285353,28.157699478680954,30.64197530864199,33.29291381295659,36.117807339216405,39.12410438806633,42.31940961320463,45.71148382138295,49.30824397240625,53.11776317913292,57.14827070747462,61.40815197639642,65.90594855791666,70.65035817710715,75.65023471209295,80.91458819405258,86.4525848072178,92.2735468888737,98.38695292935888,104.80243757206529,111.52979161343795,118.57896200297566,125.96005184323013,133.68332038980668,141.75918305136418,150.19821138961422,159.01113311932252,168.20883210830743,177.80234837744115,187.80287810064925,198.22177360491014,209.07054337025602,220.3608520297727,232.1045203695984,244.3135253289258,257.0],[1.812775560040063,1.6422253341774131,1.4960967045065194,1.372053474876845,1.2678624939297451,1.1813948598780692,1.1106272113949456,1.053643117179075,1.0086345796399867,0.9739036719461747,0.94786433280052,0.9290443503743224,0.9160875768542791,0.9077564297457714,0.9029347584765617,0.9006311907373177,0.8999831342658348,0.9002617236142371,0.9008782400064442,0.9013931378894011,0.9015311506846833,0.9012209248242906,0.9006226870843825,0.900079996501168,0.9000934045087396,0.9013085882821378,0.9045085757652946,0.9106080035342101,0.9206485937963236,0.9357954414714413,0.9573338766222353,0.9866667552935913,1.0253120808604164,1.0749008875089083,1.1371753362973795,1.213986986794754,1.307295215978966,1.419165762271542,1.5517693771176908,1.707380569912627,1.8883764346608551,2.0972355487602625,2.336536935880474,2.608959086162506,2.9172790279809835,3.264371446336589,3.6532078436263005,4.086855739102958,4.568477903807128,5.101331628151232,5.688768019672064,6.334231328754389,7.041258300373595,7.8134775501167555,8.65460896292377,9.568463113148907,10.558940704680714,11.630032029979219,12.785816446994577,14.03046187302435,15.368224294648432,16.803447292952455,18.34056158331492,19.984084569089315,21.73861990856313,23.608857094620014,25.59957104657146,27.715621713659544,29.9619536897642,32.343595838876375,34.86566093092465,37.533345287564735,40.35192843756229,43.32677278141787,46.463323264899074,49.76710706116065,53.24373326114621,56.89889257197829,60.738357023054085,64.76797967957533,68.9936943632496,73.42151537990978,78.05753725380602,82.90793446833236,87.97896121295754,93.27695113613647,98.80831710398367,104.57955096449908,110.59722331713944,116.8679832875354,123.39855830716179,130.19575389776924,137.2664534603967,144.61761806878357,152.25628626700947,160.18957387119397,168.42467377509067,176.96885575941866,185.82946630477943,195.01392840800625],[1.653159500423076,1.4960967045065194,1.3607880451095116,1.245318508065008,1.147837832148155,1.0665621251290873,0.9997756012667096,0.9458324586594145,0.9031589196181752,0.870255463590757,0.845699290865938,0.8281470674697394,0.8163380192179678,0.8090974690551074,0.8053409524738301,0.8040791123713111,0.8044236911561277,0.805595160684086,0.8069330145894363,0.8079110367662982,0.8081653382677723,0.8075904352086117,0.8064148246874725,0.8050724304574495,0.8041455186832653,0.8043436798430509,0.8064909880337493,0.8115169486164459,0.820449610255183,0.8344100606617965,0.8546078735860032,0.882337244289391,0.9189736429977877,0.9659708700968926,1.024858430736015,1.0972391687075567,1.1847871145803401,1.2892455136794858,1.41242500716216,1.5562019450864955,1.7225168146170866,1.9133727697547163,2.130834251490829,2.377025689256276,2.6541302760916254,2.9643888112083445,3.3100986046067904,3.6936124392202827,4.117337586704231,4.583734873515899,5.095317794357179,5.65465167039872,6.264352849983418,6.9270879497329165,7.645573134161669,8.42257343204781,9.260902087924618,10.163419947147023,11.133034873058104,12.172701194835717,13.285419184642125,14.474234562732404,15.742238029203772,17.09256482108865,18.528394293512036,20.05294952364938,21.669496936236413,23.381345949397584,25.191848639576506,27.10439942436971,29.122434762086346,31.249432866878934,33.488913438316665,35.84443740430189,38.31960667626199,40.918063915584405,43.64349231029968,46.4996153610584,49.49019667548992,52.619039770076505,55.8899878787223,59.306923767245365,62.87376955306987,66.59448652944532,70.47307499357056,74.51357407805084,78.72006158516483,83.09665382347056,87.6475054463253,92.37680929194227,97.2887962246553,102.38773497710133,107.6779319930793,113.16373127087762,118.8495142069044,124.73969943948849,130.83874269275083,137.1511366204771,143.68141064995143,150.43413082573113],[1.5182942202726828,1.372053474876845,1.245318508065008,1.13651757023647,1.044115787537221,0.9666168393008543,0.9025647619340713,0.8505458949264215,0.8091909896903302,0.7771775088616758,0.753232153378436,0.7361336684920079,0.7247160001655318,0.7178719041142794,0.7145571584970565,0.7137956126915562,0.7146854503597021,0.7164073315725478,0.7182357229162996,0.7195565214122217,0.7199025375052737,0.7191229785847277,0.7175336596653751,0.715667433315839,0.714185747052877,0.7138533122692914,0.7155235992295815,0.7201290099647445,0.7286735962877381,0.7422273415586333,0.7619214815534447,0.7889445555807209,0.8245389933632439,0.869998109040131,0.9266634139853076,0.9959221860895364,1.0792052505047645,1.1779849388133166,1.2937732020356734,1.4281198589725643,1.5826109658131695,1.7588672962045513,1.9585429233865062,2.1833238977713743,2.434927014646557,2.7150986676121547,3.0256137840220565,3.368274839138125,3.7449109459835306,4.157377018032271,4.607553001928527,5.097343177417492,5.628675521609222,6.203501134606354,6.823793723418697,7.4915491409750254,8.208784976933462,8.977540196895097,9.799874826545718,10.677869677193193,11.613626109135744,12.609265829290887,13.666930719538087,14.78878269227891,15.977003569797416,17.23379498410812,18.561378294108216,19.96199451700184,21.43790427113448,22.991387727562326,24.62474456788181,26.340293946054032,28.14037445217631,30.027344076373407,32.00358017120269,34.071479411187035,36.233457748303664,38.49195036246537,40.849411606228635,43.30831494315155,45.87115287939912,48.54043688835603,51.318697328153846,54.20848335215193,57.21236281252874,60.33292215724199,63.5727663207013,66.93451860857064,70.42082057717364,74.03433190801884,77.77773027799557,81.65371122580652,85.66498801521736,89.81429149569865,94.10436996102929,98.53798900641458,103.11793138464765,107.84699686181777,112.72800207303786,117.76378037862565],[1.40547827176588,1.2678624939297451,1.147837832148155,1.044115787537221,0.9554241278674027,0.8805084874256662,0.8181340977989127,0.7670876548689629,0.7261793305636823,0.6942449428966744,0.6701483053292563,0.6527837877534102,0.6410791385211039,0.6339986436373992,0.6305467424264442,0.6297722926091095,0.6307738124336579,0.6327062990536277,0.6347908523556902,0.6363301693200304,0.636742728028637,0.6358203720309655,0.6339854867270787,0.6318730598275965,0.6302155281149419,0.6298196556687575,0.6315539952039821,0.6363406044381512,0.6451489577748815,0.6589911471646679,0.678917906641224,0.7060151973506176,0.7414011946366708,0.7862235777953378,0.8416570585477571,0.9089011065486704,0.9891778446981105,1.0837300965910135,1.1938195748175462,1.3207252030462666,1.4657415675361158,1.630177495363901,1.8153547575185058,2.0226068953139125,2.2532781684672343,2.5087226227949606,2.79030327489433,3.0993914104718643,3.4373659922178623,3.805613172353228,4.205525904232449,4.638503646705601,5.10595215434679,5.609283346164828,6.149915245035835,6.729271979844534,7.3487838421933604,8.009887389535058,8.714025586699782,9.462647978014326,10.257210882538613,11.09917760536041,11.990018658380844,12.931211984575127,13.924243180311446,14.970605710940701,16.071801115517278,17.229339197162183,18.444738196222865,19.71952494400729,21.055234995464524,22.453412739740568,23.91561148805155,25.443393538780473,27.038330220115398,28.702001910904702,30.435998040707254,32.24191707026369,34.121366453810154,36.07596258480161,38.107330726709804,40.21710493061726,42.40692794134568,44.67845109384028,47.03333420148648,49.47324543796518,51.999861214162436,54.61486605154592,57.319952453302975,60.116820774412616,63.007179091697424,65.99274307477145,69.07523585867712,72.25638791887958,75.5379369491724,78.92162774294003,82.40921207812022,86.00244860611915,89.70310274485098,93.51294657599689],[1.3121663601330176,1.1813948598780692,1.0665621251290873,0.9666168393008543,0.8805084874256662,0.8071887988220678,0.7456133505477692,0.6947433226813597,0.6535473955817969,0.6210037795301939,0.5961023690653174,0.5778470186393964,0.5652579441730589,0.5573742688177155,0.5532567547530277,0.5519908043112771,0.5526898913725268,0.5544997439866596,0.5566039805586391,0.5582330578344927,0.5586859160072957,0.5576853201896049,0.5557774040548954,0.5536956896036055,0.5522299042677261,0.552212407438897,0.5545109446371838,0.5600237204240296,0.5696755712934342,0.5844147331947002,0.6052099619586805,0.6330478830430497,0.6689305068686072,0.7138728788881612,0.7689008524623615,0.8350489836898989,0.9133585536449753,1.004875726712426,1.1106498548840795,1.2317319376250113,1.3691732456669512,1.5240241151507916,1.6973329161595934,1.8901451970479455,2.1035030032384303,2.3384443664494876,2.596002957746914,2.8772078954587283,3.1830836969266607,3.514650361336061,3.872923569501553,4.258914985505285,4.673632644490498,5.118081410695559,5.593263489951092,6.100178981325632,6.6398264533554485,7.2132035312894285,7.821307482973674,8.465135792345388,9.14568671095408,9.863959779433891,10.620956312371781,11.417679841512282,12.255136513677531,13.134335441131448,14.05628900335684,15.022013100325564,16.032527358313338,17.08885529013517,18.19202441235363,19.34306632254145,20.54301674007005,21.792915514154153,23.093806603022365,24.446738028117085,25.852761807168456,27.312933869851783,28.82831395953957,30.39996552441343,32.02895560091983,33.71635469225037,35.46323664421237,37.270678520538155,39.13976047937145,41.071565652371305,43.06718002759305,45.12769233704964,47.25419394962108,49.44777876977273,51.709543142362286,54.04058576365822,56.4420075985644,58.91491180393706,61.46040365779693,64.0795904941747,66.77358164327967,69.543488376651,72.3904238569323,75.31550309190145],[1.2359693436577985,1.1106272113949456,0.9997756012667096,0.9025647619340713,0.8181340977989127,0.7456133505477692,0.6841240105738718,0.632780937258894,0.5906941595716351,0.5569708210750928,0.5307172263535699,0.5110409391172783,0.49705287569016127,0.48786933080755035,0.48261386460354777,0.4804189679885033,0.48042740272544115,0.48179306784499154,0.48368113050134126,0.48526679086259583,0.48573214865384673,0.48472128141161813,0.48291620008502145,0.48113761032127167,0.48021403485147235,0.4809847643496321,0.48430041969028764,0.4910224820822755,0.502022214627197,0.5181791776403528,0.5403794636665091,0.5695137458104992,0.6064752168268093,0.6521574866091495,0.7074524983669845,0.773248517168708,0.850428237928377,0.9398670530319426,1.0424315125937678,1.1589780028865788,1.2903516609470704,1.4373855359064651,1.6009000004199108,1.781702408852484,1.9805869927851176,2.198334979065889,2.4357149111532617,2.6934831509450747,2.972384535691311,3.2731531629464565,3.596513275792535,3.943180220693013,4.313861451233471,4.709257552562355,5.130063263446858,5.576968475381693,6.050659191006881,6.551818427083959,7.081127050334191,7.639264537455655,8.226909653519833,8.84474104562902,9.493437751137314,10.17367962185865,10.886147667480792,11.631524322863925,12.41049364502851,13.223741446443205,14.071955371731887,14.95582492515827,15.876041456251523,16.83329811074211,17.828289753622347,18.861712870666906,19.9342654541799,21.04664687810966,22.199557767017648,23.39369986272992,24.629775891857044,25.9084894367594,27.23054481196965,28.596646947572864,30.007501280591523,31.463813655029746,32.966290230899006,34.51563740227314,36.1125617242006,37.75776984813255,39.451968465399496,41.19586425818272,42.99016385737428,44.83557380669139,46.73280053241002,48.68255031809363,50.68552928372163,52.742443368657675,54.85399831793987,57.020899671421105,59.24385275533534,61.52356267591074],[1.174654233677277,1.053643117179075,0.9458324586594145,0.8505458949264215,0.7670876548689629,0.6947433226813597,0.632780937258894,0.580452403988398,0.5369951788563088,0.5016341671480867,0.47358375981522816,0.4520499091450416,0.43623212004158385,0.4253252004990893,0.41852056730717363,0.4150068244647678,0.41396918400418525,0.414586980585287,0.4160277203896151,0.4174334238221935,0.41788152969371356,0.416932105772736,0.4154067583692577,0.41419411829509384,0.4141394513112709,0.41606946762680963,0.4208020125381675,0.4291503482841611,0.4419247532273056,0.4599325718192252,0.48397730417460094,0.5148570939406674,0.5533628601491147,0.6002762554687273,0.6563675929480555,0.7223938541757872,0.7990968683017934,0.8872017309481752,0.9874155135101771,1.100426296243441,1.2269025427749616,1.367492819362601,1.5228258495366684,1.6935108838670274,1.8801383556556683,2.0832807864447767,2.3034939003723123,2.5413179035477227,2.7972788836390547,3.07189028558069,3.3656544215022923,3.6790639763862143,4.012603475305223,4.366750683093751,4.741977912690152,5.138753223901046,5.557541499755252,5.998805392743081,6.463006137923038,6.950604234009624,7.462059997058608,7.997833994202663,8.558387367056913,9.144182055934118,9.755680936930087,10.39334788432448,11.057647770665758,11.749046416451995,12.468010500564393,13.215007441637,13.99050525942938,14.794972424074203,15.628877699857197,16.49268998899904,17.386878179784667,18.311911002352513,19.268256894532023,20.2563838793129,21.276759454847006,22.32985049732178,23.416123176595395,24.536042884140397,25.690074172591213,26.878680706020702,28.102325219968446,29.36146949019637,30.656574309143576,31.98809946908301,33.35650375103605,34.76224491857145,36.205779715695776,37.68756386812536,39.20805208731604,40.767698076707646,42.36695453971787,44.00627318909148,45.68610475727365,47.406899007533916,49.169104745616764,50.973169831736264],[1.1261441945818618,1.0086345796399867,0.9031589196181752,0.8091909896903302,0.7261793305636823,0.6535473955817969,0.5906941595716351,0.5369951788563088,0.49180406562940365,0.45445431004881204,0.42426134958013384,0.40052474607582433,0.3825302838654774,0.3695517402889968,0.36085198967894555,0.3556829516798902,0.353283610210887,0.3528747077693992,0.35364710184017795,0.3547352386582442,0.35513423062435456,0.3543213937081188,0.3532500255042678,0.3528503275621433,0.3539603520726318,0.35737525502932826,0.36386605487433965,0.3741881855407298,0.38908523802694267,0.4092900486767731,0.4355242161106697,0.46849668223582686,0.5089017959608192,0.5574171575858207,0.6147014652902224,0.6813925302740664,0.7581055836881724,0.8454319617610062,0.9439382233842829,1.0541657260423885,1.1766306611809674,1.3118245289945154,1.4602150153254658,1.6222472200161424,1.7983451766425018,1.988913597956465,2.1943397793117225,2.4149955934678355,2.651239513987642,2.9034186104288553,3.171870466116534,3.4569249779042273,3.758906006452027,4.078132854686299,4.414921560844905,4.769586000521617,5.1424387991583735,5.533792062335306,5.943957935896708,6.373249011420467,6.821978594841718,7.290460857279221,7.779010887419474,8.287944664342753,8.817578968590905,9.368231247739805,9.940219450902587,10.533861844588694,11.149476820296004,11.787382702213106,12.447897561530176,13.13133904215067,13.838024201095985,14.568269365616384,15.32239000796654,16.100700637964426,16.90351471281102,17.731144563184806,18.5839013343136,19.462094940543064,20.366034031839686,21.29602597066503,22.25237681771477,23.235391325114158,24.245372935785536,25.282623787840592,26.347444722991835,27.440135298116953,28.560993799240695,29.710317257319712,30.888401465324126,32.0955409962037,33.33202922140941,34.598158329709186,35.894219346095824,37.22050215063184,38.577295497114946,39.96488703147905,41.3835633098704,42.83360981635671],[1.088518543815313,0.9739036719461747,0.870255463590757,0.7771775088616758,0.6942449428966744,0.6210037795301939,0.5569708210750928,0.5016341671480867,0.45445431004881204,0.41486576179204065,0.38227910811976784,0.35608332627610817,0.33564813230089857,0.3203260314560683,0.3094536127582344,0.30235141096359197,0.29832124738231297,0.29663905210241504,0.2965387570607702,0.2971743331887246,0.2974904894194749,0.2968915634948053,0.2964406805149282,0.297077975560558,0.29961029911219017,0.30478407414418485,0.3133117287647336,0.32588340950092143,0.34317201342458203,0.3658346673183031,0.39451219154172357,0.4298274368469295,0.4723830688038281,0.5227591989350945,0.5815111486626987,0.6491675500048286,0.7262289216057479,0.81316680392308,0.9104234906605309,1.0184123539319219,1.1375187280064971,1.2681012908591538,1.4104938641195468,1.5650075401810788,1.7319330397605206,1.9115432034284596,2.104095525707773,2.309834649277825,2.5289947485772295,2.7618017456202253,3.0084753151442323,3.269230650412669,3.5442799743763937,3.833833792884762,4.138101896842043,4.4572941284040315,4.791620932432489,5.14129371853117,5.506525061237966,5.887528766578581,6.284519832477938,6.697714328775313,7.127329220094588,7.573582151857549,8.03669121653981,8.516874714058568,9.014350917108944,9.529337849447174,10.0620530826306,10.612713554606458,11.181535411805429,11.768733875029088,12.37452312839532,12.999116229882214,13.642725041544589,14.305560177221235,14.987830965460029,15.689745425421004,16.41151025363754,17.15333081969291,17.91541116907793,18.697954031716844,19.50116083486837,20.325231719316754,21.17036555795839,22.036759976058896,22.924611372601987,23.834114942276916,24.765464697754584,25.71885349198782,26.694473040340167,27.69251394240115,28.713165703389414,29.756616755076926,30.823054476192635,31.912665212282544,33.02563429501605,34.162146060938476,35.322383869676976,36.50653012161012],[1.0600127518747449,0.94786433280052,0.845699290865938,0.753232153378436,0.6701483053292563,0.5961023690653174,0.5307172263535699,0.47358375981522816,0.42426134958013384,0.38227910811976784,0.34713777122928435,0.3183120847919415,0.2952534315283289,0.27739231989304813,0.2641401859995625,0.2548896849863385,0.24901213444138373,0.24584963460197495,0.24469631794420782,0.24475201983086264,0.24495058637751374,0.24464267753150715,0.24496474258780032,0.2468325893098733,0.2509997047217096,0.25814938862953907,0.26892639935108903,0.2839503133443094,0.3038208545333948,0.32911910022198787,0.36040646176765134,0.3982225277186486,0.4430824649899726,0.4954744503735444,0.5558574571904947,0.6246596122372499,0.7022772502983512,0.789074720762523,0.8853849408034903,0.9915106414212073,1.107726216171732,1.234280057387792,1.3713972505341787,1.5192824930791098,1.6781231085460067,1.8480920376055918,2.029350704378464,2.222051675713406,2.4263410523466473,2.642360551984158,2.870249264200296,3.1101450746389543,3.3621857706872227,3.6265098522261354,3.9032570791832573,4.192568792580747,4.494588047923743,4.809459599554916,5.137329772516967,5.47834625503225,5.832657840416234,6.200414142522337,6.581765304031156,6.976861712326953,7.385853733548959,7.808891471789359,8.246124557395088,8.69770196592491,9.163771867486338,9.644481504870946,10.139977098048714,10.650403772091511,11.175905505394313,11.71662509507588,12.272704136603743,12.84428301494724,13.431500904873175,14.034495778328573,14.653404417179994,15.28836242988311,15.939504270930055,16.606963262161035,17.29087161522972,17.991360454680205,18.708559841230485,19.44259879496642,20.193605318235303,20.961706418094373,21.747028128218517,22.549695530208663,23.369832774269256,24.20756309924165,25.063008851994635,25.936291506181295,26.827531680377962,27.73684915562459,28.6643628923875,29.610191046966804,30.57445098737117,31.55725930868146],[1.0390184423106235,0.9290443503743224,0.8281470674697394,0.7361336684920079,0.6527837877534102,0.5778470186393964,0.5110409391172783,0.4520499091450416,0.40052474607582433,0.35608332627610817,0.3183120847919415,0.2867682890032095,0.26098284366920094,0.24046323466335456,0.2246960139996973,0.21314791170844338,0.20526408007206193,0.2004606967650954,0.19810565920726278,0.1974680771139941,0.19751478818108167,0.19757115300232225,0.19879743627142157,0.20205140912904876,0.2080144700307584,0.21729583494238136,0.23046629859990145,0.2480715917893485,0.2706370489350446,0.2986679802343045,0.33264787248444744,0.3730356321997119,0.4202626387824716,0.4747301141951369,0.5368071369987453,0.6068294928464685,0.6850994446699766,0.7718864179092593,0.8674285272267935,0.9719348205182362,1.0855880830225915,1.2085480277785159,1.3409546967443282,1.4829319071777498,1.634590597527253,1.7960319531141093,1.9673502213398717,2.1486351563668182,2.3399740619481193,2.5414534266187263,2.753160166651545,2.9751825084398207,3.207610553176449,3.450536573151532,3.7040550912580867,3.9682627941410735,4.243258325685347,4.529142002048168,4.826015482965516,5.133981427249935,5.4531431537651445,5.783604323080731,6.125468649715997,6.478839650493998,6.843820431069067,7.220513510116089,7.609020678882881,8.00944289268657,8.421880190350011,8.846431637396414,9.283195288933786,9.732268168465016,10.19374625927456,10.66772450550621,11.154296820513915,11.653556100509109,12.16559424192551,12.690502161267188,13.22836981649556,13.779286229248475,14.343339507374008,14.920616867410068,15.511204656754252,16.11518837535363,16.732652696806763,17.363681488815534,18.00835783295583,18.66676404375858,19.338981687106777,20.025091597963808,20.725173897454315,21.439308009321586,22.16757267578768,22.910045972842177,23.666805324985695,24.437927519453414,25.223488719942605,26.023564479867407,26.83822975516283,27.667558916658457],[1.0240833917267675,0.9160875768542791,0.8163380192179678,0.7247160001655318,0.6410791385211039,0.5652579441730589,0.49705287569016127,0.43623212004158385,0.3825302838654774,0.33564813230089857,0.2952534315283289,0.26098284366920094,0.23244468526849088,0.2092221861153518,0.19087665317791652,0.1769495997190333,0.1669622916908401,0.16040984438118552,0.1567433797580126,0.15531995523627368,0.15518325779115702,0.15566855520351358,0.1579016739711908,0.1626524372781368,0.17051604455789332,0.1820203554273147,0.19765854185844994,0.21790092445109985,0.24319820755577787,0.273980654841233,0.3106554034126897,0.35360317202541275,0.4031751456510655,0.45969052958378065,0.5234350612446422,0.5946606096169768,0.673585867255699,0.7603980435307143,0.8552553986172844,0.9582904144841877,1.0696133797393104,1.189316166605485,1.3174759965299834,1.4541590214172713,1.5994235855032368,1.7533230740052816,1.915908295027007,2.087229377733568,2.2673372004450103,2.4562843858576704,2.6541259167814433,2.860919434949229,3.0767252884932703,3.3016063917788077,3.5356279557532515,3.7788571391019294,4.031362661459161,4.293214410663144,4.564483067286883,4.845239761911681,5.135555774107062,5.435502276936339,5.745150126981392,6.064569697242073,6.393830748632013,6.733002334958824,7.082152736042081,7.441349413805036,7.81065898662259,8.190147217796605,8.57987901467012,8.97991843552115,9.390328701955612,9.811172215026017,10.242510573729847,10.684404594890262,11.136914333698096,11.600099104407771,12.07401750084088,12.558727416470004,13.054286063941085,13.560749993952943,14.078175113454147,14.60661670314519,15.146129434291948,15.696767384867732,16.258584055047443,16.831632382081267,17.415964754576347,18.01163302621512,18.618688528938716,19.237182085622145,19.867164022267396,20.50868417973858,21.161791925062307,21.826536162314962,22.50296534311715,23.19112747675446,23.891070139942702,24.602840486254266],[1.0139115297803496,0.9077564297457714,0.8090974690551074,0.7178719041142794,0.6339986436373992,0.5573742688177155,0.48786933080755035,0.4253252004990893,0.3695517402889968,0.3203260314560683,0.27739231989304813,0.24046323466335456,0.2092221861153518,0.18332665823785468,0.16241185796585636,0.14609382545773497,0.13397050805545827,0.1256180372526455,0.12057599540994746,0.11830208853255657,0.11795593977961001,0.11892071832835412,0.1222274907129714,0.1285348715451504,0.13834301120510314,0.1520947407987358,0.17020426162233407,0.1930662961805859,0.22105742395410866,0.25453395600835216,0.29382847126879663,0.3392462258893244,0.3910621698929022,0.4495189984915987,0.5148264406565501,0.5871618141865436,0.6666717448902606,0.7534748544140042,0.8476651646748957,0.9493159436890188,1.0584837230640334,1.1752122453977962,1.2995361433323847,1.4314842040309712,1.5710821269523432,1.7183547336946388,1.8733276324962338,2.036028374371469,2.20648716190789,2.3847371857472046,2.570814668891286,2.764758696948055,2.9666109052275917,3.1764150831592017,3.394216744551244,3.6200627001506733,3.854000657790794,4.096078865783224,4.34634580742508,4.604849948607124,4.871639536390051,5.14676244381735,5.430266054855093,5.722197182884825,6.022602016344681,6.331526085677822,6.649014246519177,6.975110674894119,7.309858871024001,7.653301669077493,8.005481250846316,8.366439161850515,8.736216328797397,9.114853077641,9.502389151730947,9.898863729716053,10.304315442993644,10.718782392582751,11.142302165358117,11.574911849620717,12.016648050004891,12.467546901737215,12.9276440842707,13.396974834322213,13.875573958342917,14.363475844451651,14.860714473860279,15.367323431819104,15.883335918108653,16.408784757102705,16.943702407426034,17.488120971228412,18.042072203095557,18.605587518615906,19.178698002621044,19.761434417116657,20.353827208919416,20.955906517014476,21.56770217964757,22.189243741164102],[1.007362939181894,0.9029347584765617,0.8053409524738301,0.7145571584970565,0.6305467424264442,0.5532567547530277,0.48261386460354777,0.41852056730717363,0.36085198967894555,0.3094536127582344,0.2641401859995625,0.2246960139996973,0.19087665317791652,0.16241185796585636,0.13900935409608484,0.12035865634580128,0.10613358022539768,0.09599096559489775,0.08956010022799168,0.08640549244127418,0.08583244540315754,0.08730743446843653,0.09171265815040057,0.09958099047951013,0.11131405888089754,0.1272692540331089,0.14778238347005707,0.17317348704396252,0.20374617945446566,0.2397844018608008,0.2815484985715527,0.32927170377075515,0.38315766076511576,0.443379282385682,0.5100790269788747,0.5833704888365937,0.6633410788867757,0.7500554979599203,0.843559676577469,0.9438848650911965,1.0510515971208465,1.1650733074670352,1.2859594529922482,1.4137180525060027,1.548357622528608,1.6898885353153965,1.8383238613948518,1.993679780846227,2.1559756569232875,2.3252338647486472,2.5014794594657515,2.6847397552753565,2.8750438717222515,3.0724222884471946,3.2769064357996736,3.488528337068527,3.707320308989356,3.9333147206168504,4.166543806343927,4.4070395264091635,4.654833467214616,4.909956773751656,5.172440107035508,5.442313620387713,5.71960694946716,6.004349211992751,6.296569014040582,6.596294460595765,6.9035531686840645,7.218372281909848,7.540778485603721,7.870798022057008,8.208456705514198,8.553779936727343,8.906792716965285,9.267519661428015,9.635985012052469,10.012212649717691,10.396226105869397,10.788048573590501,11.187702918146629,11.595211687036372,12.010597119575245,12.43388115604108,12.865085446406992,13.30423135868641,13.751339986912862,14.20643215877591,14.669528442932766,15.140649156014012,15.619814369340567,16.10704391536756,16.602357393870193,17.105774177885138,17.617313419420494,18.136994054946378,18.664834810677263,19.200854207656707,19.74507056665442,20.297502012884692],[1.0034538556952781,0.9006311907373177,0.8040791123713111,0.7137956126915562,0.6297722926091095,0.5519908043112771,0.4804189679885033,0.4150068244647678,0.3556829516798902,0.30235141096359197,0.2548896849863385,0.21314791170844338,0.1769495997190333,0.14609382545773497,0.12035865634580128,0.09950519554487458,0.0832811282446313,0.07142169760232561,0.06364360075763152,0.05961780057980086,0.058811973273461576,0.060802878300759,0.06628450503939896,0.07565927177201817,0.08923187232919158,0.10727665276047818,0.130053208026653,0.1578088099663496,0.19077605618300703,0.22916894464908827,0.2731789774629331,0.32297217758884633,0.37868746975041073,0.4404365695806312,0.5083052984180377,0.5823560830772754,0.6626313062351442,0.749157138074986,0.8419474941381966,0.9410078153625773,1.0463384399394544,1.1579374191889316,1.27580270946189,1.3999337405512606,1.530332413158747,1.6670036118594909,1.8099553366832508,1.9591985586930496,2.114746896572551,2.276616196210319,2.4448240771866834,2.619389491783834,2.8003323256304435,2.987673055487008,3.181432469391988,3.3816314473138904,3.5882907961553543,3.8014311308420377,4.021072792685734,4.247235796682658,4.479939800443253,4.719204088716722,4.965047568749927,5.217488772875711,5.47654586569882,5.742236654022712,6.014578598251036,6.293588824429647,6.5792841364004815,6.871681027747355,7.170795693352042,7.476644040467424,7.789241699269427,8.10860403288193,8.434746146887264,8.767682898344543,9.107428904342308,9.453998550113402,9.807405996739531,10.167665188471902,10.53478985969259,10.908793541539735,11.289689568217936,11.677491083013507,12.072211044032937,12.473862229681405,12.882457243896898,13.298008521154491,13.72052833125411,14.15002878390416,14.58652183311277,15.030019281397069,15.48053278382084,15.938073851869573,16.40265385717174,16.87428403507445,17.352975488080936,17.83873918915699,18.331585984913154,18.831526598668596],[1.0013566681377326,0.8999831342658348,0.8044236911561277,0.7146854503597021,0.6307738124336579,0.5526898913725268,0.48042740272544115,0.41396918400418525,0.353283610210887,0.29832124738231297,0.24901213444138373,0.20526408007206193,0.1669622916908401,0.13397050805545827,0.10613358022539768,0.0832811282446313,0.06523145159503499,0.0517941185647011,0.04276788212850808,0.037923816404224486,0.0368933024703698,0.03937678392390378,0.045862673301477364,0.056628124112679104,0.07188699104926649,0.09183538878479301,0.11666037892431938,0.14653956638849594,0.18163771877856225,0.22210282129292602,0.2680627807892664,0.31962339946374924,0.3768678516395158,0.43985761814325663,0.508634639009794,0.5832243308987053,0.6636390738908303,0.7498817911993116,0.8419493080686489,0.9398352640023292,1.0435324476408454,1.15303451161342,1.268337095714013,1.3894384360083347,1.516339564568445,1.64904421230042,1.787558520495278,1.9318906506053695,2.082050361248515,2.238048600488897,2.399897142703067,2.5676082842606776,2.7411946012815265,2.9206687656198587,3.1060434113155777,3.2973310422266384,3.4945439716236155,3.6976942855159534,3.9067938228839947,4.121854167471341,4.3428866471477665,4.569902337988652,4.802912071108254,5.04192644094767,5.286955814190606,5.5380103388028,5.795099952903488,6.0582343933120475,6.327423203695448,6.602675742290465,6.884001189201744,7.171408553290879,7.4649066786783465,7.764504250882505,8.070209802620058,8.382031719291414,8.699978244172902,9.024057483336241,9.35427741031397,9.690645870528108,10.033170585497862,10.381859156840902,10.736719070081579,11.097757698278352,11.464982305481776,11.83840005003353,12.21801798771605,12.603843074761846,12.995882170730612,13.394142041261894,13.798629360710478,14.209350714670942,14.626312602397752,15.049521439126433,15.478983558301259,15.914705213714477,16.356692581561617,16.804951762417286,17.259488783135627,17.720309598679005],[1.00039991837984,0.9002617236142371,0.805595160684086,0.7164073315725478,0.6327062990536277,0.5544997439866596,0.48179306784499154,0.414586980585287,0.3528747077693992,0.29663905210241504,0.24584963460197495,0.2004606967650954,0.16040984438118552,0.1256180372526455,0.09599096559489775,0.07142169760232561,0.0517941185647011,0.036986127163043225,0.026870406325491335,0.02130651014442298,0.02007487959572242,0.02299615670716839,0.030362100988314773,0.04233897954058494,0.0590598560235773,0.08064973588274213,0.10722862503993227,0.1389093940899567,0.17579431032044004,0.2179718284541198,0.2655144171951864,0.31847774013358493,0.37690119246435344,0.4408095764882854,0.5102155710846563,0.5851226060502394,0.665527776814832,0.7514245075945997,0.8428047681435396,0.9396607494529743,1.0419859907285547,1.1497760141213702,1.2630285619182962,1.3817435453036306,1.505922809720714,1.6355698058883004,1.7706892339562732,1.9112867061177459,2.0573684535304775,2.208941088300441,2.3660114209028933,2.528586327265279,2.6966726568850636,2.870277172776767,3.0494065148167135,3.234067179471508,3.4242655104753865,3.620007696481448,3.8212997729214013,4.028147626236156,4.240556999308677,4.458533497388649,4.682082594098026,4.911209637294042,5.145919854678724,5.386218359108652,5.632110153593986,5.8836001359939845,6.140693103424619,6.403393756397173,6.671706702707284,6.945636461093173,7.225187464680548,7.5103640642303215,7.801170531203845,8.097611060659107,8.399689773990092,8.707410721520496,9.020777884961914,9.339795179745868,9.664466457238152,9.994795506843325,10.330786058006517,10.672441782119135,11.01976629433455,11.372763155299394,11.731435872805543,12.095787903367713,12.465822653730958,12.8415434823122,13.222953700579707,13.610056574373841,14.002855325172593,14.401353131304779,14.805553129113814,15.215458414074794,15.631072041867217,16.05239702940575,16.479436355831268,16.912192963464026],[1.0000683013455365,0.9008782400064442,0.8069330145894363,0.7182357229162996,0.6347908523556902,0.5566039805586391,0.48368113050134126,0.4160277203896151,0.35364710184017795,0.2965387570607702,0.24469631794420782,0.19810565920726278,0.1567433797580126,0.12057599540994746,0.08956010022799168,0.06364360075763152,0.04276788212850808,0.026870406325491335,0.01588662056894285,0.009748170470471518,0.008354987796364661,0.011626934903255129,0.019694705966839005,0.03263610254747242,0.0505172198654276,0.07340190840726216,0.10135144062874273,0.1344221268860199,0.17266280006331722,0.21611298550334881,0.26480209487080164,0.31874967536431215,0.37796653797118407,0.4424564711422894,0.512218212414702,0.5872473836703115,0.6675381717801343,0.7530846294151821,0.8438815587372154,0.9399250088870549,1.0412124604061106,1.1477427868123493,1.2595160809748447,1.3765334190520049,1.4987966146189824,1.6263079955931552,1.759070219933908,1.8970861341674867,2.0403586714885416,2.188890782645415,2.342685391880579,2.501745370796534,2.6660735243190565,2.8356725843861303,3.0105452083006345,3.1906939797252645,3.3761214110550504,3.5668299464166826,3.762821964872426,3.964099783605734,4.170665660980524,4.382521799428971,4.599670348155325,4.822113405658963,5.049853022086752,5.2828912014271685,5.521229903558933,5.764871046166224,6.013816506531641,6.268068123216997,6.52762769764112,6.792496995562894,7.062677748476972,7.338171654928917,7.618980381755837,7.905105565258067,8.196548812306906,8.49331170139301,8.795395783619556,9.10280258364408,9.415533600572374,9.733590308807731,10.056974158858417,10.385686578106073,10.719728971537549,11.05910272244246,11.403809193078533,11.75384972530676,12.109225641198128,12.469938243613557,12.835988816758734,13.207378626715075,13.584108921948385,13.966180933796277,14.353595876935575,14.746354949830858,15.144459335165026,15.547910200252876,15.956708697438678,16.370855964478356],[1.0000026650121105,0.9013931378894011,0.8079110367662982,0.7195565214122217,0.6363301693200304,0.5582330578344927,0.48526679086259583,0.4174334238221935,0.3547352386582442,0.2971743331887246,0.24475201983086264,0.1974680771139941,0.15531995523627368,0.11830208853255657,0.08640549244127418,0.05961780057980086,0.037923816404224486,0.02130651014442298,0.009748170470471518,0.0032309452873848453,0.0017319289605335355,0.005234083004136423,0.01376556491380282,0.027345361700320203,0.04599122778400601,0.06972072795625255,0.09855029811509547,0.13249410110947712,0.17156318768943019,0.21576515182935405,0.26510428457334934,