{"data":[{"type":"contour","x":[-100.0,-97.97979797979798,-95.95959595959596,-93.93939393939394,-91.91919191919192,-89.8989898989899,-87.87878787878788,-85.85858585858585,-83.83838383838383,-81.81818181818181,-79.79797979797979,-77.77777777777777,-75.75757575757575,-73.73737373737373,-71.71717171717171,-69.69696969696969,-67.67676767676767,-65.65656565656565,-63.63636363636363,-61.61616161616162,-59.5959595959596,-57.57575757575758,-55.55555555555556,-53.535353535353536,-51.515151515151516,-49.494949494949495,-47.474747474747474,-45.45454545454545,-43.43434343434343,-41.41414141414141,-39.39393939393939,-37.37373737373738,-35.35353535353535,-33.33333333333333,-31.313131313131308,-29.292929292929287,-27.272727272727266,-25.252525252525245,-23.23232323232324,-21.212121212121218,-19.191919191919197,-17.171717171717177,-15.151515151515156,-13.131313131313135,-11.111111111111114,-9.090909090909093,-7.070707070707073,-5.050505050505052,-3.030303030303031,-1.0101010101010104,1.0101010101010104,3.030303030303031,5.050505050505052,7.070707070707073,9.090909090909093,11.111111111111114,13.131313131313135,15.151515151515156,17.171717171717177,19.191919191919197,21.212121212121218,23.23232323232324,25.252525252525245,27.272727272727266,29.2929292929293,31.313131313131322,33.33333333333334,35.353535353535364,37.373737373737384,39.393939393939405,41.414141414141426,43.43434343434345,45.45454545454547,47.47474747474749,49.49494949494951,51.5151515151515,53.53535353535352,55.55555555555554,57.575757575757564,59.595959595959584,61.616161616161605,63.636363636363626,65.65656565656565,67.67676767676767,69.69696969696969,71.71717171717171,73.73737373737373,75.75757575757575,77.77777777777777,79.79797979797979,81.81818181818181,83.83838383838383,85.85858585858585,87.87878787878788,89.8989898989899,91.91919191919192,93.93939393939394,95.95959595959596,97.97979797979798,100.0],"y":[-100.0,-97.97979797979798,-95.95959595959596,-93.93939393939394,-91.91919191919192,-89.8989898989899,-87.87878787878788,-85.85858585858585,-83.83838383838383,-81.81818181818181,-79.79797979797979,-77.77777777777777,-75.75757575757575,-73.73737373737373,-71.71717171717171,-69.69696969696969,-67.67676767676767,-65.65656565656565,-63.63636363636363,-61.61616161616162,-59.5959595959596,-57.57575757575758,-55.55555555555556,-53.535353535353536,-51.515151515151516,-49.494949494949495,-47.474747474747474,-45.45454545454545,-43.43434343434343,-41.41414141414141,-39.39393939393939,-37.37373737373738,-35.35353535353535,-33.33333333333333,-31.313131313131308,-29.292929292929287,-27.272727272727266,-25.252525252525245,-23.23232323232324,-21.212121212121218,-19.191919191919197,-17.171717171717177,-15.151515151515156,-13.131313131313135,-11.111111111111114,-9.090909090909093,-7.070707070707073,-5.050505050505052,-3.030303030303031,-1.0101010101010104,1.0101010101010104,3.030303030303031,5.050505050505052,7.070707070707073,9.090909090909093,11.111111111111114,13.131313131313135,15.151515151515156,17.171717171717177,19.191919191919197,21.212121212121218,23.23232323232324,25.252525252525245,27.272727272727266,29.2929292929293,31.313131313131322,33.33333333333334,35.353535353535364,37.373737373737384,39.393939393939405,41.414141414141426,43.43434343434345,45.45454545454547,47.47474747474749,49.49494949494951,51.5151515151515,53.53535353535352,55.55555555555554,57.575757575757564,59.595959595959584,61.616161616161605,63.636363636363626,65.65656565656565,67.67676767676767,69.69696969696969,71.71717171717171,73.73737373737373,75.75757575757575,77.77777777777777,79.79797979797979,81.81818181818181,83.83838383838383,85.85858585858585,87.87878787878788,89.8989898989899,91.91919191919192,93.93939393939394,95.95959595959596,97.97979797979798,100.0],"z":[[400000000.0,384161599.838417,368956639.7428613,354365931.626137,340370687.15286463,326952517.73948133,314093434.554241,301775848.5172138,289982570.30028677,278696810.3271634,267902178.7733638,257582685.56622463,247722740.38489917,238307152.66035712,229321131.57538515,220750286.06458604,212580624.8143795,204798556.26300168,197390888.6005054,190344829.7687599,183647987.46145117,177288369.12408164,171254381.95397043,165534832.90025327,160118928.66388234,154996275.6976265,150156880.20607123,145591148.14561847,141289885.22448683,137244296.90271145,133445988.39214414,129886964.65645322,126559630.41112359,123456790.12345679,120571648.01257087,117897808.04940048,115429273.95669694,113160449.20902804,111086137.03277822,109201540.40614846,107502262.05915639,105984304.47363612,104644069.88323843,103478360.27343068,102484377.38149673,101659722.6965371,101002397.45946893,100510802.66302584,100183739.05175807,100020407.12203251,100020407.12203251,100183739.05175807,100510802.66302584,101002397.45946893,101659722.6965371,102484377.38149673,103478360.27343068,104644069.88323843,105984304.47363612,107502262.05915639,109201540.40614846,111086137.03277822,113160449.20902804,115429273.95669694,117897808.04940051,120571648.01257087,123456790.12345679,126559630.41112362,129886964.65645327,133445988.39214419,137244296.9027115,141289885.22448686,145591148.14561847,150156880.20607126,154996275.69762656,160118928.6638823,165534832.90025324,171254381.9539704,177288369.12408158,183647987.4614511,190344829.76875988,197390888.60050535,204798556.26300168,212580624.8143795,220750286.06458604,229321131.57538515,238307152.66035712,247722740.38489917,257582685.56622463,267902178.7733638,278696810.3271634,289982570.30028677,301775848.5172138,314093434.554241,326952517.73948133,340370687.15286463,354365931.626137,368956639.7428613,384161599.838417,400000000.0],[384161599.838417,368643134.38070595,353751579.7093515,339467747.73715746,325772850.1287445,312648498.30054986,300076703.42082715,288039876.4096469,276520827.93889594,265502768.43227774,254969308.06531245,244904456.76533672,235292624.21150386,226118619.83478355,217367652.81796247,209025332.09564337,201077666.354246,193511064.03200647,186312333.31897762,179468682.15702873,172967718.23984572,166797449.01293105,160946281.67360386,155403023.17099985,150156880.20607123,145197459.23158684,140514766.45213214,136099207.8241091,131941589.05573633,128033115.60704897,124365392.68989882,120930425.2679542,117720618.05669999,114728775.52343778,111948101.88728558,109372201.11917806,106995076.94186653,104811132.82991877,102815172.00971924,101002397.45946893,99368411.90918544,97909217.84070288,96621217.48767206,95501212.8355603,94546405.6216515,93754397.33504617,93123189.21666142,92651182.25923091,92337177.20730485,92180374.55725014,92180374.55725014,92337177.20730485,92651182.25923091,93123189.21666142,93754397.33504617,94546405.6216515,95501212.8355603,96621217.48767206,97909217.84070288,99368411.90918544,101002397.45946893,102815172.00971924,104811132.82991877,106995076.94186653,109372201.11917809,111948101.88728558,114728775.52343778,117720618.05670004,120930425.26795425,124365392.68989886,128033115.60704902,131941589.05573636,136099207.8241091,140514766.4521322,145197459.23158687,150156880.20607117,155403023.17099983,160946281.67360383,166797449.012931,172967718.23984566,179468682.15702868,186312333.3189776,193511064.03200647,201077666.354246,209025332.09564337,217367652.81796247,226118619.83478355,235292624.21150386,244904456.76533672,254969308.06531245,265502768.43227774,276520827.93889594,288039876.4096469,300076703.42082715,312648498.30054986,325772850.1287445,339467747.73715746,353751579.7093515,368643134.38070595,384161599.838417],[368956639.7428613,353751579.7093515,339167034.4331328,325183815.8270093,311783135.5556015,298946605.0353467,286656235.43449855,274894437.67312753,263644022.42312038,252888200.1081807,242610580.90382862,232795174.73740077,223426391.2880504,214489039.98674732,205968330.01627812,197849870.3112456,190119669.5580694,182764136.19498578,175770078.4120475,169124704.15112382,162815621.1059007,156830836.7218806,151158758.1963827,145788192.4785426,140708346.26931253,135908826.0214614,131379637.93957461,127111187.98005418,123094281.85111864,119320125.01280323,115780322.67695966,112466879.80725631,109372201.11917806,106489091.08002645,103810753.90891953,101330793.57679194,99043213.80639504,96942418.07229657,95023209.60088101,93280791.37034933,91710766.11071913,90309136.30382454,89072304.18331636,87997071.7346619,87080640.69514509,86320612.55386642,85714988.55174299,85262169.68150847,84960956.68771306,84810550.06672369,84810550.06672369,84960956.68771306,85262169.68150847,85714988.55174299,86320612.55386642,87080640.69514509,87997071.7346619,89072304.18331636,90309136.30382454,91710766.11071913,93280791.37034933,95023209.60088101,96942418.07229657,99043213.80639504,101330793.57679199,103810753.90891953,106489091.08002645,109372201.11917809,112466879.80725636,115780322.67695971,119320125.01280327,123094281.85111868,127111187.98005418,131379637.93957466,135908826.02146143,140708346.26931247,145788192.47854254,151158758.19638264,156830836.72188058,162815621.10590068,169124704.1511238,175770078.41204748,182764136.19498578,190119669.5580694,197849870.3112456,205968330.01627812,214489039.98674732,223426391.2880504,232795174.73740077,242610580.90382862,252888200.1081807,263644022.42312038,274894437.67312753,286656235.43449855,298946605.0353467,311783135.5556015,325183815.8270093,339167034.4331328,353751579.7093515,368956639.7428613],[354365931.626137,339467747.73715746,325183815.8270093,311494947.80849653,298382355.34623975,285827649.8566759,273812842.5080592,262320344.22045955,251332965.6657641,240833917.26767632,230806809.2017163,221235651.39522076,212104853.52734292,203399225.0290525,195103975.08313614,187204712.6241967,179687446.3386538,172538584.66474366,165744935.79251906,159293707.66384923,153172507.9724202,147369344.16373438,141872623.4351109,136671152.73568547,131754138.76641026,127111187.98005418,122732306.58120264,118607900.52625766,114728775.52343778,111086137.03277822,107671590.2661307,104477140.18716359,101495191.51136176,98718548.7060268,96140415.99027671,93754397.33504617,91554496.4630865,89535116.84896547,87691061.71906751,86017534.05159366,84510136.57656148,83164871.77580512,81978141.88297535,80946748.88353953,80067894.5147815,79339180.26580185,78758607.37751763,78324576.84266251,78035889.40578672,77891745.56325714,77891745.56325714,78035889.40578672,78324576.84266251,78758607.37751763,79339180.26580185,80067894.5147815,80946748.88353953,81978141.88297535,83164871.77580512,84510136.57656148,86017534.05159366,87691061.71906751,89535116.84896547,91554496.4630865,93754397.3350462,96140415.99027671,98718548.7060268,101495191.51136181,104477140.18716364,107671590.26613075,111086137.03277825,114728775.52343783,118607900.52625766,122732306.58120269,127111187.98005421,131754138.76641022,136671152.7356854,141872623.43511087,147369344.16373432,153172507.97242016,159293707.6638492,165744935.792519,172538584.66474366,179687446.3386538,187204712.6241967,195103975.08313614,203399225.0290525,212104853.52734292,221235651.39522076,230806809.2017163,240833917.26767632,251332965.6657641,262320344.22045955,273812842.5080592,285827649.8566759,298382355.34623975,311494947.80849653,325183815.8270093,339467747.73715746,354365931.626137],[340370687.15286463,325772850.1287445,311783135.5556015,298382355.34623975,285551721.16527945,273272844.4291581,261527736.3061293,250298807.7162635,239568869.33144763,229321131.57538515,219539204.62359607,210207098.40341723,201309222.59400177,192830386.62631962,184755799.68315706,177071070.69911727,169762208.36061975,162815621.10590068,156218117.12501281,149956904.35982552,144019590.50402468,138394183.00311282,133069089.05440904,128033115.60704897,123275469.36198495,118785756.77198574,114553984.04163681,110570557.12734014,106826281.7373143,103312363.3315945,100020407.12203248,96942418.07229657,94070800.89787173,91398360.0660594,88918299.7959777,86624224.05856128,84510136.57656145,82570440.82454598,80799940.02889936,79193837.1678225,77747734.97133307,76457635.92126517,75319942.25126961,74331455.94681369,73489378.74518134,72791312.13547304,72235257.35860592,71819615.40731363,71543187.02614638,71405172.71147108,71405172.71147108,71543187.02614638,71819615.40731363,72235257.35860592,72791312.13547304,73489378.74518134,74331455.94681369,75319942.25126961,76457635.92126517,77747734.97133307,79193837.1678225,80799940.02889936,82570440.82454598,84510136.57656145,86624224.05856131,88918299.7959777,91398360.0660594,94070800.89787173,96942418.07229662,100020407.12203251,103312363.33159453,106826281.73731433,110570557.12734018,114553984.04163684,118785756.77198578,123275469.36198491,128033115.60704897,133069089.054409,138394183.0031128,144019590.50402465,149956904.35982546,156218117.12501281,162815621.10590068,169762208.36061975,177071070.69911727,184755799.68315706,192830386.62631962,201309222.59400177,210207098.40341723,219539204.62359607,229321131.57538515,239568869.33144763,250298807.7162635,261527736.3061293,273272844.4291581,285551721.16527945,298382355.34623975,311783135.5556015,325772850.1287445,340370687.15286463],[326952517.73948133,312648498.30054986,298946605.0353467,285827649.8566759,273272844.4291581,261263800.1692303,249782528.24514642,238811439.57697678,228333344.8366082,218331454.4477443,208789378.58590516,199691127.17842743,191021109.9044644,182764136.19498578,174905415.23277822,167430555.95244452,160325567.04040435,153576856.9348939,147171233.825966,141095905.65548983,135338480.11715144,129886964.65645322,124729766.47071436,119855692.5090705,115253949.47247386,110914143.81369331,106826281.7373143,102980769.1997388,99368411.9091854,95980415.32568927,92808384.66110219,89844324.87909248,87080640.69514506,84510136.57656145,82126016.7424597,79921885.16377449,77891745.56325711,76030001.41547535,74331455.94681366,72791312.13547304,71405172.71147108,70169040.15664192,69079316.70463632,68132804.34092164,67326704.80278175,66658619.57931721,66126549.91144507,65728896.79189901,65464460.96522927,65332442.92780269,65332442.92780269,65464460.96522927,65728896.79189901,66126549.91144507,66658619.57931721,67326704.80278175,68132804.34092164,69079316.70463632,70169040.15664192,71405172.71147108,72791312.13547304,74331455.94681366,76030001.41547535,77891745.56325711,79921885.16377452,82126016.7424597,84510136.57656145,87080640.69514509,89844324.87909253,92808384.66110224,95980415.32568932,99368411.90918544,102980769.1997388,106826281.73731433,110914143.81369334,115253949.47247382,119855692.50907046,124729766.47071432,129886964.65645319,135338480.11715138,141095905.6554898,147171233.82596594,153576856.9348939,160325567.04040435,167430555.95244452,174905415.23277822,182764136.19498578,191021109.9044644,199691127.17842743,208789378.58590516,218331454.4477443,228333344.8366082,238811439.57697678,249782528.24514642,261263800.1692303,273272844.4291581,285827649.8566759,298946605.0353467,312648498.30054986,326952517.73948133],[314093434.554241,300076703.42082715,286656235.43449855,273812842.5080592,261527736.3061293,249782528.24514642,238559229.49336419,227840250.9708529,217608403.3494996,207846897.05300775,198539342.2568973,189669748.88850513,181222526.62698436,173182484.90330496,165534832.90025318,158265179.55243218,151359533.54626152,144804303.3199773,138586297.06363237,132692722.71909602,127111187.98005418,121829700.29200932,116836666.85228059,112120894.6100036,107671590.2661307,103478360.27343065,99531210.83648889,95820547.91170743,92337177.20730485,89072304.18331632,86017534.05159363,83164871.77580509,80506722.07143563,78035889.40578672,75745577.99797648,73629391.81893955,71681334.59142724,69895809.79000732,68267620.6410643,66791970.12279906,65464460.96522927,64281095.65018909,63238276.41132925,62332805.23411708,61561883.85583653,60923113.76558809,60414496.20428882,60034432.16467242,59781722.39128912,59655567.380505756,59655567.380505756,59781722.39128912,60034432.16467242,60414496.20428882,60923113.76558809,61561883.85583653,62332805.23411708,63238276.41132925,64281095.65018909,65464460.96522927,66791970.12279906,68267620.6410643,69895809.79000732,71681334.59142724,73629391.81893958,75745577.99797648,78035889.40578672,80506722.07143563,83164871.77580512,86017534.05159366,89072304.18331636,92337177.20730488,95820547.91170748,99531210.83648892,103478360.27343068,107671590.26613067,112120894.6100036,116836666.85228056,121829700.2920093,127111187.98005414,132692722.71909598,138586297.06363237,144804303.3199773,151359533.54626152,158265179.55243218,165534832.90025318,173182484.90330496,181222526.62698436,189669748.88850513,198539342.2568973,207846897.05300775,217608403.3494996,227840250.9708529,238559229.49336419,249782528.24514642,261527736.3061293,273812842.5080592,286656235.43449855,300076703.42082715,314093434.554241],[301775848.5172138,288039876.4096469,274894437.67312753,262320344.22045955,250298807.7162635,238811439.57697678,227840250.9708529,217367652.8179624,207376455.79019213,197849870.3112456,188771506.55664286,180125374.45372063,171895883.68163216,164067843.6713473,156626463.60565245,149557352.41915065,142846518.79826146,136480371.18122107,130445717.75808224,124729766.47071436,119320125.01280323,114204800.82985143,109372201.11917806,104811132.82991877,100510802.66302584,96460817.07126807,92651182.25923091,89072304.18331632,85714988.55174299,82570440.82454598,79630266.2135771,76886469.68250471,74331455.94681366,71958029.4738055,69759394.48259833,67729154.9441268,65861314.58114216,64150276.86821224,62590845.031721495,61178222.04987087,59908010.652678,58776213.32197704,57779232.29141873,56913869.54647041,56177326.824416004,55567205.61435602,55081507.15720751,54718632.44570419,54477382.22439627,54356956.9896506,54356956.9896506,54477382.22439627,54718632.44570419,55081507.15720751,55567205.61435602,56177326.824416004,56913869.54647041,57779232.29141873,58776213.32197704,59908010.652678,61178222.04987087,62590845.031721495,64150276.86821224,65861314.58114216,67729154.9441268,69759394.48259836,71958029.47380553,74331455.94681366,76886469.68250471,79630266.21357715,82570440.82454598,85714988.55174299,89072304.18331636,92651182.25923091,96460817.07126807,100510802.66302577,104811132.82991874,109372201.11917806,114204800.82985139,119320125.01280318,124729766.47071432,130445717.75808224,136480371.18122107,142846518.79826146,149557352.41915065,156626463.60565245,164067843.6713473,171895883.68163216,180125374.45372063,188771506.55664286,197849870.3112456,207376455.79019213,217367652.8179624,227840250.9708529,238811439.57697678,250298807.7162635,262320344.22045955,274894437.67312753,288039876.4096469,301775848.5172138],[289982570.30028677,276520827.93889594,263644022.42312038,251332965.6657641,239568869.33144763,228333344.8366082,217608403.3494996,207376455.79019213,197620312.8305727,188323184.89434487,179468682.15702868,171040814.54596084,163023991.74029464,155403023.17099977,148163118.02086288,141289885.22448677,134769333.46829113,128587871.19051215,122732306.58120261,117189847.58223176,111948101.88728558,106995076.94186653,102319179.94329374,97909217.84070288,93754397.33504617,89844324.87909248,86169006.67742726,82718848.68645248,79484656.61438671,76457635.92126514,73629391.81893955,70991929.27107826,68537652.99316615,66259367.45250481,64150276.86821224,62203985.21122317,60414496.20428882,58776213.32197703,57283939.79067224,55932878.58857542,54718632.44570419,53637203.8438927,52684995.0167917,51858807.94986853,51155844.3804071,50573705.797507934,50110393.44208808,49764308.30688126,49534251.13643767,49419422.42712416,49419422.42712416,49534251.13643767,49764308.30688126,50110393.44208808,50573705.797507934,51155844.3804071,51858807.94986853,52684995.0167917,53637203.8438927,54718632.44570419,55932878.58857542,57283939.79067224,58776213.32197703,60414496.20428882,62203985.211223185,64150276.86821225,66259367.45250481,68537652.99316618,70991929.27107829,73629391.81893958,76457635.92126517,79484656.61438674,82718848.68645248,86169006.67742729,89844324.87909253,93754397.33504614,97909217.84070285,102319179.9432937,106995076.94186649,111948101.88728555,117189847.58223172,122732306.58120257,128587871.19051215,134769333.46829113,141289885.22448677,148163118.02086288,155403023.17099977,163023991.74029464,171040814.54596084,179468682.15702868,188323184.89434487,197620312.8305727,207376455.79019213,217608403.3494996,228333344.8366082,239568869.33144763,251332965.6657641,263644022.42312038,276520827.93889594,289982570.30028677],[278696810.3271634,265502768.43227774,252888200.1081807,240833917.26767632,229321131.57538515,218331454.4477443,207846897.05300775,197849870.3112456,188323184.89434487,179250051.22600913,170614079.48175836,162399279.58892933,154590061.22667527,147171233.825966,140128006.56958795,133445988.3921441,127111187.98005414,121110013.77155414,115429273.95669694,110056176.47735181,104978329.02720468,100183739.05175807,95660813.74833108,91398360.0660594,87385584.70589523,83612094.12060745,80067894.51478148,76743391.84481932,73629391.81893958,70717099.89717737,67998121.2913845,65464460.96522929,63108523.63419664,60923113.765588075,58901435.5785217,57037093.04393216,55324089.88457072,53756829.575005196,52330115.34162004,51039150.16261622,49879536.76801135,48847277.63963958,47938775.01115167,47150830.86801495,46480646.94751334,45925824.73874735,45484365.482634045,45154670.17190712,44935539.55111681,44826174.116629936,44826174.116629936,44935539.55111681,45154670.17190712,45484365.482634045,45925824.73874735,46480646.94751334,47150830.86801495,47938775.01115167,48847277.63963958,49879536.76801135,51039150.16261622,52330115.34162004,53756829.575005196,55324089.88457072,57037093.04393218,58901435.57852171,60923113.765588105,63108523.634196654,65464460.96522929,67998121.2913845,70717099.8971774,73629391.81893958,76743391.84481935,80067894.5147815,83612094.12060748,87385584.70589523,91398360.06605937,95660813.74833106,100183739.05175807,104978329.02720463,110056176.47735177,115429273.9566969,121110013.77155414,127111187.98005414,133445988.3921441,140128006.56958795,147171233.825966,154590061.22667527,162399279.58892933,170614079.48175836,179250051.22600913,188323184.89434487,197849870.3112456,207846897.05300775,218331454.4477443,229321131.57538515,240833917.26767632,252888200.1081807,265502768.43227774,278696810.3271634],[267902178.7733638,254969308.06531245,242610580.90382862,230806809.2017163,219539204.62359607,208789378.58590516,198539342.2568973,188771506.55664286,179468682.15702868,170614079.48175836,162191308.70635194,154184379.75814614,146577702.31629422,139356085.81176588,132504739.4273478,126009272.09764273,119855692.50907041,114030409.09986699,108520230.06008527,103312363.3315945,98394416.60808064,93754397.33504617,89380712.70981023,85262169.68150847,81387974.95109311,77747734.97133303,74331455.94681366,71129543.833937,68132804.34092161,65332442.92780269,62720064.80643198,60287674.940477826,58027678.04542513,55932878.58857542,53996480.789046764,52212088.61777385,50573705.79750793,49075735.80281681,47712981.86008496,46480646.94751333,45374333.79511954,44390044.884737745,43524182.450018704,42773548.47642974,42135344.70125478,41607172.61359434,41187033.45436546,40873328.21630186,40664857.64395376,40560822.233688,40560822.233688,40664857.64395376,40873328.21630186,41187033.45436546,41607172.61359434,42135344.70125478,42773548.47642974,43524182.450018704,44390044.884737745,45374333.79511954,46480646.94751333,47712981.86008496,49075735.80281681,50573705.79750793,52212088.61777387,53996480.78904678,55932878.58857542,58027678.04542514,60287674.940477826,62720064.806431994,65332442.927802704,68132804.34092164,71129543.833937,74331455.94681369,77747734.97133307,81387974.95109308,85262169.68150842,89380712.70981018,93754397.33504614,98394416.6080806,103312363.33159445,108520230.06008522,114030409.09986699,119855692.50907041,126009272.09764273,132504739.4273478,139356085.81176588,146577702.31629422,154184379.75814614,162191308.70635194,170614079.48175836,179468682.15702868,188771506.55664286,198539342.2568973,208789378.58590516,219539204.62359607,230806809.2017163,242610580.90382862,254969308.06531245,267902178.7733638],[257582685.56622463,244904456.76533672,232795174.73740077,221235651.39522076,210207098.40341723,199691127.17842743,189669748.88850513,180125374.45372063,171040814.54596084,162399279.58892933,154184379.75814614,146380124.980948,138970924.93648812,131941589.05573629,125277326.52147909,118963746.26831935,112986856.98267677,107333067.10278751,101989184.81870435,96942418.07229657,92180374.55725014,87691061.71906751,83462886.75506783,79484656.61438674,75745577.99797648,72235257.35860592,68943700.90086049,65861314.58114217,62978904.107669555,60287674.940477826,57779232.29141873,55445581.12416061,53279126.154188365,51272671.84880353,49419422.42712416,47712981.86008496,46147353.87043715,44716941.932748586,43416549.273403704,42241378.87060346,41187033.45436547,40249515.50652391,39425227.26072951,38710970.70244961,38103947.56896814,37601759.3493856,37202407.28461904,36904292.36740218,36706215.342285246,36607376.70563506,36607376.70563506,36706215.342285246,36904292.36740218,37202407.28461904,37601759.3493856,38103947.56896814,38710970.70244961,39425227.26072951,40249515.50652391,41187033.45436547,42241378.87060346,43416549.273403704,44716941.932748586,46147353.87043715,47712981.86008497,49419422.42712417,51272671.84880353,53279126.15418837,55445581.12416061,57779232.291418746,60287674.94047784,62978904.10766958,65861314.58114219,68943700.90086052,72235257.35860595,75745577.99797645,79484656.61438671,83462886.7550678,87691061.71906748,92180374.55725011,96942418.07229654,101989184.81870432,107333067.10278751,112986856.98267677,118963746.26831935,125277326.52147909,131941589.05573629,138970924.93648812,146380124.980948,154184379.75814614,162399279.58892933,171040814.54596084,180125374.45372063,189669748.88850513,199691127.17842743,210207098.40341723,221235651.39522076,232795174.73740077,244904456.76533672,257582685.56622463],[247722740.38489917,235292624.21150386,223426391.2880504,212104853.52734292,201309222.59400177,191021109.9044644,181222526.62698436,171895883.68163216,163023991.74029464,154590061.22667527,146577702.31629422,138970924.93648812,131754138.76641022,124912153.23703037,118430177.53113504,112293820.5833272,106489091.08002642,101002397.4594689,95820547.9117074,90930750.3786113,86320612.55386642,81978141.88297532,77891745.56325711,74050230.54384746,70442803.5256986,67059070.96157935,63889039.056075186,60923113.765588075,58152100.79833663,55567205.61435602,53160033.42549798,50922589.19543087,48847277.63963957,46926903.22542562,45154670.17190711,43524182.450018704,42029443.782511644,40664857.64395376,39425227.26072951,38305755.61103985,37302045.424902394,36410099.18415131,35626319.12243733,34947507.225227796,34370865.22980664,33893994.62527436,33514896.652548023,33231972.304361325,33044022.32526449,32950247.21162436,32950247.21162436,33044022.32526449,33231972.304361325,33514896.652548023,33893994.62527436,34370865.22980664,34947507.225227796,35626319.12243733,36410099.18415131,37302045.424902394,38305755.61103985,39425227.26072951,40664857.64395376,42029443.782511644,43524182.45001871,45154670.17190712,46926903.225425646,48847277.63963958,50922589.19543087,53160033.425497994,55567205.61435603,58152100.79833666,60923113.765588105,63889039.0560752,67059070.96157937,70442803.52569854,74050230.54384743,77891745.56325711,81978141.8829753,86320612.55386639,90930750.37861127,95820547.9117074,101002397.4594689,106489091.08002642,112293820.5833272,118430177.53113504,124912153.23703037,131754138.76641022,138970924.93648812,146577702.31629422,154590061.22667527,163023991.74029464,171895883.68163216,181222526.62698436,191021109.9044644,201309222.59400177,212104853.52734292,223426391.2880504,235292624.21150386,247722740.38489917],[238307152.66035712,226118619.83478355,214489039.98674732,203399225.0290525,192830386.62631962,182764136.19498578,173182484.90330496,164067843.6713473,155403023.17099977,147171233.825966,139356085.81176588,131941589.05573629,124912153.23703037,118252587.78661798,111948101.88728555,105984304.47363605,100347204.23208916,95023209.60088097,89999128.77006431,85262169.68150847,80799940.02889933,76600447.25773947,72652098.56534797,68943700.90086049,65464460.96522927,62203985.21122317,59152279.843427606,56299750.81824458,53637203.843892686,51155844.3804071,48847277.63963957,46703508.58525843,44716941.932748586,42880382.149411574,41187033.45436546,39630499.81854493,38204784.96470122,36904292.36740217,35723825.25303222,34658586.59979234,33704179.13770013,32856605.34858977,32112267.466111995,31467967.475734144,30920907.114740137,30468687.872230485,30109310.98912225,29841177.458149124,29663088.02386134,29574243.182625737,29574243.182625737,29663088.02386134,29841177.458149124,30109310.98912225,30468687.872230485,30920907.114740137,31467967.475734144,32112267.466111995,32856605.34858977,33704179.13770013,34658586.59979234,35723825.25303222,36904292.36740217,38204784.96470122,39630499.81854495,41187033.45436547,42880382.1494116,44716941.9327486,46703508.58525843,48847277.63963958,51155844.38040712,53637203.843892716,56299750.818244606,59152279.84342762,62203985.211223185,65464460.96522924,68943700.90086046,72652098.56534794,76600447.25773947,80799940.0288993,85262169.68150842,89999128.77006428,95023209.60088097,100347204.23208916,105984304.47363605,111948101.88728555,118252587.78661798,124912153.23703037,131941589.05573629,139356085.81176588,147171233.825966,155403023.17099977,164067843.6713473,173182484.90330496,182764136.19498578,192830386.62631962,203399225.0290525,214489039.98674732,226118619.83478355,238307152.66035712],[229321131.57538515,217367652.81796247,205968330.01627812,195103975.08313614,184755799.68315706,174905415.23277822,165534832.90025318,156626463.60565245,148163118.02086288,140128006.56958795,132504739.4273478,125277326.52147909,118430177.53113504,111948101.88728555,105816308.77271701,100020407.12203248,94546405.62165146,89380712.70981018,84510136.57656142,79921885.16377452,75603566.16513531,71543187.02614638,67729154.9441268,64150276.86821225,60795759.49935498,57655209.29032381,54718632.44570419,51976434.921898104,49419422.42712416,47038800.42141752,44826174.116629936,42773548.476429746,40873328.21630186,39118317.8035478,37501721.45728565,36017143.148450084,34658586.59979234,33420455.285880256,32297552.433098275,31285081.019647364,30378643.77554513,29574243.18262575,28868281.474539954,28257560.636755083,27739282.406555064,27311048.273040395,26970859.477128148,26717117.011552017,26548621.62086223,26464573.801425625,26464573.801425625,26548621.62086223,26717117.011552017,26970859.477128148,27311048.273040395,27739282.406555064,28257560.636755083,28868281.474539954,29574243.18262575,30378643.77554513,31285081.019647364,32297552.433098275,33420455.285880256,34658586.59979234,36017143.14845009,37501721.457285665,39118317.80354782,40873328.21630187,42773548.476429746,44826174.11662994,47038800.421417534,49419422.42712418,51976434.92189813,54718632.4457042,57655209.29032382,60795759.49935495,64150276.86821222,67729154.9441268,71543187.02614635,75603566.16513528,79921885.16377449,84510136.57656142,89380712.70981018,94546405.62165146,100020407.12203248,105816308.77271701,111948101.88728555,118430177.53113504,125277326.52147909,132504739.4273478,140128006.56958795,148163118.02086288,156626463.60565245,165534832.90025318,174905415.23277822,184755799.68315706,195103975.08313614,205968330.01627812,217367652.81796247,229321131.57538515],[220750286.06458604,209025332.09564337,197849870.3112456,187204712.6241967,177071070.69911727,167430555.95244452,158265179.55243218,149557352.41915065,141289885.22448677,133445988.3921441,126009272.09764273,118963746.26831935,112293820.5833272,105984304.47363605,100020407.12203248,94387737.46311933,89072304.18331629,84060515.72085953,79339180.26580182,74895505.76001245,70717099.89717737,66791970.12279906,63108523.63419664,59655567.380505756,56422308.062678695,53398352.133484274,50573705.79750793,47938775.01115166,45484365.48263403,43201682.67199026,41082331.79107207,39118317.803547814,37302045.42490238,35626319.12243731,34084343.115270674,32669721.37433715,31376457.622387983,30198955.33399101,29132017.735530663,28170847.80520792,27311048.273040388,26548621.62086223,25879970.082324192,25301895.642893612,24811600.03985441,24406684.762307093,24085151.051168725,23845399.899173003,23686232.050870154,23606848.00262702,23606848.00262702,23686232.050870154,23845399.899173003,24085151.051168725,24406684.762307093,24811600.03985441,25301895.642893612,25879970.082324192,26548621.62086223,27311048.273040388,28170847.80520792,29132017.735530663,30198955.33399101,31376457.622387983,32669721.374337163,34084343.11527068,35626319.12243731,37302045.424902394,39118317.803547814,41082331.791072085,43201682.671990275,45484365.48263406,47938775.01115167,50573705.79750795,53398352.1334843,56422308.062678665,59655567.38050574,63108523.63419661,66791970.12279903,70717099.89717734,74895505.76001242,79339180.26580179,84060515.72085953,89072304.18331629,94387737.46311933,100020407.12203248,105984304.47363605,112293820.5833272,118963746.26831935,126009272.09764273,133445988.3921441,141289885.22448677,149557352.41915065,158265179.55243218,167430555.95244452,177071070.69911727,187204712.6241967,197849870.3112456,209025332.09564337,220750286.06458604],[212580624.8143795,201077666.354246,190119669.5580694,179687446.3386538,169762208.36061975,160325567.04040435,151359533.54626152,142846518.79826146,134769333.46829113,127111187.98005414,119855692.50907041,112986856.98267677,106489091.08002642,100347204.23208916,94546405.62165146,89072304.18331629,83910908.60350332,79048627.32044864,74472268.52420507,70169040.15664192,66126549.91144507,62332805.23411707,58776213.32197703,55445581.124160595,52330115.34162003,49419422.42712416,46703508.58525842,44172779.77242481,41818041.69684192,39630499.81854493,37601759.34938558,35723825.25303222,33989102.24496975,32390394.792499688,30920907.11474013,29574243.182625737,28344406.71890776,27225801.198154032,26213229.84674899,25301895.642893612,24487401.316605497,23765749.34971882,23133341.97588432,22586981.180569332,22123868.701057784,21741606.026450176,21438194.39766358,21212034.80743168,21061928.000304718,20987074.472649522,20987074.472649522,21061928.000304718,21212034.80743168,21438194.39766358,21741606.026450176,22123868.701057784,22586981.180569332,23133341.97588432,23765749.34971882,24487401.316605497,25301895.642893612,26213229.84674899,27225801.198154032,28344406.71890776,29574243.18262575,30920907.114740137,32390394.79249971,33989102.24496976,35723825.25303222,37601759.3493856,39630499.81854495,41818041.69684195,44172779.77242483,46703508.58525843,49419422.42712417,52330115.341620006,55445581.12416057,58776213.32197701,62332805.23411706,66126549.91144504,70169040.15664189,74472268.52420504,79048627.32044864,83910908.60350332,89072304.18331629,94546405.62165146,100347204.23208916,106489091.08002642,112986856.98267677,119855692.50907041,127111187.98005414,134769333.46829113,142846518.79826146,151359533.54626152,160325567.04040435,169762208.36061975,179687446.3386538,190119669.5580694,201077666.354246,212580624.8143795],[204798556.26300168,193511064.03200647,182764136.19498578,172538584.66474366,162815621.10590068,153576856.9348939,144804303.3199773,136480371.18122107,128587871.19051215,121110013.77155414,114030409.09986699,107333067.10278751,101002397.4594689,95023209.60088097,89380712.70981018,84060515.72085953,79048627.32044864,74331455.94681363,69895809.79000732,65728896.79189901,61818324.646174595,58152100.79833662,54718632.44570418,51506726.537412934,48505589.774415135,45704828.60947963,43094449.24719183,40664857.64395375,38406859.50798398,36311660.299317695,34370865.22980663,32576479.263119143,30920907.11474013,29396953.251971114,27997821.89393018,26717117.011552006,25548842.32758783,24487401.31660549,23527597.20498942,22664632.970940597,21894111.34447663,21212034.80743168,20614805.593456496,20099225.688018408,19662496.828401346,19302220.50370581,19016397.954848867,18803430.174564213,18662117.90740208,18591661.6497293,18591661.6497293,18662117.90740208,18803430.174564213,19016397.954848867,19302220.50370581,19662496.828401346,20099225.688018408,20614805.593456496,21212034.80743168,21894111.34447663,22664632.970940597,23527597.20498942,24487401.31660549,25548842.32758783,26717117.011552017,27997821.893930193,29396953.251971133,30920907.114740137,32576479.263119143,34370865.22980664,36311660.2993177,38406859.507984005,40664857.64395378,43094449.24719185,45704828.609479636,48505589.77441511,51506726.53741291,54718632.44570416,58152100.7983366,61818324.646174565,65728896.79189898,69895809.7900073,74331455.94681363,79048627.32044864,84060515.72085953,89380712.70981018,95023209.60088097,101002397.4594689,107333067.10278751,114030409.09986699,121110013.77155414,128587871.19051215,136480371.18122107,144804303.3199773,153576856.9348939,162815621.10590068,172538584.66474366,182764136.19498578,193511064.03200647,204798556.26300168],[197390888.6005054,186312333.31897762,175770078.4120475,165744935.79251906,156218117.12501281,147171233.825966,138586297.06363237,130445717.75808224,122732306.58120261,115429273.95669694,108520230.06008527,101989184.81870435,95820547.9117074,89999128.77006431,84510136.57656142,79339180.26580182,74472268.52420507,69895809.79000732,65596612.25326137,61561883.85583653,57779232.291418746,54236665.00551049,50922589.19543087,47825811.81031555,44935539.55111681,42241378.87060346,39733335.97336095,37401816.81579127,35237627.106112994,33231972.304361325,31376457.622387994,29663088.023861352,28084268.224266298,26632802.690904364,25301895.642893612,24085151.051168736,22976572.638480972,21970563.879398156,21061928.000304725,20245867.979401655,19517986.546706554,18874286.184053585,18311169.12509349,17825437.35529361,17414292.61193787,17075336.384126768,16806569.91277737,16606394.190623377,16473609.962215016,16407417.723919127,16407417.723919127,16473609.962215016,16606394.190623377,16806569.91277737,17075336.384126768,17414292.61193787,17825437.35529361,18311169.12509349,18874286.184053585,19517986.546706554,20245867.979401655,21061928.000304725,21970563.879398156,22976572.638480972,24085151.051168744,25301895.64289362,26632802.690904364,28084268.224266306,29663088.023861352,31376457.622388005,33231972.304361336,35237627.10611302,37401816.81579128,39733335.97336097,42241378.87060349,44935539.55111678,47825811.810315534,50922589.19543084,54236665.00551046,57779232.29141872,61561883.8558365,65596612.25326136,69895809.79000732,74472268.52420507,79339180.26580182,84510136.57656142,89999128.77006431,95820547.9117074,101989184.81870435,108520230.06008527,115429273.95669694,122732306.58120261,130445717.75808224,138586297.06363237,147171233.825966,156218117.12501281,165744935.79251906,175770078.4120475,186312333.31897762,197390888.6005054],[190344829.7687599,179468682.15702873,169124704.15112382,159293707.66384923,149956904.35982552,141095905.65548983,132692722.71909602,124729766.47071436,117189847.58223176,110056176.47735181,103312363.3315945,96942418.07229657,90930750.3786113,85262169.68150847,79921885.16377452,74895505.76001245,70169040.15664192,65728896.79189901,61561883.85583653,57655209.29032384,53996480.7890468,50573705.79750795,47375291.51302638,44390044.88473777,41607172.613594346,39016281.15236498,36607376.70563508,34370865.229806654,32297552.433098283,30378643.775545143,28605744.46899899,26970859.477128167,25466393.515417583,24085151.051168744,22820336.303499743,21665553.243345242,20614805.593456503,19662496.82840136,18803430.17456424,18032808.610146116,17346234.865164604,16739711.421453856,16209640.512664635,15752824.12426427,15366463.993536683,15048161.60958237,14795918.21331842,14608134.797478497,14483612.106612856,14421550.637088325,14421550.637088325,14483612.106612856,14608134.797478497,14795918.21331842,15048161.60958237,15366463.993536683,15752824.12426427,16209640.512664635,16739711.421453856,17346234.865164604,18032808.610146116,18803430.17456424,19662496.82840136,20614805.593456503,21665553.24334525,22820336.30349975,24085151.05116875,25