{"data":[{"type":"contour","x":[-1.0,-0.9797979797979798,-0.9595959595959596,-0.9393939393939394,-0.9191919191919192,-0.898989898989899,-0.8787878787878788,-0.8585858585858586,-0.8383838383838383,-0.8181818181818181,-0.797979797979798,-0.7777777777777778,-0.7575757575757576,-0.7373737373737373,-0.7171717171717171,-0.696969696969697,-0.6767676767676767,-0.6565656565656566,-0.6363636363636364,-0.6161616161616161,-0.595959595959596,-0.5757575757575757,-0.5555555555555556,-0.5353535353535354,-0.5151515151515151,-0.4949494949494949,-0.4747474747474747,-0.4545454545454546,-0.43434343434343436,-0.41414141414141414,-0.3939393939393939,-0.3737373737373737,-0.3535353535353535,-0.33333333333333337,-0.31313131313131315,-0.29292929292929293,-0.2727272727272727,-0.2525252525252525,-0.23232323232323238,-0.21212121212121215,-0.19191919191919193,-0.1717171717171717,-0.1515151515151515,-0.13131313131313127,-0.11111111111111116,-0.09090909090909094,-0.07070707070707072,-0.0505050505050505,-0.030303030303030276,-0.010101010101010055,0.010101010101010166,0.030303030303030276,0.05050505050505061,0.07070707070707072,0.09090909090909083,0.11111111111111116,0.13131313131313127,0.1515151515151516,0.1717171717171717,0.19191919191919182,0.21212121212121215,0.23232323232323226,0.2525252525252526,0.2727272727272727,0.29292929292929304,0.31313131313131315,0.33333333333333326,0.3535353535353536,0.3737373737373737,0.39393939393939403,0.41414141414141414,0.43434343434343425,0.4545454545454546,0.4747474747474747,0.49494949494949503,0.5151515151515151,0.5353535353535352,0.5555555555555556,0.5757575757575757,0.595959595959596,0.6161616161616161,0.6363636363636365,0.6565656565656566,0.6767676767676767,0.696969696969697,0.7171717171717171,0.7373737373737375,0.7575757575757576,0.7777777777777777,0.797979797979798,0.8181818181818181,0.8383838383838385,0.8585858585858586,0.8787878787878789,0.898989898989899,0.9191919191919191,0.9393939393939394,0.9595959595959596,0.9797979797979799,1.0],"y":[-1.0,-0.9797979797979798,-0.9595959595959596,-0.9393939393939394,-0.9191919191919192,-0.898989898989899,-0.8787878787878788,-0.8585858585858586,-0.8383838383838383,-0.8181818181818181,-0.797979797979798,-0.7777777777777778,-0.7575757575757576,-0.7373737373737373,-0.7171717171717171,-0.696969696969697,-0.6767676767676767,-0.6565656565656566,-0.6363636363636364,-0.6161616161616161,-0.595959595959596,-0.5757575757575757,-0.5555555555555556,-0.5353535353535354,-0.5151515151515151,-0.4949494949494949,-0.4747474747474747,-0.4545454545454546,-0.43434343434343436,-0.41414141414141414,-0.3939393939393939,-0.3737373737373737,-0.3535353535353535,-0.33333333333333337,-0.31313131313131315,-0.29292929292929293,-0.2727272727272727,-0.2525252525252525,-0.23232323232323238,-0.21212121212121215,-0.19191919191919193,-0.1717171717171717,-0.1515151515151515,-0.13131313131313127,-0.11111111111111116,-0.09090909090909094,-0.07070707070707072,-0.0505050505050505,-0.030303030303030276,-0.010101010101010055,0.010101010101010166,0.030303030303030276,0.05050505050505061,0.07070707070707072,0.09090909090909083,0.11111111111111116,0.13131313131313127,0.1515151515151516,0.1717171717171717,0.19191919191919182,0.21212121212121215,0.23232323232323226,0.2525252525252526,0.2727272727272727,0.29292929292929304,0.31313131313131315,0.33333333333333326,0.3535353535353536,0.3737373737373737,0.39393939393939403,0.41414141414141414,0.43434343434343425,0.4545454545454546,0.4747474747474747,0.49494949494949503,0.5151515151515151,0.5353535353535352,0.5555555555555556,0.5757575757575757,0.595959595959596,0.6161616161616161,0.6363636363636365,0.6565656565656566,0.6767676767676767,0.696969696969697,0.7171717171717171,0.7373737373737375,0.7575757575757576,0.7777777777777777,0.797979797979798,0.8181818181818181,0.8383838383838385,0.8585858585858586,0.8787878787878789,0.898989898989899,0.9191919191919191,0.9393939393939394,0.9595959595959596,0.9797979797979799,1.0],"z":[[2.2,2.1550111929902966,2.1013514314259965,2.0404666643271843,1.9746058218405511,1.9065962421023879,1.8395613395727575,1.7766087078498491,1.7205198023202344,1.673472190241856,1.6368221037455606,1.6109690095263474,1.5953157189922043,1.5883280221819023,1.5876878905420262,1.5905249500764054,1.5937031104767059,1.5941337280899441,1.5890840309690686,1.5764500073705303,1.5549665076635133,1.524333579343848,1.48524641962054,1.4393259545765793,1.3889569771138444,1.3370500068650812,1.2867506522097911,1.2411254968534053,1.2028558776337517,1.1739701322185094,1.1556410538400286,1.1480687787849024,1.1504608012317918,1.1611111111111112,1.1775705524568214,1.1968913906461567,1.2159216665894448,1.231619944318656,1.241359021984093,1.243188278358043,1.2360284575099953,1.2197794408912066,1.1953302449491663,1.1644702459325278,1.1297104967790388,1.0940329789825889,1.0605928285873971,1.0324032713558857,1.012034728780054,1.0013581415374213,1.0013581415374213,1.012034728780054,1.0324032713558857,1.0605928285873971,1.0940329789825887,1.1297104967790388,1.1644702459325278,1.1953302449491665,1.2197794408912066,1.236028457509995,1.243188278358043,1.241359021984093,1.2316199443186557,1.2159216665894448,1.1968913906461565,1.1775705524568214,1.1611111111111112,1.150460801231792,1.1480687787849024,1.1556410538400286,1.1739701322185094,1.2028558776337512,1.2411254968534053,1.2867506522097911,1.3370500068650815,1.3889569771138444,1.4393259545765789,1.48524641962054,1.524333579343848,1.5549665076635133,1.5764500073705303,1.5890840309690688,1.5941337280899441,1.5937031104767059,1.5905249500764054,1.5876878905420262,1.5883280221819025,1.5953157189922043,1.6109690095263474,1.6368221037455606,1.673472190241856,1.720519802320235,1.7766087078498491,1.8395613395727575,1.9065962421023879,1.9746058218405511,2.0404666643271843,2.1013514314259965,2.1550111929902975,2.2],[2.1550111929902966,2.110022385980594,2.056362624416293,1.9954778573174812,1.9296170148308482,1.861607435092685,1.7945725325630542,1.731619900840146,1.6755309953105315,1.6284833832321528,1.5918332967358575,1.5659802025166443,1.5503269119825012,1.5433392151721994,1.542699083532323,1.5455361430667025,1.5487143034670026,1.5491449210802408,1.5440952239593655,1.5314612003608274,1.5099777006538104,1.4793447723341446,1.4402576126108366,1.394337147566876,1.3439681701041413,1.2920611998553782,1.241761845200088,1.1961366898437025,1.1578670706240484,1.1289813252088066,1.1106522468303255,1.1030799717751991,1.105471994222089,1.116122304101408,1.1325817454471183,1.1519025836364536,1.170932859579742,1.1866311373089526,1.19637021497439,1.1981994713483397,1.191039650500292,1.1747906338815035,1.1503414379394632,1.119481438922825,1.0847216897693357,1.0490441719728858,1.0156040215776942,0.9874144643461824,0.967045921770351,0.9563693345277182,0.9563693345277182,0.967045921770351,0.9874144643461825,1.0156040215776942,1.0490441719728856,1.0847216897693357,1.119481438922825,1.1503414379394634,1.1747906338815035,1.191039650500292,1.1981994713483397,1.19637021497439,1.1866311373089526,1.170932859579742,1.1519025836364534,1.1325817454471183,1.1161223041014081,1.1054719942220887,1.1030799717751991,1.1106522468303255,1.1289813252088066,1.1578670706240484,1.1961366898437025,1.241761845200088,1.2920611998553784,1.3439681701041413,1.394337147566876,1.4402576126108366,1.4793447723341446,1.5099777006538104,1.5314612003608274,1.5440952239593655,1.5491449210802408,1.5487143034670026,1.5455361430667025,1.542699083532323,1.5433392151721994,1.5503269119825012,1.5659802025166443,1.5918332967358575,1.6284833832321528,1.6755309953105317,1.731619900840146,1.7945725325630546,1.861607435092685,1.9296170148308478,1.9954778573174812,2.056362624416293,2.110022385980594,2.1550111929902966],[2.1013514314259965,2.056362624416293,2.0027028628519923,1.9418180957531805,1.8759572532665474,1.8079476735283841,1.7409127709987535,1.6779601392758454,1.6218712337462307,1.574823621667852,1.5381735351715569,1.5123204409523436,1.4966671504182003,1.4896794536078986,1.4890393219680225,1.4918763815024016,1.4950545419027021,1.4954851595159402,1.4904354623950649,1.4778014387965266,1.4563179390895096,1.4256850107698442,1.386597851046536,1.3406773860025756,1.2903084085398406,1.2384014382910775,1.1881020836357874,1.1424769282794016,1.104207309059748,1.0753215636445057,1.0569924852660249,1.0494202102108987,1.0518122326577881,1.0624625425371075,1.0789219838828177,1.098242822072153,1.117273098015441,1.132971375744652,1.1427104534100894,1.1445397097840393,1.1373798889359914,1.1211308723172029,1.0966816763751626,1.065821677358524,1.031061928205035,0.995384410408585,0.9619442600133935,0.9337547027818818,0.9133861602060502,0.9027095729634176,0.9027095729634176,0.9133861602060502,0.9337547027818819,0.9619442600133935,0.9953844104085849,1.031061928205035,1.065821677358524,1.0966816763751628,1.1211308723172029,1.1373798889359914,1.1445397097840393,1.1427104534100894,1.132971375744652,1.117273098015441,1.0982428220721527,1.0789219838828177,1.0624625425371075,1.0518122326577883,1.0494202102108987,1.0569924852660249,1.0753215636445057,1.1042073090597475,1.1424769282794016,1.1881020836357874,1.2384014382910777,1.2903084085398406,1.3406773860025751,1.386597851046536,1.4256850107698442,1.4563179390895096,1.4778014387965266,1.4904354623950649,1.4954851595159402,1.4950545419027021,1.4918763815024016,1.4890393219680225,1.4896794536078988,1.4966671504182003,1.5123204409523434,1.5381735351715569,1.574823621667852,1.6218712337462313,1.6779601392758454,1.7409127709987537,1.8079476735283841,1.8759572532665474,1.9418180957531805,2.0027028628519923,2.0563626244162934,2.1013514314259965],[2.0404666643271843,1.9954778573174812,1.9418180957531805,1.8809333286543686,1.8150724861677356,1.7470629064295724,1.6800280038999413,1.6170753721770332,1.560986466647419,1.5139388545690402,1.477288768072745,1.4514356738535317,1.4357823833193886,1.4287946865090868,1.4281545548692105,1.4309916144035897,1.4341697748038902,1.4346003924171282,1.429550695296253,1.4169166716977146,1.3954331719906976,1.364800243671032,1.325713083947724,1.2797926189037636,1.2294236414410287,1.1775166711922653,1.1272173165369754,1.0815921611805897,1.043322541960936,1.0144367965456937,0.9961077181672129,0.9885354431120866,0.9909274655589762,1.0015777754382955,1.0180372167840057,1.0373580549733408,1.056388330916629,1.07208660864584,1.0818256863112774,1.0836549426852273,1.0764951218371794,1.060246105218391,1.0357969092763506,1.004936910259712,0.9701771611062231,0.9344996433097731,0.9010594929145815,0.8728699356830698,0.8525013931072383,0.8418248058646056,0.8418248058646056,0.8525013931072383,0.8728699356830699,0.9010594929145815,0.934499643309773,0.9701771611062231,1.004936910259712,1.0357969092763508,1.060246105218391,1.0764951218371794,1.0836549426852273,1.0818256863112774,1.07208660864584,1.056388330916629,1.0373580549733408,1.0180372167840057,1.0015777754382955,0.9909274655589763,0.9885354431120866,0.9961077181672129,1.0144367965456937,1.0433225419609355,1.0815921611805897,1.1272173165369754,1.1775166711922658,1.2294236414410287,1.2797926189037632,1.325713083947724,1.364800243671032,1.3954331719906976,1.4169166716977146,1.429550695296253,1.4346003924171282,1.4341697748038902,1.4309916144035897,1.4281545548692105,1.4287946865090868,1.4357823833193886,1.4514356738535317,1.477288768072745,1.5139388545690402,1.5609864666474191,1.6170753721770332,1.680028003899942,1.7470629064295724,1.8150724861677352,1.8809333286543686,1.9418180957531805,1.9954778573174814,2.0404666643271843],[1.9746058218405511,1.9296170148308482,1.8759572532665474,1.8150724861677356,1.7492116436811027,1.6812020639429393,1.6141671614133086,1.5512145296904005,1.495125624160786,1.4480780120824073,1.411427925586112,1.3855748313668987,1.3699215408327556,1.3629338440224539,1.3622937123825776,1.3651307719169568,1.368308932317257,1.3687395499304953,1.36368985280962,1.351055829211082,1.329572329504065,1.298939401184399,1.259852241461091,1.2139317764171305,1.1635627989543957,1.1116558287056326,1.0613564740503425,1.0157313186939567,0.9774616994743028,0.9485759540590609,0.9302468756805798,0.9226746006254537,0.9250666230723433,0.9357169329516625,0.9521763742973727,0.971497212486708,0.9905274884299962,1.0062257661592071,1.0159648438246445,1.0177941001985944,1.0106342793505465,0.994385262731758,0.9699360667897176,0.9390760677730793,0.9043163186195902,0.8686388008231402,0.8351986504279486,0.8070090931964369,0.7866405506206053,0.7759639633779726,0.7759639633779727,0.7866405506206053,0.807009093196437,0.8351986504279486,0.86863880082314,0.9043163186195902,0.9390760677730793,0.9699360667897178,0.994385262731758,1.0106342793505465,1.0177941001985944,1.0159648438246445,1.0062257661592071,0.9905274884299962,0.9714972124867078,0.9521763742973727,0.9357169329516625,0.9250666230723432,0.9226746006254537,0.9302468756805801,0.9485759540590609,0.9774616994743027,1.0157313186939567,1.0613564740503425,1.1116558287056326,1.1635627989543957,1.2139317764171305,1.259852241461091,1.298939401184399,1.329572329504065,1.351055829211082,1.36368985280962,1.3687395499304953,1.368308932317257,1.3651307719169568,1.3622937123825776,1.3629338440224539,1.3699215408327556,1.3855748313668987,1.411427925586112,1.4480780120824073,1.4951256241607862,1.5512145296904005,1.614167161413309,1.6812020639429393,1.7492116436811023,1.8150724861677356,1.8759572532665474,1.9296170148308485,1.9746058218405511],[1.9065962421023879,1.861607435092685,1.8079476735283841,1.7470629064295724,1.6812020639429393,1.613192484204776,1.5461575816751454,1.483204949952237,1.4271160444226225,1.3800684323442438,1.3434183458479485,1.3175652516287353,1.3019119610945922,1.2949242642842904,1.2942841326444143,1.2971211921787935,1.3002993525790938,1.3007299701923318,1.2956802730714567,1.2830462494729185,1.2615627497659014,1.2309298214462359,1.1918426617229279,1.1459221966789672,1.0955532192162323,1.0436462489674692,0.9933468943121793,0.9477217389557935,0.9094521197361396,0.8805663743208977,0.8622372959424165,0.8546650208872903,0.85705704333418,0.8677073532134991,0.8841667945592094,0.9034876327485446,0.9225179086918329,0.9382161864210439,0.947955264086481,0.9497845204604309,0.9426246996123832,0.9263756829935947,0.9019264870515542,0.8710664880349159,0.8363067388814268,0.8006292210849769,0.7671890706897853,0.7389995134582735,0.7186309708824421,0.7079543836398093,0.7079543836398093,0.7186309708824421,0.7389995134582736,0.7671890706897853,0.8006292210849767,0.8363067388814268,0.8710664880349159,0.9019264870515544,0.9263756829935947,0.9426246996123832,0.9497845204604309,0.9479552640864811,0.9382161864210438,0.9225179086918329,0.9034876327485446,0.8841667945592094,0.8677073532134992,0.8570570433341799,0.8546650208872903,0.8622372959424166,0.8805663743208977,0.9094521197361394,0.9477217389557935,0.9933468943121793,1.0436462489674694,1.0955532192162323,1.145922196678967,1.1918426617229279,1.2309298214462359,1.2615627497659014,1.2830462494729185,1.2956802730714565,1.3007299701923318,1.3002993525790938,1.2971211921787935,1.2942841326444143,1.2949242642842906,1.3019119610945922,1.3175652516287355,1.3434183458479485,1.3800684323442438,1.427116044422623,1.483204949952237,1.5461575816751456,1.613192484204776,1.681202063942939,1.7470629064295724,1.8079476735283841,1.8616074350926852,1.9065962421023879],[1.8395613395727575,1.7945725325630542,1.7409127709987535,1.6800280038999413,1.6141671614133086,1.5461575816751454,1.4791226791455145,1.4161700474226064,1.360081141892992,1.3130335298146132,1.276383443318318,1.2505303490991049,1.2348770585649615,1.2278893617546598,1.2272492301147833,1.2300862896491627,1.233264450049463,1.2336950676627012,1.2286453705418257,1.2160113469432878,1.1945278472362706,1.163894918916605,1.1248077591932972,1.0788872941493364,1.0285183166866017,0.9766113464378385,0.9263119917825484,0.8806868364261627,0.8424172172065089,0.813531471791267,0.7952023934127858,0.7876301183576596,0.7900221408045492,0.8006724506838684,0.8171318920295787,0.8364527302189139,0.8554830061622022,0.8711812838914131,0.8809203615568503,0.8827496179308002,0.8755897970827524,0.859340780463964,0.8348915845219235,0.8040315855052852,0.7692718363517961,0.7335943185553462,0.7001541681601546,0.6719646109286428,0.6515960683528113,0.6409194811101786,0.6409194811101786,0.6515960683528113,0.6719646109286429,0.7001541681601546,0.733594318555346,0.7692718363517961,0.8040315855052852,0.8348915845219238,0.859340780463964,0.8755897970827524,0.8827496179308002,0.8809203615568504,0.871181283891413,0.8554830061622022,0.8364527302189139,0.8171318920295787,0.8006724506838685,0.7900221408045491,0.7876301183576596,0.7952023934127859,0.813531471791267,0.8424172172065088,0.8806868364261627,0.9263119917825484,0.9766113464378389,1.0285183166866017,1.0788872941493364,1.1248077591932972,1.163894918916605,1.1945278472362706,1.2160113469432878,1.2286453705418259,1.2336950676627012,1.233264450049463,1.2300862896491627,1.2272492301147833,1.2278893617546596,1.2348770585649615,1.2505303490991044,1.276383443318318,1.3130335298146132,1.3600811418929921,1.4161700474226064,1.479122679145515,1.5461575816751454,1.6141671614133082,1.6800280038999413,1.7409127709987535,1.7945725325630544,1.8395613395727575],[1.7766087078498491,1.731619900840146,1.6779601392758454,1.6170753721770332,1.5512145296904005,1.483204949952237,1.4161700474226064,1.3532174156996981,1.2971285101700836,1.250080898091705,1.2134308115954098,1.1875777173761968,1.1719244268420534,1.1649367300317517,1.1642965983918752,1.1671336579262543,1.1703118183265548,1.170742435939793,1.1656927388189176,1.1530587152203795,1.1315752155133625,1.100942287193697,1.0618551274703891,1.0159346624264283,0.9655656849636934,0.9136587147149303,0.8633593600596402,0.8177342047032545,0.7794645854836008,0.7505788400683587,0.7322497616898775,0.7246774866347515,0.7270695090816411,0.7377198189609603,0.7541792603066705,0.7735000984960058,0.792530374439294,0.8082286521685049,0.8179677298339422,0.8197969862078921,0.8126371653598443,0.7963881487410558,0.7719389527990154,0.7410789537823771,0.706319204628888,0.670641686832438,0.6372015364372464,0.6090119792057347,0.5886434366299031,0.5779668493872704,0.5779668493872704,0.5886434366299031,0.6090119792057348,0.6372015364372464,0.6706416868324377,0.706319204628888,0.7410789537823771,0.7719389527990156,0.7963881487410558,0.8126371653598442,0.8197969862078921,0.8179677298339423,0.8082286521685049,0.792530374439294,0.7735000984960057,0.7541792603066705,0.7377198189609603,0.727069509081641,0.7246774866347515,0.7322497616898777,0.7505788400683587,0.7794645854836005,0.8177342047032545,0.8633593600596402,0.9136587147149307,0.9655656849636934,1.015934662426428,1.0618551274703891,1.100942287193697,1.1315752155133625,1.1530587152203795,1.1656927388189178,1.170742435939793,1.1703118183265548,1.1671336579262543,1.1642965983918752,1.1649367300317515,1.1719244268420534,1.1875777173761963,1.2134308115954098,1.250080898091705,1.297128510170084,1.3532174156996981,1.4161700474226069,1.483204949952237,1.5512145296904,1.6170753721770332,1.6779601392758454,1.7316199008401463,1.7766087078498491],[1.7205198023202344,1.6755309953105315,1.6218712337462307,1.560986466647419,1.495125624160786,1.4271160444226225,1.360081141892992,1.2971285101700836,1.241039604640469,1.1939919925620903,1.157341906065795,1.131488811846582,1.1158355213124387,1.1088478245021371,1.1082076928622608,1.11104475239664,1.1142229127969403,1.1146535304101786,1.1096038332893032,1.096969809690765,1.0754863099837482,1.0448533816640824,1.0057662219407744,0.9598457568968137,0.9094767794340789,0.8575698091853158,0.8072704545300257,0.76164529917364,0.7233756799539861,0.6944899345387442,0.676160856160263,0.668588581105137,0.6709806035520265,0.6816309134313456,0.6980903547770559,0.7174111929663911,0.7364414689096794,0.7521397466388904,0.7618788243043276,0.7637080806782776,0.7565482598302297,0.7402992432114412,0.7158500472694008,0.6849900482527624,0.6502302990992734,0.6145527813028234,0.5811126309076319,0.55292307367612,0.5325545311002886,0.5218779438576558,0.5218779438576558,0.5325545311002886,0.5529230736761201,0.5811126309076319,0.6145527813028232,0.6502302990992734,0.6849900482527624,0.715850047269401,0.7402992432114412,0.7565482598302297,0.7637080806782776,0.7618788243043277,0.7521397466388904,0.7364414689096794,0.7174111929663911,0.6980903547770559,0.6816309134313457,0.6709806035520265,0.668588581105137,0.6761608561602631,0.6944899345387442,0.723375679953986,0.76164529917364,0.8072704545300257,0.857569809185316,0.9094767794340789,0.9598457568968136,1.0057662219407744,1.0448533816640824,1.0754863099837482,1.096969809690765,1.1096038332893032,1.1146535304101786,1.1142229127969403,1.11104475239664,1.1082076928622608,1.1088478245021371,1.1158355213124387,1.131488811846582,1.157341906065795,1.1939919925620903,1.2410396046404695,1.2971285101700836,1.3600811418929921,1.4271160444226225,1.4951256241607855,1.560986466647419,1.6218712337462307,1.6755309953105317,1.7205198023202344],[1.673472190241856,1.6284833832321528,1.574823621667852,1.5139388545690402,1.4480780120824073,1.3800684323442438,1.3130335298146132,1.250080898091705,1.1939919925620903,1.1469443804837118,1.1102942939874165,1.0844411997682033,1.0687879092340602,1.0618002124237584,1.0611600807838821,1.0639971403182615,1.0671753007185616,1.0676059183317999,1.0625562212109245,1.0499221976123865,1.0284386979053695,0.9978057695857037,0.9587186098623958,0.9127981448184351,0.8624291673557003,0.8105221971069371,0.7602228424516471,0.7145976870952614,0.6763280678756075,0.6474423224603656,0.6291132440818844,0.6215409690267583,0.6239329914736479,0.634583301352967,0.6510427426986772,0.6703635808880125,0.6893938568313008,0.7050921345605117,0.7148312122259489,0.7166604685998988,0.7095006477518511,0.6932516311330627,0.6688024351910221,0.6379424361743838,0.6031826870208947,0.5675051692244447,0.5340650188292532,0.5058754615977414,0.48550691902190996,0.4748303317792772,0.47483033177927725,0.48550691902190996,0.5058754615977415,0.5340650188292532,0.5675051692244446,0.6031826870208947,0.6379424361743838,0.6688024351910223,0.6932516311330627,0.7095006477518511,0.7166604685998988,0.714831212225949,0.7050921345605117,0.6893938568313008,0.6703635808880124,0.6510427426986772,0.6345833013529671,0.6239329914736478,0.6215409690267583,0.6291132440818845,0.6474423224603656,0.6763280678756074,0.7145976870952614,0.7602228424516471,0.8105221971069374,0.8624291673557003,0.9127981448184349,0.9587186098623958,0.9978057695857037,1.0284386979053695,1.0499221976123865,1.0625562212109245,1.0676059183317999,1.0671753007185616,1.0639971403182615,1.0611600807838821,1.0618002124237584,1.0687879092340602,1.0844411997682033,1.1102942939874165,1.1469443804837118,1.1939919925620908,1.250080898091705,1.3130335298146136,1.3800684323442438,1.4480780120824068,1.5139388545690402,1.574823621667852,1.628483383232153,1.673472190241856],[1.6368221037455606,1.5918332967358575,1.5381735351715569,1.477288768072745,1.411427925586112,1.3434183458479485,1.276383443318318,1.2134308115954098,1.157341906065795,1.1102942939874165,1.0736442074911214,1.047791113271908,1.0321378227377649,1.0251501259274631,1.0245099942875868,1.027347053821966,1.0305252142222665,1.0309558318355048,1.0259061347146292,1.0132721111160912,0.991788611409074,0.9611556830894085,0.9220685233661006,0.8761480583221399,0.8257790808594051,0.7738721106106419,0.7235727559553518,0.677947600598966,0.6396779813793123,0.6107922359640702,0.5924631575855893,0.5848908825304631,0.5872829049773527,0.5979332148566718,0.614392656202382,0.6337134943917173,0.6527437703350055,0.6684420480642165,0.6781811257296537,0.6800103821036036,0.6728505612555559,0.6566015446367673,0.632152348694727,0.6012923496780885,0.5665326005245995,0.5308550827281495,0.49741493233295797,0.4692253751014462,0.4488568325256147,0.43818024528298194,0.43818024528298194,0.4488568325256147,0.46922537510144635,0.49741493233295797,0.5308550827281493,0.5665326005245995,0.6012923496780885,0.6321523486947271,0.6566015446367673,0.6728505612555558,0.6800103821036036,0.6781811257296538,0.6684420480642164,0.6527437703350055,0.6337134943917172,0.614392656202382,0.5979332148566718,0.5872829049773526,0.5848908825304631,0.5924631575855892,0.6107922359640702,0.6396779813793121,0.677947600598966,0.7235727559553518,0.7738721106106422,0.8257790808594051,0.8761480583221396,0.9220685233661006,0.9611556830894085,0.991788611409074,1.0132721111160912,1.0259061347146294,1.0309558318355048,1.0305252142222665,1.027347053821966,1.0245099942875868,1.0251501259274631,1.0321378227377649,1.047791113271908,1.0736442074911214,1.1102942939874165,1.1573419060657957,1.2134308115954098,1.2763834433183183,1.3434183458479485,1.4114279255861117,1.477288768072745,1.5381735351715569,1.591833296735858,1.6368221037455606],[1.6109690095263474,1.5659802025166443,1.5123204409523436,1.4514356738535317,1.3855748313668987,1.3175652516287353,1.2505303490991049,1.1875777173761968,1.131488811846582,1.0844411997682033,1.047791113271908,1.021938019052695,1.0062847285185517,0.9992970317082499,0.9986569000683736,1.0014939596027528,1.0046721200030533,1.0051027376162915,1.000053040495416,0.9874190168968778,0.9659355171898608,0.9353025888701952,0.8962154291468873,0.8502949641029267,0.7999259866401919,0.7480190163914286,0.6977196617361385,0.6520945063797529,0.6138248871600991,0.584939141744857,0.5666100633663761,0.5590377883112498,0.5614298107581395,0.5720801206374586,0.5885395619831688,0.6078604001725041,0.6268906761157923,0.6425889538450033,0.6523280315104405,0.6541572878843904,0.6469974670363426,0.6307484504175541,0.6062992544755138,0.5754392554588753,0.5406795063053863,0.5050019885089363,0.47156183811374475,0.443372280882233,0.4230037383064015,0.4123271510637687,0.41232715106376877,0.4230037383064015,0.4433722808822331,0.47156183811374475,0.5050019885089361,0.5406795063053863,0.5754392554588753,0.6062992544755139,0.6307484504175541,0.6469974670363425,0.6541572878843904,0.6523280315104406,0.6425889538450031,0.6268906761157923,0.607860400172504,0.5885395619831688,0.5720801206374586,0.5614298107581394,0.5590377883112498,0.566610063366376,0.584939141744857,0.6138248871600989,0.6520945063797529,0.6977196617361385,0.748019016391429,0.7999259866401919,0.8502949641029264,0.8962154291468873,0.9353025888701952,0.9659355171898608,0.9874190168968778,1.0000530404954162,1.0051027376162915,1.0046721200030533,1.0014939596027528,0.9986569000683736,0.9992970317082499,1.0062847285185517,1.0219380190526948,1.047791113271908,1.0844411997682033,1.1314888118465825,1.1875777173761968,1.250530349099105,1.3175652516287353,1.3855748313668985,1.4514356738535317,1.5123204409523436,1.5659802025166447,1.6109690095263474],[1.5953157189922043,1.5503269119825012,1.4966671504182003,1.4357823833193886,1.3699215408327556,1.3019119610945922,1.2348770585649615,1.1719244268420534,1.1158355213124387,1.0687879092340602,1.0321378227377649,1.0062847285185517,0.9906314379844086,0.9836437411741068,0.9830036095342305,0.9858406690686098,0.98901882946891,0.9894494470821482,0.9843997499612728,0.9717657263627347,0.9502822266557176,0.919649298336052,0.8805621386127441,0.8346416735687834,0.7842726961060486,0.7323657258572854,0.6820663712019954,0.6364412158456098,0.5981715966259559,0.569285851210714,0.5509567728322328,0.5433844977771066,0.5457765202239963,0.5564268301033154,0.5728862714490256,0.5922071096383609,0.6112373855816492,0.62693566331086,0.6366747409762973,0.6385039973502472,0.6313441765021994,0.6150951598834109,0.5906459639413705,0.5597859649247322,0.5250262157712431,0.48934869797479313,0.45590854757960153,0.4277189903480898,0.40735044777225826,0.3966738605296255,0.3966738605296256,0.40735044777225826,0.4277189903480899,0.45590854757960153,0.48934869797479297,0.5250262157712431,0.5597859649247322,0.5906459639413707,0.6150951598834109,0.6313441765021994,0.6385039973502472,0.6366747409762974,0.62693566331086,0.6112373855816492,0.5922071096383608,0.5728862714490256,0.5564268301033155,0.5457765202239961,0.5433844977771066,0.5509567728322329,0.569285851210714,0.5981715966259556,0.6364412158456098,0.6820663712019954,0.7323657258572858,0.7842726961060486,0.8346416735687833,0.8805621386127441,0.919649298336052,0.9502822266557176,0.9717657263627347,0.9843997499612729,0.9894494470821482,0.98901882946891,0.9858406690686098,0.9830036095342305,0.9836437411741068,0.9906314379844086,1.0062847285185517,1.0321378227377649,1.0687879092340602,1.1158355213124391,1.1719244268420534,1.234877058564962,1.3019119610945922,1.3699215408327552,1.4357823833193886,1.4966671504182003,1.5503269119825014,1.5953157189922043],[1.5883280221819023,1.5433392151721994,1.4896794536078986,1.4287946865090868,1.3629338440224539,1.2949242642842904,1.2278893617546598,1.1649367300317517,1.1088478245021371,1.0618002124237584,1.0251501259274631,0.9992970317082499,0.9836437411741068,0.976656044363805,0.9760159127239287,0.978852972258308,0.9820311326586083,0.9824617502718465,0.977412053150971,0.964778029552433,0.9432945298454158,0.9126616015257503,0.8735744418024424,0.8276539767584816,0.7772849992957468,0.7253780290469837,0.6750786743916937,0.629453519035308,0.5911838998156541,0.5622981544004122,0.543969076021931,0.5363968009668049,0.5387888234136945,0.5494391332930136,0.5658985746387238,0.5852194128280591,0.6042496887713474,0.6199479665005583,0.6296870441659955,0.6315163005399455,0.6243564796918977,0.6081074630731091,0.5836582671310687,0.5527982681144304,0.5180385189609413,0.4823610011644914,0.4489208507692998,0.42073129353778804,0.4003627509619565,0.38968616371932374,0.38968616371932385,0.4003627509619565,0.42073129353778815,0.4489208507692998,0.4823610011644912,0.5180385189609413,0.5527982681144304,0.5836582671310689,0.6081074630731091,0.6243564796918977,0.6315163005399455,0.6296870441659956,0.6199479665005583,0.6042496887713474,0.585219412828059,0.5658985746387238,0.5494391332930137,0.5387888234136944,0.5363968009668049,0.5439690760219311,0.5622981544004122,0.5911838998156539,0.629453519035308,0.6750786743916937,0.725378029046984,0.7772849992957468,0.8276539767584815,0.8735744418024424,0.9126616015257503,0.9432945298454158,0.964778029552433,0.9774120531509711,0.9824617502718465,0.9820311326586083,0.978852972258308,0.9760159127239287,0.976656044363805,0.9836437411741068,0.9992970317082499,1.0251501259274631,1.0618002124237584,1.1088478245021374,1.1649367300317517,1.2278893617546602,1.2949242642842904,1.3629338440224534,1.4287946865090868,1.4896794536078986,1.5433392151721996,1.5883280221819023],[1.5876878905420262,1.542699083532323,1.4890393219680225,1.4281545548692105,1.3622937123825776,1.2942841326444143,1.2272492301147833,1.1642965983918752,1.1082076928622608,1.0611600807838821,1.0245099942875868,0.9986569000683736,0.9830036095342305,0.9760159127239287,0.9753757810840523,0.9782128406184315,0.981391001018732,0.9818216186319701,0.9767719215110947,0.9641378979125566,0.9426543982055395,0.912021469885874,0.872934310162566,0.8270138451186054,0.7766448676558706,0.7247378974071074,0.6744385427518172,0.6288133873954315,0.5905437681757778,0.5616580227605357,0.5433289443820547,0.5357566693269286,0.5381486917738181,0.5487990016531372,0.5652584429988475,0.5845792811881827,0.603609557131471,0.619307834860682,0.6290469125261192,0.6308761689000691,0.6237163480520213,0.6074673314332328,0.5830181354911925,0.5521581364745539,0.517398387321065,0.481720869524615,0.44828071912942347,0.4200911618979117,0.3997226193220802,0.38904603207944743,0.38904603207944743,0.3997226193220802,0.4200911618979118,0.44828071912942347,0.4817208695246148,0.517398387321065,0.5521581364745539,0.5830181354911926,0.6074673314332328,0.6237163480520213,0.6308761689000691,0.6290469125261193,0.6193078348606819,0.603609557131471,0.5845792811881827,0.5652584429988475,0.5487990016531373,0.5381486917738181,0.5357566693269286,0.5433289443820547,0.5616580227605357,0.5905437681757776,0.6288133873954315,0.6744385427518172,0.7247378974071076,0.7766448676558706,0.8270138451186051,0.872934310162566,0.912021469885874,0.9426543982055395,0.9641378979125566,0.9767719215110948,0.9818216186319701,0.981391001018732,0.9782128406184315,0.9753757810840523,0.9760159127239286,0.9830036095342305,0.9986569000683734,1.0245099942875868,1.0611600807838821,1.1082076928622608,1.1642965983918752,1.227249230114784,1.2942841326444143,1.362293712382577,1.4281545548692105,1.4890393219680225,1.542699083532323,1.5876878905420262],[1.5905249500764054,1.5455361430667025,1.4918763815024016,1.4309916144035897,1.3651307719169568,1.2971211921787935,1.2300862896491627,1.1671336579262543,1.11104475239664,1.0639971403182615,1.027347053821966,1.0014939596027528,0.9858406690686098,0.978852972258308,0.9782128406184315,0.9810499001528108,0.9842280605531113,0.9846586781663494,0.979608981045474,0.9669749574469357,0.9454914577399188,0.9148585294202531,0.8757713696969452,0.8298509046529847,0.7794819271902499,0.7275749569414867,0.6772756022861965,0.6316504469298108,0.593380827710157,0.564495082294915,0.546166003916434,0.5385937288613079,0.5409857513081974,0.5516360611875165,0.5680955025332268,0.587416340722562,0.6064466166658503,0.6221448943950613,0.6318839720604985,0.6337132284344484,0.6265534075864005,0.6103043909676121,0.5858551950255717,0.5549951960089332,0.5202354468554442,0.4845579290589943,0.4511177786638027,0.422928221432291,0.4025596788564594,0.3918830916138266,0.3918830916138267,0.4025596788564594,0.4229282214322911,0.4511177786638027,0.4845579290589941,0.5202354468554442,0.5549951960089332,0.5858551950255719,0.6103043909676121,0.6265534075864005,0.6337132284344484,0.6318839720604985,0.622144894395061,0.6064466166658503,0.587416340722562,0.5680955025332268,0.5516360611875166,0.5409857513081973,0.5385937288613079,0.546166003916434,0.564495082294915,0.5933808277101569,0.6316504469298108,0.6772756022861965,0.7275749569414869,0.7794819271902499,0.8298509046529843,0.8757713696969452,0.9148585294202531,0.9454914577399188,0.9669749574469357,0.9796089810454741,0.9846586781663494,0.9842280605531113,0.9810499001528108,0.9782128406184315,0.9788529722583079,0.9858406690686098,1.0014939596027528,1.027347053821966,1.0639971403182615,1.1110447523966402,1.1671336579262543,1.2300862896491631,1.2971211921787935,1.3651307719169563,1.4309916144035897,1.4918763815024016,1.5455361430667025,1.5905249500764054],[1.5937031104767059,1.5487143034670026,1.4950545419027021,1.4341697748038902,1.368308932317257,1.3002993525790938,1.233264450049463,1.1703118183265548,1.1142229127969403,1.0671753007185616,1.0305252142222665,1.0046721200030533,0.98901882946891,0.9820311326586083,0.981391001018732,0.9842280605531113,0.9874062209534116,0.9878368385666498,0.9827871414457744,0.9701531178472362,0.9486696181402192,0.9180366898205535,0.8789495300972457,0.833029065053285,0.7826600875905502,0.7307531173417869,0.680453762686497,0.6348286073301113,0.5965589881104574,0.5676732426952154,0.5493441643167344,0.5417718892616082,0.5441639117084978,0.5548142215878169,0.5712736629335272,0.5905945011228625,0.6096247770661507,0.6253230547953617,0.6350621324607989,0.6368913888347487,0.6297315679867009,0.6134825513679125,0.5890333554258721,0.5581733564092337,0.5234136072557446,0.48773608945929475,0.45429593906410315,0.4261063818325914,0.4057378392567598,0.39506125201412706,0.39506125201412706,0.4057378392567598,0.42610638183259153,0.45429593906410315,0.4877360894592945,0.5234136072557446,0.5581733564092337,0.5890333554258723,0.6134825513679125,0.6297315679867009,0.6368913888347487,0.6350621324607989,0.6253230547953615,0.6096247770661507,0.5905945011228623,0.5712736629335272,0.554814221587817,0.5441639117084978,0.5417718892616082,0.5493441643167345,0.5676732426952154,0.5965589881104572,0.6348286073301113,0.680453762686497,0.7307531173417874,0.7826600875905502,0.8330290650532848,0.8789495300972457,0.9180366898205535,0.9486696181402192,0.9701531178472362,0.9827871414457745,0.9878368385666498,0.9874062209534116,0.9842280605531113,0.981391001018732,0.9820311326586083,0.98901882946891,1.004672120003053,1.0305252142222665,1.0671753007185616,1.1142229127969405,1.1703118183265548,1.2332644500494634,1.3002993525790938,1.3683089323172566,1.4341697748038902,1.4950545419027021,1.548714303467003,1.5937031104767059],[1.5941337280899441,1.5491449210802408,1.4954851595159402,1.4346003924171282,1.3687395499304953,1.3007299701923318,1.2336950676627012,1.170742435939793,1.1146535304101786,1.0676059183317999,1.0309558318355048,1.0051027376162915,0.9894494470821482,0.9824617502718465,0.9818216186319701,0.9846586781663494,0.9878368385666498,0.9882674561798879,0.9832177590590125,0.9705837354604744,0.9491002357534575,0.9184673074337917,0.8793801477104839,0.8334596826665233,0.7830907052037883,0.7311837349550251,0.6808843802997351,0.6352592249433494,0.5969896057236955,0.5681038603084535,0.5497747819299725,0.5422025068748464,0.5445945293217359,0.555244839201055,0.5717042805467654,0.5910251187361006,0.610055394679389,0.6257536724085998,0.635492750074037,0.6373220064479869,0.6301621855999391,0.6139131689811508,0.5894639730391102,0.5586039740224719,0.5238442248689827,0.48816670707253285,0.45472655667734124,0.42653699944582957,0.406168456869998,0.3954918696273652,0.3954918696273652,0.406168456869998,0.4265369994458297,0.45472655667734124,0.4881667070725326,0.5238442248689827,0.5586039740224719,0.5894639730391105,0.6139131689811508,0.6301621855999391,0.6373220064479869,0.635492750074037,0.6257536724085997,0.610055394679389,0.5910251187361004,0.5717042805467654,0.5552448392010552,0.5445945293217359,0.5422025068748464,0.5497747819299726,0.5681038603084535,0.5969896057236953,0.6352592249433494,0.6808843802997351,0.7311837349550255,0.7830907052037883,0.8334596826665229,0.8793801477104839,0.9184673074337917,0.9491002357534575,0.9705837354604744,0.9832177590590125,0.9882674561798879,0.9878368385666498,0.9846586781663494,0.9818216186319701,0.9824617502718465,0.9894494470821482,1.0051027376162913,1.0309558318355048,1.0676059183317999,1.1146535304101788,1.170742435939793,1.2336950676627016,1.3007299701923318,1.3687395499304948,1.4346003924171282,1.4954851595159402,1.549144921080241,1.5941337280899441],[1.5890840309690686,1.5440952239593655,1.4904354623950649,1.429550695296253,1.36368985280962,1.2956802730714567,1.2286453705418257,1.1656927388189176,1.1096038332893032,1.0625562212109245,1.0259061347146292,1.000053040495416,0.9843997499612728,0.977412053150971,0.9767719215110947,0.979608981045474,0.9827871414457744,0.9832177590590125,0.9781680619381371,0.9655340383395989,0.9440505386325819,0.9134176103129164,0.8743304505896083,0.8284099855456478,0.778041008082913,0.7261340378341498,0.6758346831788596,0.630209527822474,0.5919399086028202,0.5630541631875781,0.5447250848090972,0.537152809753971,0.5395448322008606,0.5501951420801797,0.5666545834258899,0.5859754216152252,0.6050056975585134,0.6207039752877244,0.6304430529531616,0.6322723093271114,0.6251124884790638,0.6088634718602753,0.5844142759182349,0.5535542769015964,0.5187945277481073,0.48311700995165746,0.44967685955646586,0.4214873023249541,0.40111875974912253,0.39044217250648977,0.3904421725064898,0.40111875974912253,0.42148730232495424,0.44967685955646586,0.48311700995165724,0.5187945277481073,0.5535542769015964,0.584414275918235,0.6088634718602753,0.6251124884790638,0.6322723093271114,0.6304430529531616,0.6207039752877244,0.6050056975585134,0.5859754216152251,0.5666545834258899,0.5501951420801797,0.5395448322008605,0.537152809753971,0.5447250848090971,0.5630541631875781,0.59193990860282,0.630209527822474,0.6758346831788596,0.7261340378341501,0.778041008082913,0.8284099855456475,0.8743304505896083,0.9134176103129164,0.9440505386325819,0.9655340383395989,0.9781680619381372,0.9832177590590125,0.9827871414457744,0.979608981045474,0.9767719215110947,0.977412053150971,0.9843997499612728,1.0000530404954158,1.0259061347146292,1.0625562212109245,1.1096038332893032,1.1656927388189176,1.2286453705418263,1.2956802730714567,1.3636898528096193,1.429550695296253,1.4904354623950649,1.5440952239593657,1.5890840309690686],[1.5764500073705303,1.5314612003608274,1.4778014387965266,1.4169166716977146,1.351055829211082,1.2830462494729185,1.2160113469432878,1.1530587152203795,1.096969809690765,1.0499221976123865,1.0132721111160912,0.9874190168968778,