{"data":[{"type":"contour","x":[-15.0,-14.696969696969697,-14.393939393939394,-14.090909090909092,-13.787878787878787,-13.484848484848484,-13.181818181818182,-12.878787878787879,-12.575757575757576,-12.272727272727273,-11.969696969696969,-11.666666666666666,-11.363636363636363,-11.06060606060606,-10.757575757575758,-10.454545454545453,-10.151515151515152,-9.848484848484848,-9.545454545454547,-9.242424242424242,-8.93939393939394,-8.636363636363637,-8.333333333333332,-8.030303030303031,-7.7272727272727275,-7.424242424242424,-7.121212121212121,-6.818181818181818,-6.515151515151516,-6.212121212121213,-5.909090909090908,-5.6060606060606055,-5.303030303030303,-5.0,-4.696969696969697,-4.3939393939393945,-4.090909090909092,-3.787878787878787,-3.4848484848484844,-3.1818181818181817,-2.878787878787879,-2.575757575757576,-2.2727272727272734,-1.9696969696969688,-1.666666666666666,-1.3636363636363633,-1.0606060606060606,-0.7575757575757578,-0.45454545454545503,-0.15151515151515227,0.15151515151515227,0.45454545454545503,0.7575757575757578,1.0606060606060623,1.3636363636363633,1.6666666666666679,1.9696969696969688,2.2727272727272734,2.5757575757575744,2.878787878787879,3.1818181818181834,3.4848484848484844,3.787878787878789,4.09090909090909,4.3939393939393945,4.6969696969696955,5.0,5.3030303030303045,5.6060606060606055,5.90909090909091,6.212121212121211,6.515151515151516,6.818181818181817,7.121212121212121,7.424242424242426,7.727272727272727,8.030303030303031,8.333333333333332,8.636363636363637,8.939393939393938,9.242424242424242,9.545454545454547,9.848484848484848,10.151515151515152,10.454545454545453,10.757575757575758,11.060606060606062,11.363636363636363,11.666666666666668,11.969696969696969,12.272727272727273,12.575757575757574,12.878787878787879,13.181818181818183,13.484848484848484,13.787878787878789,14.09090909090909,14.393939393939394,14.696969696969695,15.0],"y":[-15.0,-14.696969696969697,-14.393939393939394,-14.090909090909092,-13.787878787878787,-13.484848484848484,-13.181818181818182,-12.878787878787879,-12.575757575757576,-12.272727272727273,-11.969696969696969,-11.666666666666666,-11.363636363636363,-11.06060606060606,-10.757575757575758,-10.454545454545453,-10.151515151515152,-9.848484848484848,-9.545454545454547,-9.242424242424242,-8.93939393939394,-8.636363636363637,-8.333333333333332,-8.030303030303031,-7.7272727272727275,-7.424242424242424,-7.121212121212121,-6.818181818181818,-6.515151515151516,-6.212121212121213,-5.909090909090908,-5.6060606060606055,-5.303030303030303,-5.0,-4.696969696969697,-4.3939393939393945,-4.090909090909092,-3.787878787878787,-3.4848484848484844,-3.1818181818181817,-2.878787878787879,-2.575757575757576,-2.2727272727272734,-1.9696969696969688,-1.666666666666666,-1.3636363636363633,-1.0606060606060606,-0.7575757575757578,-0.45454545454545503,-0.15151515151515227,0.15151515151515227,0.45454545454545503,0.7575757575757578,1.0606060606060623,1.3636363636363633,1.6666666666666679,1.9696969696969688,2.2727272727272734,2.5757575757575744,2.878787878787879,3.1818181818181834,3.4848484848484844,3.787878787878789,4.09090909090909,4.3939393939393945,4.6969696969696955,5.0,5.3030303030303045,5.6060606060606055,5.90909090909091,6.212121212121211,6.515151515151516,6.818181818181817,7.121212121212121,7.424242424242426,7.727272727272727,8.030303030303031,8.333333333333332,8.636363636363637,8.939393939393938,9.242424242424242,9.545454545454547,9.848484848484848,10.151515151515152,10.454545454545453,10.757575757575758,11.060606060606062,11.363636363636363,11.666666666666668,11.969696969696969,12.272727272727273,12.575757575757574,12.878787878787879,13.181818181818183,13.484848484848484,13.787878787878789,14.09090909090909,14.393939393939394,14.696969696969695,15.0],"z":[[-1.1131296172257217,-1.0567414765689673,-1.1054626948330173,-1.1143477117760094,-1.0750758527912156,-1.151417703277508,-0.9889930173799684,-1.1738847721751604,-0.9706631256358685,-1.1828586888768304,-1.105736571252576,-1.1765720251507608,-1.1714655726487981,-1.1486442414723317,-1.2124322787195134,-1.0750587031625491,-1.2369909397126404,-0.9568219312959023,-1.2471036226797672,-1.1456813386805114,-1.2416216645378186,-1.2205698161056229,-1.2153294851853587,-1.265156079303823,-1.1500760158658128,-1.29120902130954,-0.7480842047478613,-1.3017578920197523,-1.1719757051249684,-1.296339503865882,-1.2574177160983657,-1.2708114041482235,-1.3051708892498015,-1.2112298128019028,-1.331938159393032,-1.0178859801482192,-1.3420915325240772,-1.1792507491378008,-1.335940736704107,-1.27750321953672,-1.3103696716553601,-1.3279430548506088,-1.254658935997187,-1.35464138417484,-1.112964652687934,-1.363653361193411,-1.1617715929868433,-1.3561557689600026,-1.277122384198505,-1.3300265511175093,-1.3300265511175093,-1.277122384198505,-1.3561557689600026,-1.1617715929868586,-1.363653361193411,-1.1129646526879133,-1.35464138417484,-1.254658935997187,-1.3279430548506062,-1.3103696716553601,-1.277503219536724,-1.335940736704107,-1.1792507491378128,-1.3420915325240776,-1.0178859801482192,-1.3319381593930315,-1.2112298128019028,-1.3051708892498028,-1.2708114041482235,-1.2574177160983702,-1.296339503865884,-1.1719757051249684,-1.301757892019753,-0.7480842047478613,-1.2912090213095404,-1.1500760158658128,-1.265156079303823,-1.2153294851853587,-1.2205698161056229,-1.241621664537821,-1.1456813386805114,-1.2471036226797672,-0.9568219312959023,-1.2369909397126404,-1.0750587031625491,-1.2124322787195134,-1.148644241472327,-1.1714655726487981,-1.1765720251507585,-1.105736571252576,-1.1828586888768304,-0.9706631256358491,-1.1738847721751604,-0.9889930173799539,-1.151417703277508,-1.0750758527912103,-1.114347711776007,-1.1054626948330173,-1.0567414765689624,-1.1131296172257217],[-1.0567414765689673,-1.096076057217726,-1.12887937957266,-1.002457493334682,-1.159740386679439,-1.021403862302649,-1.1581048060435757,-1.1420232277945157,-1.1112356322541819,-1.1930338739831916,-0.7668636820058035,-1.2083538099788127,-1.1342762542568374,-1.1870454267092547,-1.2142892384681054,-1.093798165830344,-1.2473848656519113,-1.0816688073748864,-1.2453258399234939,-1.2194397337057106,-1.1967503870938967,-1.2741606747539327,-0.9482364058640351,-1.2895732625658278,-1.199541528364078,-1.266455479548874,-1.2862807108960255,-1.173039399602686,-1.3201153905333824,-1.1238113663330966,-1.3163517565303835,-1.279214719496491,-1.265361389385999,-1.335789283131513,-1.0517986188996773,-1.3496460694632573,-1.2427937914625449,-1.3236243699365136,-1.334165321594365,-1.2298370255608686,-1.3667408348577785,-1.1376567299970548,-1.3598690937122508,-1.3106804255523357,-1.306032239469447,-1.366795738982622,-1.1146936770463647,-1.3774822194182492,-1.2543971745599878,-1.3479033492314214,-1.3479033492314214,-1.2543971745599878,-1.3774822194182492,-1.1146936770463398,-1.366795738982622,-1.3060322394694426,-1.3106804255523357,-1.3598690937122508,-1.1376567299970395,-1.3667408348577785,-1.2298370255608593,-1.334165321594365,-1.3236243699365104,-1.2427937914625373,-1.3496460694632573,-1.051798618899713,-1.335789283131513,-1.2653613893859936,-1.279214719496491,-1.3163517565303817,-1.1238113663330802,-1.3201153905333824,-1.1730393996026958,-1.2862807108960255,-1.266455479548871,-1.1995415283640745,-1.2895732625658278,-0.9482364058640351,-1.2741606747539327,-1.1967503870939022,-1.2194397337057106,-1.2453258399234939,-1.0816688073748864,-1.2473848656519113,-1.093798165830344,-1.2142892384681054,-1.1870454267092516,-1.1342762542568374,-1.2083538099788118,-0.7668636820058035,-1.1930338739831916,-1.1112356322541874,-1.1420232277945157,-1.158104806043574,-1.021403862302649,-1.159740386679439,-1.0024574933346928,-1.12887937957266,-1.096076057217729,-1.0567414765689673],[-1.1054626948330173,-1.12887937957266,-0.9586647664061584,-1.1579537331081984,-1.0930055845028093,-1.1221772361346765,-1.176927252320241,-0.8150893227920518,-1.190200515987531,-1.1575766823950975,-1.12705323119488,-1.2199602699113896,-1.0476817446592888,-1.2159911518228597,-1.2137403585750108,-1.11183437009922,-1.2572613216181978,-1.1468510326902654,-1.233445912892049,-1.2624168770831294,-1.0488391363538108,-1.2878040884413966,-1.2194420088927185,-1.2397961482363655,-1.3034947939045032,-0.9747308279311369,-1.310271864141816,-1.2769553870260133,-1.23040739540653,-1.336339014583357,-1.1588406640048634,-1.3230357947949345,-1.3224839424194466,-1.1953086267136022,-1.3600302005097031,-1.2455879774282923,-1.3240541964573738,-1.3568140992853972,-1.0968930328257467,-1.373515822038904,-1.303075531286961,-1.310548660366496,-1.3799264552347248,-1.0737899804165765,-1.375715435256123,-1.3419009932976484,-1.2779421221576346,-1.3915759079855794,-1.215601014944571,-1.3655614409249615,-1.3655614409249615,-1.215601014944571,-1.3915759079855794,-1.277942122157628,-1.3419009932976484,-1.3757154352561214,-1.0737899804165765,-1.3799264552347248,-1.3105486603665,-1.303075531286961,-1.3735158220389034,-1.0968930328257467,-1.3568140992853988,-1.3240541964573773,-1.2455879774282923,-1.3600302005097031,-1.1953086267136022,-1.3224839424194492,-1.3230357947949345,-1.1588406640048772,-1.3363390145833565,-1.23040739540653,-1.2769553870260093,-1.310271864141816,-0.9747308279311924,-1.3034947939045025,-1.2397961482363655,-1.2194420088927185,-1.2878040884413966,-1.0488391363538108,-1.2624168770831294,-1.233445912892049,-1.1468510326902654,-1.2572613216181978,-1.11183437009922,-1.2137403585750108,-1.2159911518228577,-1.0476817446592888,-1.21996026991139,-1.12705323119488,-1.1575766823950975,-1.1902005159875324,-0.8150893227920518,-1.1769272523202423,-1.1221772361346765,-1.0930055845028144,-1.1579537331081984,-0.9586647664061584,-1.12887937957266,-1.1054626948330173],[-1.1143477117760094,-1.002457493334682,-1.1579537331081984,-1.1083802428069267,-1.0916514153486856,-1.1837635679406115,-1.0818988591166028,-1.1530907808226791,-1.2020524639631165,-1.002287975459988,-1.2004745655692297,-1.2116932983508542,-0.9804494884538266,-1.2378534395245027,-1.2103653057527937,-1.1292742527144006,-1.2666035488684224,-1.1931305263481504,-1.2073452425120441,-1.2869127576262855,-1.1465294480640458,-1.2623903577346192,-1.2981552331313069,-0.9868566188621166,-1.303552554745098,-1.298797101208976,-1.125980509745284,-1.3338583069726309,-1.285728365395752,-1.2361670970894953,-1.3542966469153548,-1.2518858174356715,-1.3011406021708705,-1.364834117238941,-1.1742112304794927,-1.3454865784115844,-1.3646355609694403,-0.9824475271791727,-1.3757065663513266,-1.351821871240393,-1.2236607798888741,-1.3941826018528256,-1.3224194543686023,-1.305708003521905,-1.4017311487515067,-1.2663063136898873,-1.3538081120398335,-1.3982942655434334,-1.1389333090512017,-1.3830163550192471,-1.3830163550192471,-1.1389333090512017,-1.3982942655434334,-1.3538081120398302,-1.2663063136898873,-1.401731148751507,-1.305708003521905,-1.3224194543686023,-1.3941826018528263,-1.2236607798888741,-1.3518218712403964,-1.3757065663513266,-0.9824475271791082,-1.3646355609694405,-1.3454865784115844,-1.1742112304794772,-1.364834117238941,-1.3011406021708658,-1.2518858174356715,-1.3542966469153546,-1.2361670970894991,-1.285728365395752,-1.3338583069726317,-1.125980509745284,-1.2987971012089774,-1.303552554745099,-0.9868566188621166,-1.2981552331313069,-1.2623903577346192,-1.1465294480640404,-1.2869127576262855,-1.2073452425120441,-1.1931305263481504,-1.2666035488684224,-1.1292742527144006,-1.2103653057527937,-1.2378534395245013,-0.9804494884538266,-1.2116932983508564,-1.2004745655692297,-1.002287975459988,-1.2020524639631156,-1.1530907808226791,-1.0818988591166103,-1.1837635679406115,-1.0916514153486798,-1.1083802428069223,-1.1579537331081984,-1.0024574933346928,-1.1143477117760094],[-1.0750758527912156,-1.159740386679439,-1.0930055845028093,-1.0916514153486856,-1.1840135542119323,-1.1214531547435755,-1.107257170776468,-1.2078555557949084,-1.1494397274047337,-1.1217017092766144,-1.2311335436530275,-1.1768467277759231,-1.1347662067407014,-1.2536996076248224,-1.2035371781498452,-1.1461996914874484,-1.275390509023833,-1.2293558338919968,-1.1557127294914953,-1.2960279858467676,-1.254129831640272,-1.162968454792689,-1.3154198453164463,-1.2776701071545866,-1.1675689144460362,-1.3333620798681136,-1.2997738511606174,-1.169032751352764,-1.3496422360046814,-1.320228253800941,-1.166756064578209,-1.3640442152934404,-1.3388157235111071,-1.1599385606661878,-1.3763545769409309,-1.3553206377200286,-1.1474319418430923,-1.3863702327706802,-1.3695374836651486,-1.127392011824113,-1.3939071852437181,-1.3812799899156936,-1.0963364002332634,-1.3988096895078248,-1.390390572082591,-1.0457566508820553,-1.4009589806588625,-1.3967491856723022,-0.9387709620911856,-1.4002805737895776,-1.4002805737895776,-0.9387709620911856,-1.3967491856723022,-1.4009589806588607,-1.0457566508820553,-1.390390572082593,-1.3988096895078248,-1.0963364002332634,-1.3812799899156913,-1.3939071852437181,-1.1273920118240843,-1.3695374836651486,-1.386370232770679,-1.1474319418431147,-1.3553206377200286,-1.3763545769409322,-1.1599385606661878,-1.3388157235111102,-1.3640442152934404,-1.1667560645781931,-1.3202282538009396,-1.3496422360046814,-1.1690327513527776,-1.2997738511606174,-1.3333620798681125,-1.1675689144460422,-1.2776701071545866,-1.3154198453164463,-1.162968454792689,-1.254129831640268,-1.2960279858467676,-1.1557127294914953,-1.2293558338919968,-1.275390509023833,-1.1461996914874484,-1.2035371781498452,-1.2536996076248217,-1.1347662067407014,-1.1768467277759231,-1.2311335436530275,-1.1217017092766144,-1.149439727404729,-1.2078555557949084,-1.1072571707764618,-1.1214531547435755,-1.1840135542119323,-1.0916514153486916,-1.0930055845028093,-1.159740386679439,-1.0750758527912156],[-1.151417703277508,-1.021403862302649,-1.1221772361346765,-1.1837635679406115,-1.1214531547435755,-1.084618886092527,-1.204575428338088,-1.1854790123010623,-0.930059169160189,-1.212339453253988,-1.2314805685829742,-1.0831359703324916,-1.2026165809490663,-1.263926147288478,-1.192270907976163,-1.1626743106407422,-1.2835965899173343,-1.2589433270617039,-1.0188140813804818,-1.2891001537995543,-1.3050465534780697,-1.1368033002013436,-1.2761389355451473,-1.3358958782547348,-1.254179216572664,-1.2325699904337253,-1.352599243073237,-1.3215792218921072,-1.0951541093815356,-1.3539731636893322,-1.3656003559662537,-1.176484510444035,-1.3359947571831063,-1.3925623795428255,-1.3004591904802623,-1.2873414619492733,-1.404019903124117,-1.365997666514837,-1.1536825282267258,-1.3991411603453454,-1.4053273334204908,-1.1954484254270132,-1.3743740322215026,-1.425967230632253,-1.323896041151529,-1.3195050355985274,-1.430081467129613,-1.384927853883914,-1.1882909689085812,-1.417363974996581,-1.417363974996581,-1.1882909689085812,-1.384927853883914,-1.430081467129612,-1.3195050355985274,-1.3238960411515341,-1.425967230632253,-1.3743740322215026,-1.195448425426999,-1.4053273334204908,-1.3991411603453436,-1.1536825282267258,-1.3659976665148397,-1.4040199031241176,-1.2873414619492733,-1.3004591904802572,-1.3925623795428255,-1.3359947571831023,-1.176484510444035,-1.3656003559662546,-1.3539731636893344,-1.0951541093815356,-1.3215792218921036,-1.352599243073237,-1.2325699904337173,-1.2541792165726626,-1.3358958782547348,-1.2761389355451473,-1.1368033002013436,-1.3050465534780689,-1.2891001537995543,-1.0188140813804818,-1.2589433270617039,-1.2835965899173343,-1.1626743106407422,-1.192270907976163,-1.2639261472884782,-1.2026165809490663,-1.083135970332504,-1.2314805685829742,-1.212339453253988,-0.9300591691602303,-1.1854790123010623,-1.2045754283380872,-1.084618886092527,-1.1214531547435804,-1.1837635679406115,-1.1221772361346765,-1.0214038623026382,-1.151417703277508],[-0.9889930173799684,-1.1581048060435757,-1.176927252320241,-1.0818988591166028,-1.107257170776468,-1.204575428338088,-1.1938759830654768,-0.9906920400432361,-1.1848011088214703,-1.2415421751742908,-1.1963158908042468,-1.040137387884018,-1.244351567594909,-1.2684636047047657,-1.1748908690124273,-1.1787480898515084,-1.291191158695955,-1.2835386788313814,-1.0937454876091275,-1.2611897313490932,-1.3266344231939124,-1.2830478714524824,-1.0723054916036154,-1.321025596268165,-1.3502991584151283,-1.2585841296234208,-1.2372471742978668,-1.3652617074024587,-1.3605365406558196,-1.181687091658666,-1.3221447863560483,-1.3957756559232268,-1.3539740993611729,-1.0687560171171584,-1.3787163371263609,-1.4125155751761969,-1.3233048917971517,-1.273365443330415,-1.4163897097182767,-1.4142147482285428,-1.245996433386796,-1.3574538081444532,-1.4379701109144707,-1.3981536022929926,-0.9826773257683039,-1.4068030319250464,-1.4440973883779298,-1.3584485336038397,-1.2777636886409267,-1.4342741767082874,-1.4342741767082874,-1.2777636886409267,-1.3584485336038397,-1.4440973883779304,-1.4068030319250464,-0.98267732576819,-1.3981536022929926,-1.4379701109144707,-1.3574538081444574,-1.245996433386796,-1.4142147482285443,-1.4163897097182767,-1.273365443330407,-1.3233048917971466,-1.4125155751761969,-1.378716337126363,-1.0687560171171584,-1.3539740993611749,-1.3957756559232268,-1.3221447863560458,-1.1816870916586497,-1.3605365406558196,-1.36526170740246,-1.2372471742978668,-1.2585841296234244,-1.3502991584151276,-1.321025596268165,-1.0723054916036154,-1.2830478714524824,-1.3266344231939127,-1.2611897313490932,-1.0937454876091275,-1.2835386788313814,-1.291191158695955,-1.1787480898515084,-1.1748908690124273,-1.2684636047047668,-1.244351567594909,-1.0401373878839986,-1.1963158908042468,-1.2415421751742908,-1.1848011088214703,-0.9906920400432361,-1.1938759830654793,-1.204575428338088,-1.1072571707764618,-1.0818988591166028,-1.176927252320241,-1.1581048060435777,-0.9889930173799684],[-1.1738847721751604,-1.1420232277945157,-0.8150893227920518,-1.1530907808226791,-1.2078555557949084,-1.1854790123010623,-0.9906920400432361,-1.1717810398286572,-1.2401895251742214,-1.227150173697097,-1.0794950709471909,-1.1860687118312538,-1.2704532369562656,-1.2667832969338804,-1.1481740829370004,-1.1944605752407644,-1.2981379329876088,-1.304020978726798,-1.206616456965346,-1.1946469882399624,-1.3226545287357425,-1.3384134594896837,-1.2579816759104279,-1.1825284397515174,-1.3433310257642137,-1.3694305978681018,-1.303419708538434,-1.1488591897191713,-1.3594133778191893,-1.3964787541351027,-1.343247576358761,-1.0583114285799289,-1.3700697476354067,-1.4189262360303805,-1.3773795181915292,-1.03506318491571,-1.3743950063483938,-1.436139495296408,-1.4055364209968981,-1.1835104885432999,-1.3714053249073268,-1.447529562210272,-1.4273777657086768,-1.25737810177714,-1.359997758165998,-1.4526041891147163,-1.4426006939006017,-1.3058649219724876,-1.3388155541181879,-1.4510168067849871,-1.4510168067849871,-1.3388155541181879,-1.3058649219724876,-1.4426006939006033,-1.4526041891147163,-1.359997758165992,-1.25737810177714,-1.4273777657086768,-1.4475295622102726,-1.3714053249073268,-1.1835104885433183,-1.4055364209968981,-1.4361394952964077,-1.3743950063483983,-1.03506318491571,-1.3773795181915263,-1.4189262360303805,-1.370069747635403,-1.0583114285799289,-1.3432475763587632,-1.3964787541351025,-1.3594133778191893,-1.1488591897191922,-1.303419708538434,-1.3694305978681025,-1.3433310257642148,-1.1825284397515174,-1.2579816759104279,-1.3384134594896837,-1.3226545287357434,-1.1946469882399624,-1.206616456965346,-1.304020978726798,-1.2981379329876088,-1.1944605752407644,-1.1481740829370004,-1.2667832969338824,-1.2704532369562656,-1.1860687118312538,-1.0794950709471909,-1.227150173697097,-1.240189525174222,-1.1717810398286572,-0.9906920400432361,-1.1854790123010623,-1.2078555557949084,-1.153090780822683,-0.8150893227920518,-1.1420232277945124,-1.1738847721751604],[-0.9706631256358685,-1.1112356322541819,-1.190200515987531,-1.2020524639631165,-1.1494397274047337,-0.930059169160189,-1.1848011088214703,-1.2401895251742214,-1.2342360381549624,-1.1459227720754044,-1.1099419753178408,-1.248679003021553,-1.2841261175425966,-1.2577180793320906,-1.10447370012622,-1.2098431710838946,-1.304394125328384,-1.3208707177615944,-1.2690780816085137,-0.831452705157312,-1.2864008818100305,-1.3519235901445845,-1.3487604559754232,-1.262041495435056,-1.1787529319399181,-1.348452996425371,-1.3904375976116965,-1.365482433018563,-1.22111548796145,-1.2878289926343152,-1.3981902436782672,-1.418584561111268,-1.3677177055308611,-1.0543723316163833,-1.3612178236119241,-1.4357388774004571,-1.4346306836132865,-1.3500835682058034,-1.20821849291343,-1.4135085449683986,-1.4604253886728862,-1.4365150339143131,-1.3010722812282647,-1.324132433853102,-1.4485410566242218,-1.471330356748321,-1.4217359458855574,-1.1740824313966929,-1.386707685621548,-1.4675957129980863,-1.4675957129980863,-1.386707685621548,-1.1740824313966929,-1.421735945885561,-1.471330356748321,-1.4485410566242196,-1.324132433853102,-1.3010722812282647,-1.4365150339143111,-1.4604253886728862,-1.4135085449683957,-1.20821849291343,-1.3500835682058088,-1.4346306836132852,-1.4357388774004571,-1.3612178236119281,-1.0543723316163833,-1.3677177055308656,-1.418584561111268,-1.398190243678266,-1.2878289926343194,-1.22111548796145,-1.36548243301856,-1.3904375976116965,-1.3484529964253678,-1.178752931939926,-1.262041495435056,-1.3487604559754232,-1.3519235901445845,-1.286400881810035,-0.831452705157312,-1.2690780816085137,-1.3208707177615944,-1.304394125328384,-1.2098431710838946,-1.10447370012622,-1.2577180793320937,-1.2841261175425966,-1.2486790030215504,-1.1099419753178408,-1.1459227720754044,-1.2342360381549604,-1.2401895251742214,-1.1848011088214665,-0.930059169160189,-1.1494397274047383,-1.2020524639631156,-1.190200515987531,-1.1112356322541874,-0.9706631256358685],[-1.1828586888768304,-1.1930338739831916,-1.1575766823950975,-1.002287975459988,-1.1217017092766144,-1.212339453253988,-1.2415421751742908,-1.227150173697097,-1.1459227720754044,-1.0653386812239798,-1.2288464318860082,-1.2811640171457686,-1.2858687567546137,-1.238920860834205,-1.0149541947034544,-1.2249208099013855,-1.3099092943767265,-1.3343270451803215,-1.3114169250414582,-1.2075986307885265,-1.179048403602387,-1.3243028352374626,-1.371619496597706,-1.3693183553912291,-1.3085611832801196,-0.8759937743962363,-1.3178351394905663,-1.3957471298847224,-1.4137050208212671,-1.380515373144079,-1.2482586047454705,-1.2744381642995373,-1.4034586630529169,-1.443835495998442,-1.4328273117351695,-1.3559858448124216,-1.0991932889563623,-1.3892599746441834,-1.4579727713743065,-1.4676231289825161,-1.4226148443234135,-1.2544669754719344,-1.3412879880111719,-1.4535467985894452,-1.4849220814906325,-1.4638348479522867,-1.3693476327764702,-1.2114749006051606,-1.426635746781444,-1.4840131255392763,-1.4840131255392763,-1.426635746781444,-1.2114749006051606,-1.3693476327764769,-1.4638348479522867,-1.4849220814906323,-1.4535467985894452,-1.3412879880111719,-1.2544669754719209,-1.4226148443234135,-1.4676231289825166,-1.4579727713743065,-1.3892599746441778,-1.0991932889564022,-1.3559858448124216,-1.432827311735168,-1.443835495998442,-1.4034586630529151,-1.2744381642995373,-1.2482586047454771,-1.3805153731440754,-1.4137050208212671,-1.3957471298847242,-1.3178351394905663,-0.875993774396367,-1.3085611832801167,-1.3693183553912291,-1.371619496597706,-1.3243028352374626,-1.1790484036023936,-1.2075986307885265,-1.3114169250414582,-1.3343270451803215,-1.3099092943767265,-1.2249208099013855,-1.0149541947034544,-1.2389208608342095,-1.2858687567546137,-1.2811640171457677,-1.2288464318860082,-1.0653386812239798,-1.1459227720753966,-1.227150173697097,-1.2415421751742908,-1.212339453253988,-1.1217017092766144,-1.0022879754599687,-1.1575766823950975,-1.1930338739831907,-1.1828586888768304],[-1.105736571252576,-0.7668636820058035,-1.12705323119488,-1.2004745655692297,-1.2311335436530275,-1.2314805685829742,-1.1963158908042468,-1.0794950709471909,-1.1099419753178408,-1.2288464318860082,-1.2779365026506344,-1.2922875553188529,-1.2741069491677457,-1.2052002436455553,-0.9573485097198909,-1.2397131918387774,-1.3146238049881336,-1.3444581532061937,-1.3412450803334244,-1.2983008889934011,-1.1574703122989387,-1.2180468129023438,-1.3371769636726827,-1.3857336189313227,-1.397179081112189,-1.373001335202089,-1.2913100366289858,-1.0886490763453838,-1.3389307079188402,-1.4129120829336703,-1.4400182711105582,-1.4316951238733806,-1.3797371233552678,-1.2116163655529375,-1.3059193150365955,-1.4216465039690867,-1.4670616149603504,-1.4736415993380358,-1.4421218099701725,-1.3468977756460527,-1.1813562685550827,-1.4056912674564899,-1.4751641335838817,-1.4970811319931072,-1.4820936002350682,-1.420625635520444,-1.2237311863860254,-1.3535192478355518,-1.4609816141338972,-1.5002697806104752,-1.5002697806104752,-1.4609816141338972,-1.3535192478355518,-1.2237311863860454,-1.420625635520444,-1.4820936002350698,-1.4970811319931072,-1.4751641335838817,-1.4056912674564943,-1.1813562685550827,-1.3468977756460596,-1.4421218099701725,-1.4736415993380365,-1.4670616149603513,-1.4216465039690867,-1.3059193150366037,-1.2116163655529375,-1.3797371233552718,-1.4316951238733806,-1.440018271110558,-1.4129120829336728,-1.3389307079188402,-1.0886490763454282,-1.2913100366289858,-1.3730013352020907,-1.3971790811121885,-1.3857336189313227,-1.3371769636726827,-1.2180468129023438,-1.1574703122989214,-1.2983008889934011,-1.3412450803334244,-1.3444581532061937,-1.3146238049881336,-1.2397131918387774,-0.9573485097198909,-1.2052002436455553,-1.2741069491677457,-1.2922875553188529,-1.2779365026506344,-1.2288464318860082,-1.109941975317852,-1.0794950709471909,-1.1963158908042508,-1.2314805685829742,-1.231133543653027,-1.2004745655692297,-1.12705323119488,-0.7668636820058035,-1.105736571252576],[-1.1765720251507608,-1.2083538099788127,-1.2199602699113896,-1.2116932983508542,-1.1768467277759231,-1.0831359703324916,-1.040137387884018,-1.1860687118312538,-1.248679003021553,-1.2811640171457686,-1.2922875553188529,-1.282269800655542,-1.2438193704210583,-1.1413813849694348,-1.1051714138595083,-1.254235719170067,-1.3184667519156934,-1.3511873318067158,-1.3613884745781288,-1.3492112713608861,-1.30678946770392,-1.1951951662200024,-1.1664205129224006,-1.3174672291179823,-1.3825221424744139,-1.4148002250291998,-1.4234843326552407,-1.4086471571984445,-1.3618904249470847,-1.2409381137734057,-1.220104763689579,-1.371451498981908,-1.4362154596432357,-1.4671557511773823,-1.473594900919002,-1.4555573865474296,-1.404197333850034,-1.2740957201868917,-1.2615143072516672,-1.410959369142983,-1.474062388095387,-1.502651353488534,-1.5061131113412813,-1.4844499702299296,-1.4284933896752785,-1.2900917246193604,-1.2858895724310957,-1.4309542652224718,-1.4910099177379117,-1.5163650115119018,-1.5163650115119018,-1.4910099177379117,-1.4309542652224718,-1.2858895724310817,-1.2900917246193604,-1.428493389675283,-1.4844499702299296,-1.5061131113412813,-1.5026513534885344,-1.474062388095387,-1.4109593691429785,-1.2615143072516672,-1.2740957201869043,-1.4041973338500295,-1.4555573865474296,-1.4735949009190015,-1.4671557511773823,-1.4362154596432337,-1.371451498981908,-1.2201047636895594,-1.2409381137733977,-1.3618904249470847,-1.408647157198442,-1.4234843326552407,-1.4148002250291989,-1.3825221424744154,-1.3174672291179823,-1.1664205129224006,-1.1951951662200024,-1.3067894677039174,-1.3492112713608861,-1.3613884745781288,-1.3511873318067158,-1.3184667519156934,-1.254235719170067,-1.1051714138595083,-1.1413813849694348,-1.2438193704210583,-1.2822698006555442,-1.2922875553188529,-1.2811640171457686,-1.2486790030215558,-1.1860687118312538,-1.0401373878839986,-1.0831359703324916,-1.1768467277759231,-1.2116932983508522,-1.2199602699113896,-1.2083538099788127,-1.1765720251507608],[-1.1714655726487981,-1.1342762542568374,-1.0476817446592888,-0.9804494884538266,-1.1347662067407014,-1.2026165809490663,-1.244351567594909,-1.2704532369562656,-1.2841261175425966,-1.2858687567546137,-1.2741069491677457,-1.2438193704210583,-1.1788369756591892,-0.919420924052393,-1.175732837969443,-1.268500210900008,-1.3213531284500075,-1.354288508152445,-1.372854907154416,-1.3785916965588434,-1.3707893560672444,-1.345990703287163,-1.2939369193526706,-1.167450629647028,-1.1796254610610468,-1.3174475061763733,-1.3845443660737522,-1.4250417085162235,-1.4484929886891371,-1.4578829079775717,-1.4534345102002162,-1.4329429243858296,-1.3896254232612908,-1.299722586291273,-1.0569061078708706,-1.336987750402505,-1.4235685095580501,-1.4723701494676786,-1.5004250872231926,-1.5128433573969091,-1.5109480666901773,-1.4936553755566941,-1.456529345206564,-1.3857913435521905,-1.2007721883963296,-1.3093437671432753,-1.42672416263993,-1.4850499878795589,-1.5174443740092531,-1.532296811923719,-1.532296811923719,-1.5174443740092531,-1.4850499878795589,-1.4267241626399245,-1.3093437671432753,-1.200772188396358,-1.3857913435521905,-1.456529345206564,-1.4936553755566924,-1.5109480666901773,-1.5128433573969091,-1.5004250872231926,-1.4723701494676762,-1.423568509558053,-1.336987750402505,-1.05690610787094,-1.299722586291273,-1.3896254232612955,-1.4329429243858296,-1.453434510200218,-1.4578829079775715,-1.4484929886891371,-1.4250417085162257,-1.3845443660737522,-1.3174475061763657,-1.1796254610610468,-1.167450629647028,-1.2939369193526706,-1.345990703287163,-1.3707893560672422,-1.3785916965588434,-1.372854907154416,-1.354288508152445,-1.3213531284500075,-1.268500210900008,-1.175732837969443,-0.9194209240524975,-1.1788369756591892,-1.243819370421063,-1.2741069491677457,-1.2858687567546137,-1.2841261175425966,-1.2704532369562656,-1.244351567594909,-1.2026165809490663,-1.1347662067406936,-0.9804494884538552,-1.0476817446592888,-1.1342762542568317,-1.1714655726487981],[-1.1486442414723317,-1.1870454267092547,-1.2159911518228597,-1.2378534395245027,-1.2536996076248224,-1.263926147288478,-1.2684636047047657,-1.2667832969338804,-1.2577180793320906,-1.238920860834205,-1.2052002436455553,-1.1413813849694348,-0.919420924052393,-1.1303231908017242,-1.2251713800772805,-1.2825154561097534,-1.323179903644071,-1.353350085660744,-1.3755907099378346,-1.39106300382338,-1.4001992174197624,-1.4029204758436278,-1.3986390998370217,-1.3860527825024935,-1.3625241956395333,-1.3221523888537994,-1.2472796723912762,-0.9570435911430787,-1.2423372894083484,-1.3401407207110678,-1.398698526207147,-1.4392732329533153,-1.468363137426542,-1.4887025789429729,-1.5015474959620287,-1.5073804479709085,-1.506139357623313,-1.4972174808738667,-1.4792376885082155,-1.4493691930869932,-1.401175364428367,-1.3148652227715798,-0.9051977372745668,-1.3138026618586953,-1.408927048307748,-1.464289908130395,-1.5009191030766265,-1.5254420289705808,-1.540707462403448,-1.5480618747391088,-1.5480618747391088,-1.540707462403448,-1.5254420289705808,-1.5009191030766238,-1.464289908130395,-1.4089270483077425,-1.3138026618586953,-0.9051977372745668,-1.3148652227715691,-1.401175364428367,-1.4493691930869974,-1.4792376885082155,-1.4972174808738687,-1.5061393576233122,-1.5073804479709085,-1.5015474959620292,-1.4887025789429729,-1.4683631374265402,-1.4392732329533153,-1.3986985262071414,-1.3401407207110767,-1.2423372894083484,-0.9570435911428973,-1.2472796723912762,-1.3221523888538034,-1.3625241956395333,-1.3860527825024935,-1.3986390998370217,-1.4029204758436278,-1.4001992174197622,-1.39106300382338,-1.3755907099378346,-1.353350085660744,-1.323179903644071,-1.2825154561097534,-1.2251713800772805,-1.130323190801707,-0.919420924052393,-1.1413813849694348,-1.2052002436455553,-1.238920860834205,-1.2577180793320906,-1.2667832969338804,-1.2684636047047668,-1.263926147288478,-1.2536996076248217,-1.2378534395245058,-1.2159911518228597,-1.1870454267092578,-1.1486442414723317],[-1.2124322787195134,-1.2142892384681054,-1.2137403585750108,-1.2103653057527937,-1.2035371781498452,-1.192270907976163,-1.1748908690124273,-1.1481740829370004,-1.10447370012622,-1.0149541947034544,-0.9573485097198909,-1.1051714138595083,-1.175732837969443,-1.2251713800772805,-1.2640396266280818,-1.296287647324752,-1.323820476919291,-1.3476902494539023,-1.3685258793839483,-1.3867195271017425,-1.4025178975717836,-1.4160706147080864,-1.4274569345950539,-1.436700314682516,-1.4437752825102108,-1.44860852678843,-1.4510745816178023,-1.4509851162883007,-1.4480690594284824,-1.4419376505752086,-1.4320219759227681,-1.4174551229492105,-1.39682972072395,-1.367630915425149,-1.3246213894087073,-1.253328078577472,-1.0599359530505956,-1.2071077911746466,-1.3141528742397344,-1.376511733472575,-1.420977361282583,-1.4552135741543164,-1.4825121775602097,-1.5045845384912242,-1.5224249753593837,-1.5366525561115258,-1.547668807641708,-1.5557383215555978,-1.5610327636456667,-1.5636556087347033,-1.5636556087347033,-1.5610327636456667,-1.5557383215555978,-1.5476688076417067,-1.5366525561115258,-1.5224249753593817,-1.5045845384912242,-1.4825121775602097,-1.4552135741543206,-1.420977361282583,-1.3765117334725692,-1.3141528742397344,-1.2071077911746189,-1.0599359530505086,-1.253328078577472,-1.324621389408697,-1.367630915425149,-1.3968297207239553,-1.4174551229492105,-1.4320219759227717,-1.4419376505752068,-1.4480690594284824,-1.4509851162882985,-1.4510745816178023,-1.4486085267884306,-1.4437752825102108,-1.436700314682516,-1.4274569345950539,-1.4160706147080864,-1.4025178975717851,-1.3867195271017425,-1.3685258793839483,-1.3476902494539023,-1.323820476919291,-1.296287647324752,-1.2640396266280818,-1.225171380077272,-1.175732837969443,-1.1051714138594986,-0.9573485097198909,-1.0149541947034544,-1.10447370012622,-1.1481740829370004,-1.1748908690124344,-1.192270907976163,-1.2035371781498452,-1.2103653057527937,-1.2137403585750108,-1.2142892384681032,-1.2124322787195134],[-1.0750587031625491,-1.093798165830344,-1.11183437009922,-1.1292742527144006,-1.1461996914874484,-1.1626743106407422,-1.1787480898515084,-1.1944605752407644,-1.2098431710838946,-1.2249208099013855,-1.2397131918387774,-1.254235719170067,-1.268500210900008,-1.2825154561097534,-1.296287647324752,-1.3098207234924528,-1.3231166441405289,-1.3361756106979983,-1.3489962470085677,-1.3615757482332418,-1.3739100052856694,-1.3859937104402598,-1.3978204486411563,-1.4093827782110908,-1.4206723040344507,-1.4316797458123587,-1.4423950036184618,-1.4528072226900497,-1.4629048591469254,-1.4726757481203474,-1.4821071755810644,-1.491185954966192,-1.499898509509069,-1.5082309609657005,-1.516169225199927,-1.5236991148326935,-1.5308064488773259,-1.5374771689738054,-1.5436974615048613,-1.5494538845331363,-1.5547334981523808,-1.5595239965109753,-1.563813839459171,-1.5675923815108335,-1.5708499956144433,-1.5735781891143126,-1.5757697092659655,-1.577418635759921,-1.5785204579098147,-1.5790721344717669,-1.5790721344717669,-1.5785204579098147,-1.577418635759921,-1.575769709265965,-1.5735781891143126,-1.570849995614443,-1.5675923815108335,-1.563813839459171,-1.5595239965109762,-1.5547334981523808,-1.5494538845331354,-1.5436974615048613,-1.537477168973804,-1.5308064488773268,-1.5236991148326935,-1.5161692251999281,-1.5082309609657005,-1.4998985095090678,-1.491185954966192,-1.4821071755810633,-1.4726757481203485,-1.4629048591469254,-1.452807222690051,-1.4423950036184618,-1.4316797458123558,-1.4206723040344507,-1.4093827782110908,-1.3978204486411563,-1.3859937104402598,-1.3739100052856714,-1.3615757482332418,-1.3489962470085677,-1.3361756106979983,-1.3231166441405289,-1.3098207234924528,-1.296287647324752,-1.282515456109751,-1.268500210900008,-1.2542357191700642,-1.2397131918387774,-1.2249208099013855,-1.2098431710839015,-1.1944605752407644,-1.1787480898515008,-1.1626743106407422,-1.1461996914874402,-1.1292742527144097,-1.11183437009922,-1.0937981658303546,-1.0750587031625491],[-1.2369909397126404,-1.2473848656519113,-1.2572613216181978,-1.2666035488684224,-1.275390509023833,-1.2835965899173343,-1.291191158695955,-1.2981379329876088,-1.304394125328384,-1.3099092943767265,-1.3146238049881336,-1.3184667519156934,-1.3213531284500075,-1.323179903644071,-1.323820476919291,-1.3231166441405289,-1.3208666097617352,-1.3168064524271792,-1.3105802060907104,-1.3016889228999677,-1.2893979142875902,-1.27255230179911,-1.2491632866062339,-1.2153001598962807,-1.1611020371853829,-1.0425420146187652,-1.0598619076686953,-1.1850928929695925,-1.252568099313983,-1.3011212702119581,-1.3398457994856598,-1.3723841005577735,-1.4005664099104747,-1.425439908560346,-1.4476563361849466,-1.4676456376800133,-1.4857035578023154,-1.5020398546819282,-1.516806684075922,-1.5301162325987907,-1.5420521657565012,-1.5526773387527473,-1.5620391528538493,-1.5701733727922929,-1.577106903579586,-1.5828598403249141,-1.5874469930050856,-1.5908790184260244,-1.593163246738122,-1.5943042600424557,-1.5943042600424557,-1.593163246738122,-1.5908790184260244,-1.5874469930050863,-1.5828598403249141,-1.577106903579587,-1.5701733727922929,-1.5620391528538493,-1.5526773387527455,-1.5420521657565012,-1.5301162325987927,-1.516806684075922,-1.5020398546819316,-1.4857035578023114,-1.4676456376800133,-1.4476563361849417,-1.425439908560346,-1.4005664099104813,-1.3723841005577735,-1.339845799485669,-1.3011212702119463,-1.252568099313983,-1.185092892969559,-1.0598619076686953,-1.0425420146187172,-1.1611020371853829,-1.2153001598962807,-1.2491632866062339,-1.27255230179911,-1.2893979142876,-1.3016889228999677,-1.3105802060907104,-1.3168064524271792,-1.3208666097617352,-1.3231166441405289,-1.323820476919291,-1.3231799036440675,-1.3213531284500075,-1.3184667519156907,-1.3146238049881336,-1.3099092943767265,-1.3043941253283848,-1.2981379329876088,-1.291191158695955,-1.2835965899173343,-1.275390509023833,-1.2666035488684229,-1.2572613216181978,-1.2473848656519113,-1.2369909397126404],[-0.9568219312959023,-1.0816688073748864,-1.1468510326902654,-1.1931305263481504,-1.2293558338919968,-1.2589433270617039,-1.2835386788313814,-1.304020978726798,-1.3208707177615944,-1.3343270451803215,-1.3444581532061937,-1.3511873318067158,-1.354288508152445,-1.353350085660744,-1.3476902494539023,-1.3361756106979983,-1.3168064524271792,-1.2856085825079928,-1.2327131100485877,-1.1161773352381978,-1.112960965939133,-1.253262876590603,-1.325946679733608,-1.376742118860163,-1.4157532668262898,-1.4469044138186675,-1.4720934622276725,-1.492338935133476,-1.5082022758643572,-1.5199692045846456,-1.527731627123927,-1.5314189260585374,-1.5307946955637894,-1.5254179651396922,-1.5145503906477698,-1.496955902836256,-1.470440058728586,-1.4306126661650818,-1.3664766979787855,-1.2303966366175936,-1.2300224027793554,-1.376726693776119,-1.45013210383257,-1.4991821854569922,-1.5349109736867235,-1.5616516649765255,-1.5815283672768772,-1.595706107609716,-1.6048536241144549,-1.609343436557174,-1.609343436557174,-1.6048536241144549,-1.595706107609716,-1.581528367276879,-1.5616516649765255,-1.5349109736867268,-1.4991821854569922,-1.45013210383257,-1.376726693776109,-1.2300224027793554,-1.2303966366175663,-1.3664766979787855,-1.4306126661650769,-1.4704400587285893,-1.496955902836256,-1.5145503906477715,-1.5254179651396922,-1.5307946955637888,-1.5314189260585374,-1.5277316271239267,-1.5199692045846454,-1.5082022758643572,-1.492338935133475,-1.4720934622276725,-1.4469044138186693,-1.4157532668262873,-1.376742118860163,-1.325946679733608,-1.253262876590603,-1.112960965939112,-1.1161773352381978,-1.2327131100485877,-1.2856085825079928,-1.3168064524271792,-1.3361756106979983,-1.3476902494539023,-1.353350085660743,-1.354288508152445,-1.3511873318067154,-1.3444581532061937,-1.3343270451803215,-1.320870717761594,-1.304020978726798,-1.2835386788313814,-1.2589433270617039,-1.2293558338920008,-1.1931305263481446,-1.1468510326902654,-1.081668807374873,-0.9568219312959023],[-1.2471036226797672,-1.2453258399234939,-1.233445912892049,-1.2073452425120441,-1.1557127294914953,-1.0188140813804818,-1.0937454876091275,-1.206616456965346,-1.2690780816085137,-1.3114169250414582,-1.3412450803334244,-1.3613884745781288,-1.372854907154416,-1.3755907099378346,-1.3685258793839483,-1.3489962470085677,-1.3105802060907104,-1.2327131100485877,-0.8998552494010501,-1.2590331644636632,-1.3515318979055482,-1.4081725005769439,-1.446896856444616,-1.473317293306264,-1.4896087060742609,-1.4964125438581852,-1.4933041036862735,-1.4786220218644026,-1.448425365220493,-1.3924935042712503,-1.2686710444709786,-1.236189655559462,-1.3996605611401367,-1.4769732518704