{"data":[{"type":"contour","x":[-5.12,-5.016565656565657,-4.913131313131313,-4.80969696969697,-4.706262626262626,-4.602828282828283,-4.49939393939394,-4.395959595959596,-4.292525252525253,-4.189090909090909,-4.085656565656565,-3.982222222222222,-3.878787878787879,-3.7753535353535357,-3.6719191919191916,-3.5684848484848484,-3.465050505050505,-3.3616161616161615,-3.2581818181818183,-3.1547474747474746,-3.0513131313131314,-2.947878787878788,-2.8444444444444446,-2.741010101010101,-2.6375757575757577,-2.534141414141414,-2.430707070707071,-2.327272727272727,-2.2238383838383835,-2.1204040404040407,-2.016969696969697,-1.9135353535353539,-1.8101010101010102,-1.7066666666666666,-1.603232323232323,-1.4997979797979797,-1.3963636363636365,-1.2929292929292933,-1.1894949494949496,-1.086060606060606,-0.9826262626262627,-0.8791919191919186,-0.7757575757575763,-0.6723232323232322,-0.568888888888889,-0.4654545454545458,-0.3620202020202017,-0.2585858585858585,-0.15515151515151526,-0.05171717171717205,0.05171717171717205,0.15515151515151526,0.2585858585858585,0.3620202020202026,0.4654545454545458,0.568888888888889,0.6723232323232331,0.7757575757575763,0.8791919191919186,0.9826262626262618,1.086060606060606,1.1894949494949492,1.2929292929292924,1.3963636363636365,1.4997979797979797,1.6032323232323238,1.706666666666667,1.8101010101010102,1.9135353535353543,2.0169696969696975,2.1204040404040407,2.223838383838383,2.327272727272727,2.4307070707070704,2.5341414141414136,2.6375757575757577,2.741010101010101,2.844444444444444,2.947878787878788,3.0513131313131323,3.1547474747474746,3.2581818181818187,3.361616161616163,3.465050505050505,3.5684848484848475,3.6719191919191916,3.7753535353535357,3.878787878787878,3.982222222222222,4.085656565656566,4.1890909090909085,4.292525252525253,4.395959595959597,4.499393939393939,4.602828282828283,4.706262626262627,4.80969696969697,4.913131313131312,5.016565656565656,5.12],"y":[-5.12,-5.016565656565657,-4.913131313131313,-4.80969696969697,-4.706262626262626,-4.602828282828283,-4.49939393939394,-4.395959595959596,-4.292525252525253,-4.189090909090909,-4.085656565656565,-3.982222222222222,-3.878787878787879,-3.7753535353535357,-3.6719191919191916,-3.5684848484848484,-3.465050505050505,-3.3616161616161615,-3.2581818181818183,-3.1547474747474746,-3.0513131313131314,-2.947878787878788,-2.8444444444444446,-2.741010101010101,-2.6375757575757577,-2.534141414141414,-2.430707070707071,-2.327272727272727,-2.2238383838383835,-2.1204040404040407,-2.016969696969697,-1.9135353535353539,-1.8101010101010102,-1.7066666666666666,-1.603232323232323,-1.4997979797979797,-1.3963636363636365,-1.2929292929292933,-1.1894949494949496,-1.086060606060606,-0.9826262626262627,-0.8791919191919186,-0.7757575757575763,-0.6723232323232322,-0.568888888888889,-0.4654545454545458,-0.3620202020202017,-0.2585858585858585,-0.15515151515151526,-0.05171717171717205,0.05171717171717205,0.15515151515151526,0.2585858585858585,0.3620202020202026,0.4654545454545458,0.568888888888889,0.6723232323232331,0.7757575757575763,0.8791919191919186,0.9826262626262618,1.086060606060606,1.1894949494949492,1.2929292929292924,1.3963636363636365,1.4997979797979797,1.6032323232323238,1.706666666666667,1.8101010101010102,1.9135353535353543,2.0169696969696975,2.1204040404040407,2.223838383838383,2.327272727272727,2.4307070707070704,2.5341414141414136,2.6375757575757577,2.741010101010101,2.844444444444444,2.947878787878788,3.0513131313131323,3.1547474747474746,3.2581818181818187,3.361616161616163,3.465050505050505,3.5684848484848475,3.6719191919191916,3.7753535353535357,3.878787878787878,3.982222222222222,4.085656565656566,4.1890909090909085,4.292525252525253,4.395959595959597,4.499393939393939,4.602828282828283,4.706262626262627,4.80969696969697,4.913131313131312,5.016565656565656,5.12],"z":[[-0.05229446251981912,-0.022795407701348105,-0.0019739528030641687,-0.005060248875555721,-0.03059630763990645,-0.061979631014186166,-0.07902601515321965,-0.07118767336620775,-0.04380342362273545,-0.014062223323218003,-0.00008810135669762856,-0.010315815117025366,-0.03928804569798873,-0.07154500705945277,-0.09054441509700405,-0.08725972040225763,-0.06407073770374493,-0.032647842805875696,-0.007712180444067664,-0.00020148811262465672,-0.013005891214528631,-0.040687058725935026,-0.07259257329107853,-0.09748547088592188,-0.10761009814449436,-0.10080696769561953,-0.08034615744447218,-0.053049327214984246,-0.026714609824717635,-0.00781882609683709,-0.00011235178267065483,-0.004270780583566568,-0.01840660049538357,-0.03906044751980217,-0.06228126978887739,-0.08450904252826989,-0.10311974398514569,-0.1166227227390326,-0.12458528859146453,-0.12739358085265182,-0.12595382037672045,-0.12141113081174111,-0.11492986444372179,-0.10755026303361041,-0.10011615244629601,-0.09325771512673024,-0.08741025855888232,-0.0828515291142848,-0.07974396986214875,-0.078172568471725,-0.078172568471725,-0.07974396986214875,-0.0828515291142848,-0.08741025855888232,-0.09325771512673024,-0.10011615244629601,-0.10755026303361041,-0.11492986444372179,-0.12141113081174111,-0.12595382037672045,-0.12739358085265182,-0.12458528859146453,-0.11662272273903261,-0.10311974398514569,-0.08450904252826989,-0.06228126978887737,-0.03906044751980217,-0.01840660049538357,-0.0042707805835662535,-0.00011235178267065483,-0.00781882609683709,-0.026714609824717635,-0.053049327214984246,-0.0803461574444715,-0.10080696769561956,-0.10761009814449436,-0.09748547088592188,-0.07259257329107922,-0.040687058725935026,-0.013005891214528147,-0.00020148811262465672,-0.007712180444068032,-0.032647842805876334,-0.06407073770374493,-0.08725972040225763,-0.09054441509700405,-0.07154500705945277,-0.03928804569798937,-0.010315815117025366,-0.00008810135669762856,-0.014062223323217566,-0.04380342362273545,-0.07118767336620772,-0.07902601515321973,-0.061979631014186166,-0.030596307639906447,-0.005060248875555721,-0.0019739528030641687,-0.022795407701348108,-0.05229446251981912],[-0.022795407701348105,-0.0017652180773194105,-0.00577408024923492,-0.03272074864309815,-0.06435865863998683,-0.07943484486358911,-0.06819056112057183,-0.038390476265796926,-0.009586460737887409,-0.00026967466101647096,-0.016571661657470337,-0.04925389776485259,-0.07994556568731073,-0.09205146819619016,-0.07968994267376328,-0.05003052175927269,-0.018627928819854925,-0.0010679637473098903,-0.005572257116071081,-0.029950161850887457,-0.0636205628475224,-0.09296740821521832,-0.10715803073478648,-0.10194628611036406,-0.08034615744447218,-0.05055447282140698,-0.022463810538369645,-0.004296443061053667,-0.00045623685466329933,-0.010989273183452357,-0.03240947076901684,-0.059285697348396026,-0.08593543599227564,-0.10773987260462405,-0.12185462791122591,-0.12732639012335195,-0.12477571555472687,-0.11585871498687457,-0.10269785881907707,-0.0874102585588823,-0.0717926667705401,-0.057166744959006054,-0.04435410864592974,-0.033737282623261595,-0.025364209295337656,-0.01906350373254003,-0.014549580190023746,-0.011507460704535179,-0.009654826512553458,-0.008783386593654005,-0.008783386593654005,-0.009654826512553458,-0.011507460704535179,-0.014549580190023746,-0.01906350373254003,-0.025364209295337656,-0.033737282623261595,-0.04435410864592974,-0.057166744959006054,-0.0717926667705401,-0.0874102585588823,-0.10269785881907707,-0.11585871498687458,-0.12477571555472687,-0.12732639012335195,-0.12185462791122557,-0.10773987260462405,-0.08593543599227564,-0.05928569734839602,-0.03240947076901684,-0.010989273183452357,-0.00045623685466329933,-0.004296443061053667,-0.022463810538369,-0.05055447282140699,-0.08034615744447218,-0.10194628611036406,-0.10715803073478648,-0.09296740821521832,-0.06362056284752239,-0.029950161850887457,-0.005572257116071081,-0.0010679637473100382,-0.018627928819854925,-0.050030521759272015,-0.07968994267376328,-0.09205146819619016,-0.07994556568731075,-0.04925389776485259,-0.016571661657469847,-0.00026967466101647096,-0.009586460737887409,-0.038390476265796926,-0.06819056112057183,-0.07943484486358911,-0.06435865863998681,-0.03272074864309815,-0.0057740802492352045,-0.0017652180773192472,-0.022795407701348105],[-0.0019739528030641687,-0.00577408024923492,-0.033434449645369374,-0.06549961108750608,-0.07951154135159125,-0.065977194117872,-0.03452375712575965,-0.006713060674218149,-0.0013344493097048862,-0.022410703381117333,-0.05735255191907126,-0.08549031890182118,-0.09080026311996116,-0.07087626828271848,-0.03740394871554306,-0.008855407496776496,-0.0003084916603371096,-0.016096609481273543,-0.048624933360899104,-0.08303590526420372,-0.10461920231876531,-0.10514311585980783,-0.08551287185260721,-0.0542966012829312,-0.02350296699957606,-0.003805358543363434,-0.001113961664620483,-0.015426571330246016,-0.041826009992303036,-0.07277749350577534,-0.1006752276371584,-0.11980633122360404,-0.12732639012335198,-0.12325933229015318,-0.1098096057756123,-0.09037000863798883,-0.06856034151668051,-0.04750853274299799,-0.02945161693637488,-0.015630666062158852,-0.006396975509662267,-0.0014323440080520316,-1.8099707686325117e-7,-0.0011710101996241268,-0.003993795681439634,-0.0076065919831049145,-0.01129402253203479,-0.01450568912307342,-0.016850842902143098,-0.018082729599202308,-0.018082729599202308,-0.016850842902143098,-0.01450568912307342,-0.01129402253203479,-0.0076065919831049145,-0.003993795681439634,-0.0011710101996241268,-1.8099707686325117e-7,-0.0014323440080520316,-0.006396975509662267,-0.015630666062158852,-0.02945161693637488,-0.047508532742997545,-0.06856034151668051,-0.09037000863798883,-0.10980960577561229,-0.12325933229015318,-0.12732639012335198,-0.11980633122360403,-0.1006752276371584,-0.07277749350577534,-0.041826009992303036,-0.015426571330246016,-0.001113961664620483,-0.003805358543363434,-0.02350296699957606,-0.0542966012829312,-0.08551287185260721,-0.10514311585980783,-0.10461920231876508,-0.08303590526420372,-0.04862493336089836,-0.016096609481273012,-0.0003084916603371096,-0.008855407496776498,-0.03740394871554306,-0.07087626828271848,-0.090800263119961,-0.08549031890182118,-0.05735255191907125,-0.022410703381117877,-0.0013344493097048862,-0.006713060674218476,-0.03452375712575965,-0.065977194117872,-0.07951154135159125,-0.06549961108750608,-0.033434449645369915,-0.0057740802492352045,-0.0019739528030641687],[-0.005060248875555721,-0.03272074864309815,-0.06549961108750608,-0.07950882762845603,-0.06481041259290106,-0.032221272058370866,-0.005053177365871086,-0.00258611668806393,-0.027190322258738086,-0.06343700875703448,-0.08879368279283739,-0.08806859134860857,-0.062278402224890735,-0.027129359778176244,-0.0031035008105664156,-0.003757222202798656,-0.028931391375706064,-0.06589804893295197,-0.0967821012056835,-0.10763577478788751,-0.09451377325819472,-0.06418376252624758,-0.030054437753406334,-0.005936532152362123,-0.0006433768540580288,-0.015426571330246016,-0.044643019195572835,-0.07870326375870608,-0.10773987260462468,-0.12458528859146453,-0.12627050739951196,-0.11396854419047488,-0.09182331334820647,-0.06531078029671539,-0.039712791349572854,-0.019063503732540035,-0.005679677456700066,-0.0001957196746660761,-0.0019261201773896205,-0.009363652610149289,-0.02066165583401385,-0.03400996135258258,-0.04787185367857601,-0.0610908434751682,-0.07289810878099007,-0.08285757827227315,-0.09078158526337916,-0.0966413832505315,-0.10048763719901518,-0.10238856952896233,-0.10238856952896233,-0.10048763719901518,-0.0966413832505315,-0.09078158526337916,-0.08285757827227315,-0.07289810878099007,-0.0610908434751682,-0.04787185367857601,-0.03400996135258258,-0.02066165583401385,-0.009363652610149289,-0.0019261201773896205,-0.00019571967466607614,-0.005679677456700066,-0.019063503732540035,-0.039712791349572854,-0.06531078029671539,-0.09182331334820647,-0.11396854419047486,-0.12627050739951193,-0.12458528859146453,-0.10773987260462468,-0.07870326375870608,-0.044643019195572835,-0.015426571330246016,-0.0006433768540580288,-0.005936532152362123,-0.030054437753406334,-0.06418376252624758,-0.09451377325819472,-0.10763577478788751,-0.0967821012056835,-0.06589804893295195,-0.028931391375706064,-0.0037572222027986565,-0.0031035008105664156,-0.027129359778176244,-0.062278402224890735,-0.08806859134860857,-0.08879368279283738,-0.06343700875703508,-0.027190322258738086,-0.0025861166880639295,-0.005053177365870801,-0.032221272058370866,-0.06481041259290105,-0.07950882762845603,-0.06549961108750652,-0.03272074864309815,-0.005060248875555721],[-0.03059630763990645,-0.06435865863998683,-0.07951154135159125,-0.06481041259290106,-0.03145847461256471,-0.004304537953687713,-0.003530212491738791,-0.030532746718389375,-0.0675940190126425,-0.09054441509700403,-0.08492953545809796,-0.054836887686021574,-0.01942964231226202,-0.0005155835349958201,-0.009559672474664922,-0.0418052278500153,-0.08002029949210124,-0.10461920231876531,-0.10392616781987435,-0.07926734263881466,-0.04311575547882498,-0.012264070881640131,-6.922378613304276e-6,-0.010989273183452847,-0.040436429804302225,-0.07723096177404923,-0.10883471984985434,-0.1257967404354369,-0.12430756116402528,-0.10637784825747237,-0.078172568471725,-0.04750853274299799,-0.021501395000296786,-0.005002508823649393,-0.00002748716728134327,-0.006026324616226927,-0.02066165583401385,-0.04074123227920972,-0.06303670570649983,-0.08484633041951545,-0.10427288949738046,-0.12026379932166832,-0.13249388216373104,-0.1411721019706662,-0.14683563034657265,-0.15017048749499637,-0.15187603179184272,-0.1525746973695798,-0.15275927445889145,-0.15276655208647702,-0.15276655208647702,-0.15275927445889145,-0.1525746973695798,-0.15187603179184272,-0.15017048749499637,-0.14683563034657265,-0.1411721019706662,-0.13249388216373104,-0.12026379932166832,-0.10427288949738046,-0.08484633041951545,-0.06303670570649983,-0.040741232279210636,-0.02066165583401385,-0.006026324616226927,-0.000027487167281343267,-0.005002508823649393,-0.021501395000296786,-0.04750853274299843,-0.078172568471725,-0.10637784825747237,-0.12430756116402528,-0.1257967404354369,-0.10883471984985436,-0.07723096177404923,-0.040436429804302225,-0.010989273183452847,-6.922378613304277e-6,-0.012264070881640131,-0.04311575547882497,-0.07926734263881466,-0.10392616781987433,-0.10461920231876508,-0.08002029949210124,-0.0418052278500153,-0.009559672474664922,-0.0005155835349958201,-0.019429642312262022,-0.054836887686021574,-0.08492953545809796,-0.09054441509700406,-0.0675940190126425,-0.03053274671838877,-0.003530212491739036,-0.004304537953687713,-0.0314584746125647,-0.06481041259290106,-0.07951154135159125,-0.06435865863998684,-0.03059630763990645],[-0.061979631014186166,-0.07943484486358911,-0.065977194117872,-0.032221272058370866,-0.004304537953687713,-0.003876604755420587,-0.03224336968199146,-0.06999200314158341,-0.0913474210821172,-0.08217749752454247,-0.04906074070095721,-0.014087581133618809,-0.000016772135178260016,-0.016096609481273012,-0.053238832677331475,-0.09045479182947071,-0.10753687015177131,-0.09607070120664404,-0.06296281987317291,-0.025628983238262338,-0.002503821767177554,-0.004270780583566568,-0.02986877065204006,-0.06828694551691661,-0.1043094765774028,-0.12502537033580274,-0.12430756116402543,-0.10395093618693195,-0.07179266677053917,-0.0381940076091087,-0.012487179748911115,-0.0005551588716365953,-0.0039937956814396335,-0.02066165583401385,-0.046055632883553035,-0.07488754617090956,-0.10238856952896183,-0.12510578423053212,-0.1411721019706662,-0.15017048749499637,-0.15276655208647702,-0.1502709236433191,-0.14424536042484395,-0.13621161824375985,-0.12747673181799973,-0.11905939800963534,-0.11168894721735288,-0.10584666966892169,-0.10182397248268214,-0.09977884980649362,-0.09977884980649362,-0.10182397248268214,-0.10584666966892169,-0.11168894721735288,-0.11905939800963534,-0.12747673181799973,-0.13621161824375985,-0.14424536042484395,-0.1502709236433191,-0.15276655208647702,-0.15017048749499637,-0.1411721019706662,-0.12510578423053215,-0.10238856952896183,-0.07488754617090956,-0.046055632883553035,-0.02066165583401385,-0.0039937956814396335,-0.0005551588716365952,-0.012487179748911113,-0.0381940076091087,-0.07179266677053917,-0.10395093618693195,-0.12430756116402543,-0.12502537033580274,-0.1043094765774028,-0.06828694551691661,-0.02986877065204006,-0.004270780583566568,-0.002503821767177792,-0.025628983238262338,-0.06296281987317291,-0.09607070120664454,-0.10753687015177131,-0.09045479182947123,-0.053238832677331475,-0.016096609481273012,-0.000016772135178260016,-0.014087581133618809,-0.0490607407009572,-0.08217749752454206,-0.0913474210821172,-0.06999200314158288,-0.032243369681992075,-0.003876604755420587,-0.004304537953687712,-0.032221272058370866,-0.06597719411787158,-0.07943484486358911,-0.061979631014186166],[-0.07902601515321965,-0.06819056112057183,-0.03452375712575965,-0.005053177365871086,-0.003530212491738791,-0.03224336968199146,-0.07077328851133785,-0.09163692802643292,-0.08033471399704144,-0.045167527368344,-0.01069789173726299,-0.0005907077268341873,-0.022154511365163394,-0.06247562435841838,-0.09748547088592188,-0.10706424809251269,-0.08649715848566691,-0.04806367375372582,-0.013087749916439805,-0.000028671500041362,-0.015426571330245444,-0.051871013146114975,-0.09287563247343834,-0.12120515893008331,-0.12627050739951212,-0.10755026303361075,-0.07339977049956195,-0.03669113543403583,-0.009654826512553458,-1.809970768555253e-7,-0.009363652610148786,-0.0340099613525817,-0.06695878721215943,-0.10048763719901467,-0.1281691371982497,-0.14601404405267707,-0.15269526428799435,-0.14909422093614097,-0.13750771390337924,-0.12081790130531239,-0.10182397248268213,-0.08281946515601116,-0.06541012760634053,-0.05051657404360531,-0.03849002836483084,-0.029276734930175293,-0.02258483290686705,-0.01802729233533274,-0.015230548923616626,-0.013908803692129093,-0.013908803692129093,-0.015230548923616626,-0.01802729233533274,-0.02258483290686705,-0.029276734930175293,-0.03849002836483084,-0.05051657404360531,-0.06541012760634053,-0.08281946515601116,-0.10182397248268213,-0.12081790130531239,-0.13750771390337924,-0.14909422093614097,-0.15269526428799435,-0.14601404405267707,-0.1281691371982497,-0.10048763719901467,-0.06695878721215943,-0.0340099613525817,-0.009363652610148786,-1.809970768555253e-7,-0.009654826512553458,-0.03669113543403583,-0.07339977049956149,-0.10755026303361041,-0.12627050739951212,-0.12120515893008331,-0.09287563247343912,-0.051871013146114975,-0.01542657133024544,-0.000028671500041362,-0.013087749916439803,-0.04806367375372581,-0.08649715848566691,-0.10706424809251269,-0.09748547088592188,-0.06247562435841838,-0.02215451136516399,-0.0005907077268341873,-0.01069789173726299,-0.04516752736834334,-0.08033471399704144,-0.09163692802643283,-0.07077328851133786,-0.03224336968199146,-0.0035302124917385514,-0.005053177365871086,-0.03452375712575965,-0.06819056112057183,-0.07902601515321965],[-0.07118767336620775,-0.038390476265796926,-0.006713060674218149,-0.00258611668806393,-0.030532746718389375,-0.06999200314158341,-0.09163692802643292,-0.07968994267376328,-0.04321853422943144,-0.008855407496776496,-0.001427537429287709,-0.026929710589894733,-0.06927520263538361,-0.1018085514180003,-0.10476334940013514,-0.07706850487871174,-0.035858828834288245,-0.005362399585382927,-0.0028497736698448817,-0.02986877065204006,-0.07277749350577446,-0.11094738256132519,-0.12732639012335195,-0.11585871498687458,-0.0828515291142848,-0.042793897715227104,-0.01150746070453518,-1.8099707685552533e-7,-0.011294022532034246,-0.04074123227920972,-0.07887282866894813,-0.11515472126908498,-0.1411721019706662,-0.15239779082869342,-0.14842241317985375,-0.13204361659406022,-0.10782116541321617,-0.08064973762631912,-0.05470075847915595,-0.032858617722996954,-0.016603827227556572,-0.0062047237323736735,-0.0010614656653928133,-0.00007478430464298585,-0.001959266825768538,-0.005466540034341839,-0.009517189543176935,-0.013259269218892832,-0.016078252336590826,-0.017582375941767838,-0.017582375941767838,-0.016078252336590826,-0.013259269218892832,-0.009517189543176935,-0.005466540034341839,-0.001959266825768538,-0.00007478430464298585,-0.0010614656653928133,-0.0062047237323736735,-0.016603827227556572,-0.032858617722996954,-0.05470075847915595,-0.080649737626318,-0.10782116541321617,-0.13204361659406022,-0.14842241317985375,-0.15239779082869342,-0.1411721019706662,-0.11515472126908495,-0.07887282866894811,-0.04074123227920972,-0.011294022532034246,-1.8099707685552533e-7,-0.01150746070453518,-0.042793897715227104,-0.0828515291142848,-0.11585871498687458,-0.12732639012335195,-0.11094738256132519,-0.0727774935057736,-0.02986877065204006,-0.0028497736698448813,-0.005362399585383271,-0.035858828834288245,-0.07706850487871175,-0.10476334940013514,-0.1018085514180003,-0.06927520263538364,-0.026929710589894733,-0.0014275374292875424,-0.008855407496776496,-0.04321853422943144,-0.07968994267376327,-0.09163692802643292,-0.06999200314158341,-0.03053274671838877,-0.00258611668806393,-0.00671306067421815,-0.03839047626579635,-0.07118767336620775],[-0.04380342362273545,-0.009586460737887409,-0.0013344493097048862,-0.027190322258738086,-0.0675940190126425,-0.0913474210821172,-0.08033471399704144,-0.04321853422943144,-0.008275079314650305,-0.0019815250792327922,-0.029950161850887457,-0.07368258957319256,-0.104210995333662,-0.10194628611036406,-0.06899920122774271,-0.02671460982471763,-0.0014664226259143449,-0.008662535808184478,-0.04464301919557282,-0.09014119028099707,-0.12185462791122557,-0.12477571555472688,-0.09878905474250993,-0.05716674495900559,-0.01906350373254003,-0.0005551588716365953,-0.008463229170043454,-0.03901826130229554,-0.08086595355945518,-0.12026379932166831,-0.14601404405267746,-0.15244685860560317,-0.13995466789348232,-0.11357931316642127,-0.080649737626318,-0.04845295503541285,-0.02258483290686705,-0.006204723732373673,-0.00008255254568627646,-0.0031520801983069275,-0.013259269218892832,-0.02786547030801149,-0.04457067720110262,-0.06141786651751137,-0.07700386875878222,-0.09045256637928475,-0.10131045298858732,-0.10941392784585617,-0.11476187680388054,-0.11741244975527987,-0.11741244975527987,-0.11476187680388054,-0.10941392784585617,-0.10131045298858732,-0.09045256637928475,-0.07700386875878222,-0.06141786651751137,-0.04457067720110262,-0.02786547030801149,-0.013259269218892832,-0.0031520801983069275,-0.00008255254568627646,-0.0062047237323736735,-0.02258483290686705,-0.04845295503541285,-0.08064973762631912,-0.11357931316642127,-0.13995466789348232,-0.15244685860560317,-0.14601404405267707,-0.12026379932166831,-0.08086595355945518,-0.03901826130229554,-0.008463229170043454,-0.0005551588716365953,-0.01906350373254003,-0.05716674495900559,-0.09878905474250993,-0.12477571555472688,-0.12185462791122556,-0.09014119028099707,-0.04464301919557199,-0.008662535808184043,-0.0014664226259143449,-0.026714609824717635,-0.06899920122774271,-0.10194628611036406,-0.104210995333662,-0.07368258957319256,-0.029950161850886795,-0.0019815250792327927,-0.008275079314650305,-0.043218534229432115,-0.08033471399704147,-0.0913474210821172,-0.06759401901264193,-0.027190322258738086,-0.0013344493097048864,-0.009586460737887409,-0.04380342362273545],[-0.014062223323218003,-0.00026967466101647096,-0.022410703381117333,-0.06343700875703448,-0.09054441509700403,-0.08217749752454247,-0.045167527368344,-0.008855407496776496,-0.0019815250792327922,-0.030980298800626648,-0.07583579236251571,-0.10536136477064295,-0.09957067145879431,-0.06296281987317291,-0.020436233984032597,-0.00011235178267065483,-0.015426571330245444,-0.05779263667298628,-0.10311974398514569,-0.12667751818495046,-0.11675458171117647,-0.07974396986214875,-0.035205215833584935,-0.005002508823649393,-0.0028674508638574675,-0.029264086846688714,-0.07289810878099005,-0.11688534280289191,-0.14601404405267746,-0.15194873252740462,-0.13486827912053648,-0.10182397248268213,-0.06324697197104323,-0.029276734930175293,-0.007131223280417088,-7.443236888592984e-6,-0.0073556508375349754,-0.02600765974359361,-0.051574995480062245,-0.07967042515973093,-0.10672127969947082,-0.13033713046304926,-0.14931893103049376,-0.16344602924589496,-0.173170997853081,-0.1793167777812771,-0.18282858477138328,-0.1845979702711771,-0.18535359190101994,-0.18560231364025687,-0.18560231364025687,-0.18535359190101994,-0.1845979702711771,-0.18282858477138328,-0.1793167777812771,-0.173170997853081,-0.16344602924589496,-0.14931893103049376,-0.13033713046304926,-0.10672127969947082,-0.07967042515973093,-0.051574995480062245,-0.026007659743593613,-0.0073556508375349754,-7.443236888592984e-6,-0.007131223280417087,-0.029276734930175293,-0.06324697197104323,-0.10182397248268212,-0.1348682791205372,-0.15194873252740462,-0.14601404405267746,-0.11688534280289191,-0.07289810878099005,-0.029264086846688714,-0.0028674508638574675,-0.005002508823649393,-0.035205215833584935,-0.07974396986214875,-0.11675458171117646,-0.12667751818495046,-0.10311974398514569,-0.0577926366729854,-0.015426571330245444,-0.00011235178267065486,-0.020436233984032597,-0.06296281987317291,-0.09957067145879431,-0.10536136477064295,-0.07583579236251504,-0.030980298800626655,-0.0019815250792327922,-0.00885540749677689,-0.04516752736834334,-0.08217749752454247,-0.09054441509700387,-0.06343700875703448,-0.022410703381117877,-0.00026967466101647096,-0.014062223323218003],[-0.00008810135669762856,-0.016571661657470337,-0.05735255191907126,-0.08879368279283739,-0.08492953545809796,-0.04906074070095721,-0.01069789173726299,-0.001427537429287709,-0.029950161850887457,-0.07583579236251571,-0.10569487947885944,-0.09823961368357459,-0.05926916510167412,-0.01660054849528826,-0.0000874680386530555,-0.021609513262634425,-0.06828694551691661,-0.11196387464766594,-0.1272789036040092,-0.10637784825747239,-0.06205237610030734,-0.019063503732540035,-0.0000844883205137999,-0.01450568912307342,-0.05532940329244989,-0.10427288949738048,-0.14117210197066649,-0.1526104151798378,-0.13621161824375916,-0.09977884980649254,-0.05681776411666036,-0.021019225610276197,-0.001957300290937718,-0.003152080198307257,-0.022461119798274535,-0.053985536851615404,-0.09045256637928475,-0.12524226795147902,-0.15362641176860892,-0.1731709978530813,-0.1835022024346257,-0.18572641106248522,-0.18176739105478318,-0.17379694497407053,-0.16384024993541918,-0.15356329708257616,-0.14420697817925152,-0.13661673302335142,-0.13131897296359377,-0.12860632545818176,-0.12860632545818176,-0.13131897296359377,-0.13661673302335142,-0.14420697817925152,-0.15356329708257616,-0.16384024993541918,-0.17379694497407053,-0.18176739105478318,-0.18572641106248522,-0.1835022024346257,-0.1731709978530813,-0.15362641176860892,-0.12524226795147905,-0.09045256637928475,-0.053985536851615404,-0.0224611197982737,-0.003152080198307257,-0.001957300290937718,-0.021019225610276585,-0.056817764116661444,-0.09977884980649254,-0.13621161824375916,-0.1526104151798378,-0.14117210197066649,-0.10427288949738048,-0.05532940329244989,-0.01450568912307342,-0.0000844883205137999,-0.019063503732540035,-0.06205237610030733,-0.10637784825747239,-0.1272789036040092,-0.11196387464766537,-0.06828694551691661,-0.02160951326263443,-0.0000874680386530555,-0.01660054849528826,-0.05926916510167412,-0.09823961368357459,-0.10569487947885943,-0.07583579236251572,-0.029950161850887457,-0.0014275374292875424,-0.01069789173726256,-0.04906074070095721,-0.08492953545809832,-0.08879368279283739,-0.05735255191907187,-0.016571661657470337,-0.00008810135669762856],[-0.010315815117025366,-0.04925389776485259,-0.08549031890182118,-0.08806859134860857,-0.054836887686021574,-0.014087581133618809,-0.0005907077268341873,-0.026929710589894733,-0.07368258957319256,-0.10536136477064295,-0.09823961368357459,-0.058029825597897204,-0.014801589258611978,-0.00045623685466329933,-0.026202365228734755,-0.0757520023909913,-0.11746558830206187,-0.12559902551052468,-0.09606633098176406,-0.04750853274299799,-0.008783386593654007,-0.0019261201773896203,-0.030815238834335817,-0.08086595355945518,-0.1281691371982501,-0.15187603179184272,-0.1432499223422786,-0.10782116541321565,-0.06109266344741777,-0.021019225610276585,-0.0010614656653928133,-0.006376771740417033,-0.03376090935638724,-0.07435337924955382,-0.11741244975528048,-0.153626411768608,-0.17708525077477072,-0.185764313687898,-0.18088120244803063,-0.16568766465016807,-0.14420697817925207,-0.12024486608166493,-0.09680083489533814,-0.07585570234317941,-0.05843175099895152,-0.04480418077343759,-0.03476268888485806,-0.027856856418686637,-0.023592475814959445,-0.021570089699346175,-0.021570089699346175,-0.023592475814959445,-0.027856856418686637,-0.03476268888485806,-0.04480418077343759,-0.05843175099895152,-0.0758557023431794,-0.09680083489533814,-0.12024486608166493,-0.14420697817925152,-0.16568766465016807,-0.18088120244803063,-0.185764313687898,-0.17708525077477072,-0.153626411768608,-0.11741244975527987,-0.0743533792495532,-0.03376090935638724,-0.006376771740417033,-0.0010614656653928133,-0.021019225610276585,-0.061092663447417775,-0.10782116541321565,-0.14324992234227835,-0.15187603179184272,-0.1281691371982501,-0.08086595355945518,-0.030815238834335817,-0.0019261201773896203,-0.008783386593654005,-0.04750853274299799,-0.09606633098176445,-0.1255990255105248,-0.11746558830206187,-0.0757520023909913,-0.026202365228734755,-0.00045623685466329933,-0.01480158925861144,-0.058029825597897204,-0.09823961368357505,-0.10536136477064316,-0.07368258957319256,-0.026929710589894726,-0.0005907077268342926,-0.014087581133618809,-0.05483688768602222,-0.08806859134860857,-0.08549031890182152,-0.04925389776485323,-0.010315815117025366],[-0.03928804569798873,-0.07994556568731073,-0.09080026311996116,-0.062278402224890735,-0.01942964231226202,-0.000016772135178260016,-0.022154511365163394,-0.06927520263538361,-0.104210995333662,-0.09957067145879431,-0.05926916510167412,-0.014801589258611978,-0.0006433768540580286,-0.0286267181231758,-0.08016806418064024,-0.12052223883378765,-0.12325933229015335,-0.08741025855888232,-0.03669113543403583,-0.003217555637078031,-0.0076065919831046856,-0.047871853678575514,-0.10238856952896183,-0.14325253707430013,-0.15122303961194958,-0.12422481940042003,-0.07629594741455947,-0.0292767349301753,-0.0025046457888620627,-0.005466540034341838,-0.03582859735958089,-0.08235082721748982,-0.13033713046304926,-0.16695378430680025,-0.18459797027117728,-0.18176739105478334,-0.16192119592243262,-0.13131897296359438,-0.09680083489533814,-0.06413914154957875,-0.03718944814311928,-0.017757571619206214,-0.005941588950907659,-0.0006847189334863261,-0.0003342004214528957,-0.003088306646440068,-0.007291576488672136,-0.011590722717098465,-0.014989301147605749,-0.016844702681556842,-0.016844702681556842,-0.014989301147605749,-0.011590722717098465,-0.007291576488672136,-0.003088306646440068,-0.0003342004214528957,-0.0006847189334863261,-0.005941588950907659,-0.017757571619206214,-0.03718944814311928,-0.06413914154957875,-0.09680083489533814,-0.13131897296359438,-0.16192119592243262,-0.18176739105478334,-0.1845979702711771,-0.16695378430680025,-0.13033713046304926,-0.0823508272174898,-0.03582859735958089,-0.005466540034341838,-0.0025046457888620627,-0.0292767349301753,-0.07629594741455949,-0.12422481940042006,-0.15122303961194958,-0.14325253707430013,-0.10238856952896233,-0.047871853678575514,-0.007606591983104457,-0.003217555637078031,-0.03669113543403583,-0.08741025855888275,-0.12325933229015335,-0.12052223883378767,-0.08016806418064024,-0.0286267181231758,-0.0006433768540580288,-0.014801589258611978,-0.059269165101674876,-0.09957067145879431,-0.104210995333662,-0.06927520263538361,-0.02215451136516399,-0.000016772135178260016,-0.01942964231226256,-0.062278402224890735,-0.090800263119961,-0.07994556568731075,-0.03928804569798873],[-0.07154500705945277,-0.09205146819619016,-0.07087626828271848,-0.027129359778176244,-0.0005155835349958201,-0.016096609481273012,-0.06247562435841838,-0.1018085514180003,-0.10194628611036406,-0.06296281987317291,-0.01660054849528826,-0.00045623685466329933,-0.0286267181231758,-0.08162452055099936,-0.12185462791122591,-0.1214111308117411,-0.08130394944927515,-0.02945161693637527,-0.0008028069561861708,-0.01450568912307311,-0.06303670570649879,-0.11858879044737228,-0.15067860753855875,-0.1432499223422786,-0.10182397248268213,-0.04845295503541285,-0.009162792186411235,-0.0014685816332447629,-0.02786547030801149,-0.07700386875878096,-0.13033713046304926,-0.17019987217743157,-0.18576431368789798,-0.17518373095246006,-0.14420697817925207,-0.10276598450047944,-0.06127024617630331,-0.027856856418687122,-0.007095983784928239,-0.000016060906726289658,-0.004969225878405828,-0.018802280731647775,-0.03792742190079372,-0.0590791987118545,-0.07971261657723344,-0.09810315411414301,-0.1132518011793029,-0.12469577633388444,-0.13230101960657906,-0.13608357482981157,-0.13608357482981157,-0.13230101960657906,-0.12469577633388444,-0.11325180117930211,-0.09810315411414301,-0.07971261657723344,-0.0590791987118545,-0.03792742190079372,-0.018802280731647775,-0.004969225878406059,-0.000016060906726289658,-0.00709598378492824,-0.027856856418686637,-0.06127024617630331,-0.10276598450047944,-0.14420697817925204,-0.17518373095246006,-0.18576431368789798,-0.1701998721774312,-0.13033713046304812,-0.07700386875878096,-0.02786547030801149,-0.0014685816332447629,-0.009162792186411235,-0.04845295503541285,-0.10182397248268213,-0.1432499223422786,-0.15067860753855875,-0.11858879044737228,-0.06303670570649877,-0.01450568912307311,-0.0008028069561861707,-0.029451616936376056,-0.08130394944927515,-0.12141113081174089,-0.12185462791122591,-0.08162452055099936,-0.028626718123176523,-0.00045623685466329933,-0.016600548495288258,-0.06296281987317215,-0.10194628611036406,-0.10180855141799997,-0.062475624358419114,-0.016096609481273012,-0.0005155835349959189,-0.027129359778176244,-0.07087626828271848,-0.09205146819619016,-0.07154500705945277],[-0.09054441509700405,-0.07968994267376328,-0.03740394871554306,-0.0031035008105664156,-0.009559672474664922,-0.053238832677331475,-0.09748547088592188,-0.10476334940013514,-0.06899920122774271,-0.020436233984032597,-0.0000874680386530555,-0.026202365228734755,-0.08016806418064024,-0.12185462791122591,-0.12072271660126445,-0.07817256847172457,-0.025364209295336906,-0.0000844883205137999,-0.02066165583401385,-0.07488754617090958,-0.12964789206710212,-0.15275927445889145,-0.13204361659406022,-0.080649737626318,-0.027542406845075126,-0.000714293891857233,-0.013259269218892832,-0.058908931103245445,-0.11741244975528049,-0.1652317511306181,-0.1856023136402569,-0.17379694497407053,-0.13661673302335142,-0.0878060226463346,-0.04221311573558413,-0.011128078903467807,-0.000016060906726255384,-0.008616718742383749,-0.03259694684119877,-0.06573942384568884,-0.10186604990549886,-0.1360835748298116,-0.16529464594654328,-0.18813915520846494,-0.2046082924891682,-0.2155493178089162,-0.22220735992173138,-0.22587428593390357,-0.22765700048193918,-0.2283448602929563,-0.2283448602929563,-0.22765700048193918,-0.22587428593390357,-0.22220735992173116,-0.2155493178089162,-0.2046082924891682,-0.18813915520846494,-0.16529464594654328,-0.1360835748298116,-0.10186604990549965,-0.06573942384568884,-0.03259694684119877,-0.00861671874238404,-0.000016060906726255384,-0.011128078903467807,-0.042213115735585276,-0.0878060226463346,-0.13661673302335142,-0.1737969449740705,-0.1856023136402569,-0.1652317511306181,-0.11741244975528049,-0.058908931103245445,-0.013259269218892833,-0.0007142938918572331,-0.027542406845075126,-0.080649737626318,-0.13204361659406025,-0.15275927445889145,-0.12964789206710176,-0.07488754617090958,-0.02066165583401385,-0.00008448832051382302,-0.025364209295336906,-0.07817256847172457,-0.12072271660126445,-0.12185462791122591,-0.08016806418064107,-0.026202365228734755,-0.00008746803865301003,-0.020436233984032603,-0.06899920122774271,-0.10476334940013539,-0.0974854708859219,-0.053238832677331475,-0.00955967247466492,-0.0031035008105664156,-0.03740394871554306,-0.07968994267376282,-0.09054441509700405],[-0.08725972040225763,-0.05003052175927269,-0.008855407496776496,-0.003757222202798656,-0.0418052278500153,-0.09045479182947071,-0.10706424809251269,-0.07706850487871174,-0.02671460982471763,-0.00011235178267065483,-0.021609513262634425,-0.0757520023909913,-0.12052223883378765,-0.1214111308117411,-0.07817256847172457,-0.024050377275000024,-1.8099707685552533e-7,-0.024806664062428214,-0.08285757827227315,-0.1364677236059942,-0.15194873252740465,-0.12081790130531146,-0.06324697197104324,-0.013908803692128767,-0.0010485370457984581,-0.03174350752510321,-0.09045256637928475,-0.1493189310304938,-0.18282858477138356,-0.1788531961569557,-0.14172765554312758,-0.08780602264633597,-0.03718944814311928,-0.005941588950907423,-0.001652127729031422,-0.023017547658283663,-0.06237924552787833,-0.10944449698770005,-0.1546234747575869,-0.19110868816981647,-0.21554931780891587,-0.22765700048193918,-0.2292561696227943,-0.22323587797112865,-0.21269319613916177,-0.200383263237392,-0.18846402973062354,-0.178458202396313,-0.1713387847442847,-0.1676573075050124,-0.1676573075050124,-0.1713387847442847,-0.178458202396313,-0.18846402973062354,-0.200383263237392,-0.21269319613916177,-0.22323587797112865,-0.2292561696227943,-0.22765700048193918,-0.2155493178089162,-0.19110868816981647,-0.15462347475758692,-0.10944449698770005,-0.06237924552787833,-0.023017547658283663,-0.0016521277290314218,-0.0059415889509074225,-0.03718944814311928,-0.08780602264633597,-0.14172765554312758,-0.1788531961569557,-0.18282858477138358,-0.1493189310304938,-0.09045256637928603,-0.031743507525103694,-0.0010485370457984581,-0.013908803692128767,-0.06324697197104324,-0.12081790130531146,-0.15194873252740462,-0.1364677236059942,-0.08285757827227314,-0.024806664062427056,-1.8099707685552533e-7,-0.024050377275000027,-0.07817256847172457,-0.1214111308117411,-0.12052223883378804,-0.0757520023909913,-0.02160951326263442,-0.00011235178267065486,-0.02671460982471763,-0.07706850487871246,-0.10706424809251272,-0.09045479182947071,-0.04180522785001457,-0.003757222202798656,-0.008855407496776498,-0.050030521759272015,-0.08725972040225763],[-0.06407073770374493,-0.018627928819854925,-0.0003084916603371096,-0.028931391375706064,-0.08002029949210124,-0.10753687015177131,-0.08649715848566691,-0.035858828834288245,-0.0014664226259143449,-0.015426571330245444,-0.06828694551691661,-0.11746558830206187,-0.12325933229015335,-0.08130394944927515,-0.025364209295336906,-1.8099707685552533e-7,-0.026258898454245085,-0.08683083440715765,-0.1400625807046708,-0.1502709236433191,-0.11168894721735287,-0.050516574043605315,-0.0062047237323736735,-0.00637677174041726,-0.051574995480062245,-0.11741244975528048,-0.1701998721774316,-0.1852624051810207,-0.1578749593978702,-0.10276598450047944,-0.04480418077343759,-0.00709598378492824,-0.0023144940940741546,-0.030063533044110257,-0.07971261657723347,-0.13608357482981157,-0.18508831852143118,-0.21739645641696717,-0.2295789713263914,-0.22323587797112865,-0.2030855564875791,-0.17494056223385493,-0.14415952665774587,-0.11478587363654222,-0.0893069862812667,-0.06883424904998978,-0.05348856902240988,-0.04282569083958466,-0.03620398964072173,-0.033055310330050956,-0.033055310330050956,-0.03620398964072173,-0.04282569083958466,-0.05348856902241059,-0.06883424904998978,-0.0893069862812667,-0.11478587363654222,-0.14415952665774587,-0.17494056223385493,-0.2030855564875785,-0.22323587797112865,-0.22957897132639143,-0.21739645641696723,-0.18508831852143118,-0.13608357482981157,-0.07971261657723344,-0.030063533044110257,-0.0023144940940741546,-0.007095983784928239,-0.044804180773438756,-0.10276598450047944,-0.1578749593978702,-0.1852624051810207,-0.1701998721774316,-0.11741244975528048,-0.051574995480062245,-0.00637677174041726,-0.0062047237323736735,-0.050516574043605315,-0.11168894721735285,-0.1502709236433191,-0.14006258070467079,-0.08683083440715712,-0.026258898454245085,-1.8099707686325117e-7,-0.025364209295336906,-0.08130394944927515,-0.12325933229015318,-0.11746558830206187,-0.0682869455169166,-0.015426571330246016,-0.0014664226259143449,-0.03585882883428899,-0.08649715848566691,-0.10753687015177131,-0.0800