{"data":[{"type":"contour","x":[0.0,0.03173325912716963,0.06346651825433926,0.09519977738150888,0.12693303650867852,0.15866629563584814,0.19039955476301776,0.22213281389018738,0.25386607301735703,0.28559933214452665,0.3173325912716963,0.34906585039886584,0.3807991095260355,0.4125323686532052,0.44426562778037476,0.4759988869075444,0.5077321460347141,0.5394654051618837,0.5711986642890533,0.6029319234162229,0.6346651825433925,0.6663984416705622,0.6981317007977317,0.7298649599249014,0.761598219052071,0.7933314781792408,0.8250647373064104,0.8567979964335799,0.8885312555607495,0.9202645146879193,0.9519977738150888,0.9837310329422584,1.0154642920694281,1.0471975511965976,1.0789308103237674,1.1106640694509369,1.1423973285781066,1.1741305877052763,1.2058638468324459,1.2375971059596154,1.269330365086785,1.3010636242139546,1.3327968833411243,1.3645301424682938,1.3962634015954634,1.4279966607226333,1.4597299198498028,1.4914631789769726,1.523196438104142,1.5549296972313116,1.5866629563584815,1.618396215485651,1.6501294746128208,1.6818627337399903,1.7135959928671598,1.7453292519943295,1.777062511121499,1.8087957702486686,1.8405290293758385,1.872262288503008,1.9039955476301775,1.9357288067573473,1.9674620658845168,1.9991953250116867,2.0309285841388562,2.0626618432660258,2.0943951023931953,2.126128361520365,2.1578616206475347,2.1895948797747042,2.2213281389018737,2.2530613980290437,2.284794657156213,2.3165279162833827,2.3482611754105527,2.379994434537722,2.4117276936648917,2.443460952792061,2.4751942119192307,2.5069274710464007,2.53866073017357,2.5703939893007397,2.602127248427909,2.633860507555079,2.6655937666822487,2.697327025809418,2.7290602849365877,2.760793544063757,2.7925268031909267,2.824260062318097,2.8559933214452666,2.887726580572436,2.9194598396996057,2.951193098826775,2.982926357953945,3.0146596170811146,3.046392876208284,3.0781261353354537,3.109859394462623,3.1415926535897936],"y":[0.0,0.03173325912716963,0.06346651825433926,0.09519977738150888,0.12693303650867852,0.15866629563584814,0.19039955476301776,0.22213281389018738,0.25386607301735703,0.28559933214452665,0.3173325912716963,0.34906585039886584,0.3807991095260355,0.4125323686532052,0.44426562778037476,0.4759988869075444,0.5077321460347141,0.5394654051618837,0.5711986642890533,0.6029319234162229,0.6346651825433925,0.6663984416705622,0.6981317007977317,0.7298649599249014,0.761598219052071,0.7933314781792408,0.8250647373064104,0.8567979964335799,0.8885312555607495,0.9202645146879193,0.9519977738150888,0.9837310329422584,1.0154642920694281,1.0471975511965976,1.0789308103237674,1.1106640694509369,1.1423973285781066,1.1741305877052763,1.2058638468324459,1.2375971059596154,1.269330365086785,1.3010636242139546,1.3327968833411243,1.3645301424682938,1.3962634015954634,1.4279966607226333,1.4597299198498028,1.4914631789769726,1.523196438104142,1.5549296972313116,1.5866629563584815,1.618396215485651,1.6501294746128208,1.6818627337399903,1.7135959928671598,1.7453292519943295,1.777062511121499,1.8087957702486686,1.8405290293758385,1.872262288503008,1.9039955476301775,1.9357288067573473,1.9674620658845168,1.9991953250116867,2.0309285841388562,2.0626618432660258,2.0943951023931953,2.126128361520365,2.1578616206475347,2.1895948797747042,2.2213281389018737,2.2530613980290437,2.284794657156213,2.3165279162833827,2.3482611754105527,2.379994434537722,2.4117276936648917,2.443460952792061,2.4751942119192307,2.5069274710464007,2.53866073017357,2.5703939893007397,2.602127248427909,2.633860507555079,2.6655937666822487,2.697327025809418,2.7290602849365877,2.760793544063757,2.7925268031909267,2.824260062318097,2.8559933214452666,2.887726580572436,2.9194598396996057,2.951193098826775,2.982926357953945,3.0146596170811146,3.046392876208284,3.0781261353354537,3.109859394462623,3.1415926535897936],"z":[[0.0,-4.159405941223628e-72,-9.141978488726527e-60,-1.5149822476471813e-52,-2.0061299582022997e-47,-1.8834660919438205e-43,-3.3150162660222636e-40,-1.8373394854183052e-37,-4.3702835148178213e-35,-5.44692245011145e-33,-4.076649613957013e-31,-2.0191611347961907e-29,-7.11055914336212e-28,-1.879941667258677e-26,-3.892760591573421e-25,-6.5281343793747204e-24,-9.108589519931224e-23,-1.08096261044522e-21,-1.1111665634326643e-20,-1.0045470204137597e-19,-8.090318435392763e-19,-5.8683449465554935e-18,-3.8698455054222804e-17,-2.3389209690691466e-16,-1.3047708770174076e-15,-6.759498936236361e-15,-3.2695893212296445e-14,-1.483639166649982e-13,-6.34218135858526e-13,-2.5635223308928416e-12,-9.830093405048476e-12,-3.586561745633494e-11,-1.2483614119713768e-10,-4.1549358663611706e-10,-1.3251468535229752e-9,-4.057494709659345e-9,-1.1947571155590431e-8,-3.388331831786662e-8,-9.267545996644106e-8,-2.447604647111496e-7,-6.24861252495102e-7,-1.5435032709144385e-6,-3.6921631251709287e-6,-8.559075282626975e-6,-0.00001924098973734938,-0.00004196873956728991,-0.00008886474690998507,-0.00018273048594710133,-0.00036501501498592814,-0.0007084967023330836,-0.0013365078229233707,-0.0024505404211015783,-0.00436747756417515,-0.007566095031186263,-0.012739471075779715,-0.02084529689159812,-0.033140011115111605,-0.05117615945441328,-0.07673738169440507,-0.11168492580935724,-0.1576970698772765,-0.21590119006673048,-0.286428070370937,-0.36795592679259387,-0.4573487460919166,-0.5495163604937848,-0.637616887672073,-0.7136743107791644,-0.7695943239074765,-0.7984454525358835,-0.7957616361302958,-0.7605579785440613,-0.6957692219212485,-0.6079344312416685,-0.5061405511268888,-0.4004468636746051,-0.30016933916809024,-0.2124469255296739,-0.14141909858085008,-0.08814694277259766,-0.05118291047533538,-0.027522353580690457,-0.013610737060024917,-0.006140037354370793,-0.0025023054555798614,-0.0009105873431126962,-0.0002917029501409439,-0.00008082869288560578,-0.000018949565842258856,-3.6537080933831917e-6,-5.582224461612733e-7,-6.426668594118242e-8,-5.196687450034949e-9,-2.6630673790210767e-10,-7.37638955457059e-12,-8.46213588395825e-14,-2.4418841663485907e-16,-5.790237367918698e-20,-3.181140407428976e-26,0.0],[-4.361448763069454e-66,1.0140481231871916e-7,4.0561883795743815e-7,9.126408429655098e-7,1.6224687707640844e-6,2.535099742154449e-6,3.650530055329709e-6,4.968755185889802e-6,6.489769786859854e-6,8.213567688711853e-6,0.000010140141899389687,0.000012269484604337514,0.000014601587166531445,0.00001713644012651456,0.000019874033202435315,0.00002281435529008924,0.000025957394462963957,0.000029303137972287536,0.00003285157224708031,0.000036602682894209706,0.000040556454698448364,0.00004471287162253301,0.00004907191680721311,0.00005363357257122777,0.00005839782041090973,0.00006336464099804455,0.00006853401417015397,0.00007390591889001527,0.00007948033308769388,0.00008525723307902699,0.00009123659153797146,0.00009741837077938287,0.00010380250156262241,0.00011038881924014362,0.00011717687978649575,0.00012416545196554081,0.00013135117238520153,0.00013872512392468223,0.0001462644658610706,0.0001539127309062624,0.00016153516450059325,0.000168821208736647,0.00017507935372943522,0.0001788213309119767,0.00017695035537089235,0.0001632355582893662,0.0001255544809715904,0.00004110561185836849,-0.00013156014555422606,-0.00046522119858840064,-0.0010832098620133413,-0.0021870182208268527,-0.004093529383807861,-0.007281519172288325,-0.012444065883020954,-0.020538860753574226,-0.0328223424651619,-0.05084705677143832,-0.07639664350368405,-0.11133235068336521,-0.1573324564365014,-0.21552433698048998,-0.28603877635819513,-0.36755399062277744,-0.45693396658573143,-0.5490885365240318,-0.6371758181644639,-0.7132197947131373,-0.7691261603170115,-0.7979634405103176,-0.795265574815138,-0.760047667141807,-0.6952444596921944,-0.6073950175047266,-0.5055862852604005,-0.3998775451171546,-0.2995847674193187,-0.2118469001510922,-0.140803419196652,-0.08751540907047269,-0.050535322207281116,-0.026858510563824937,-0.012930439177398568,-0.0054430845557781405,-0.0017884977583709767,-0.00017972483300436484,0.0004564142179724446,0.0006847429083502365,0.0007642761728348929,0.0007974258007353547,0.0008185746168261094,0.0008373213900940272,0.0008558326906274385,0.0008744891897244948,0.0008933402798982586,0.0009123903044979128,0.0009316394306841094,0.0009510875875019454,0.0009707346961498429,0.0009905806769355907],[-9.585901650529593e-54,4.0561883795743815e-7,1.6224687707640844e-6,3.650530055329709e-6,6.489769786859854e-6,0.000010140141899389687,0.000014601587166531445,0.000019874033202435315,0.000025957394462963957,0.00003285157224708032,0.00004055645469844917,0.00004907191680725181,0.0000583978204122145,0.00006853401420284987,0.00007948033372191202,0.00009123660136806486,0.00010380262639876361,0.00011717820493334927,0.0001313631199563571,0.00014635714132103694,0.00016216002575308755,0.00017877151685460028,0.00019619134510820302,0.00021441922788134157,0.0002334548694303973,0.0002532979609032699,0.0002739481803345933,0.00029540519261039654,0.000317668649315488,0.00034073818815749863,0.00036461343094499823,0.0003892939768762538,0.0004147793813490219,0.00044106909211553036,0.0004681622653180873,0.0004960572576631082,0.000524750281482886,0.0005542319831700399,0.0005844790733115551,0.0006154346237333516,0.0006469634068017688,0.0006787543793554345,0.0007101155340837138,0.0007395580928307615,0.0007639847489398024,0.0007771640997049808,0.0007669731404049035,0.0007106098013275468,0.0005666244156984255,0.00026223799381675926,-0.0003258823735633003,-0.0013992293780041804,-0.003274686746927055,-0.006431030932373213,-0.011561340873861027,-0.019623308463770018,-0.031873373050159214,-0.04986408106555108,-0.07537907303210561,-0.11027959767416787,-0.1562439338326239,-0.21439945845171288,-0.2848769563131038,-0.3663546442207124,-0.455696509748726,-0.5478123859487366,-0.6358603913340583,-0.7118645099092273,-0.7677304366315142,-0.7965266978573318,-0.7937872339428004,-0.758527149644135,-0.6936811880209139,-0.6057884149810852,-0.5039357760869656,-0.3981825543895976,-0.2978447211381826,-0.2100612252335448,-0.13897154348822288,-0.08563676135677455,-0.04860933222571519,-0.024884609015270027,-0.010908057737883756,-0.0033716558881388267,0.0003325444761118918,0.001991496296973355,0.002678378550423571,0.0029580137169930103,0.003089415686557293,0.0031749951920429565,0.0032491339903079524,0.003321429770906699,0.00339404801299756,0.0034673682854698016,0.0035414388669674853,0.003616262975529666,0.0036918396415849355,0.003768167646043772,0.003845245750587006,0.0039230727046416355],[-1.5884418245421965e-46,9.126408429655098e-7,3.650530055329709e-6,8.213567688711849e-6,0.000014601587166531445,0.00002281435529008924,0.00003285157224708031,0.00004471287162253886,0.0000583978204122145,0.00007390591903837919,0.00009123660136806486,0.00011038923473373022,0.00013136311995635703,0.00015415749137097357,0.00017877151685460608,0.00020520429785665607,0.00023345486943170208,0.00026352220027472576,0.00029540519275876045,0.0003291026829749607,0.0003646134407750908,0.0004019361698164298,0.00044106950760907813,0.0004820120255656065,0.0005247622290527368,0.0005693185574436909,0.0006156793841653669,0.0006638430167171544,0.0007138076965746663,0.0007655715986723202,0.000819132829442177,0.0008744894201656153,0.0009316393058482124,0.0009905802614420037,0.0010513097179505443,0.0011138242546745623,0.0011781182543475328,0.0012441804816460938,0.0013119857134022237,0.0013814750357281154,0.0014525111834001174,0.001524781023875225,0.0015975904087563036,0.0016694483671850643,0.0017372553482774163,0.00179477765366854,0.001829889931641773,0.0018197877142510257,0.0017230188853485672,0.0014668019548229531,0.0009278014620841325,-0.0000954778866020631,-0.0019199224715479592,-0.005024311448295185,-0.010101726510359286,-0.018109862354499358,-0.030305161183419853,-0.04824017233443586,-0.07369853928452645,-0.10854151376275945,-0.15444737766452238,-0.21254351103820773,-0.28296070181916044,-0.3643771700143639,-0.4536569064503314,-0.5457097474801041,-0.6336938149674314,-0.709633096316131,-0.7654332899314604,-0.794162925666381,-0.7913559474219783,-0.756027463547701,-0.6911122207444806,-0.6031492886095863,-0.5012256164424705,-0.39540049107897013,-0.29498988760058226,-0.20713275878776874,-0.13596858537988643,-0.08255845680532806,-0.04545483047129568,-0.021653063365385253,-0.0075986256139270745,0.00001650112826729732,0.0038002605969455834,0.005539601481818233,0.006307698460650741,0.006669369670122102,0.006883624610798432,0.007052869581021623,0.007211481857974566,0.007369054606632898,0.007527748736861012,0.007687939203729455,0.00784966962773113,0.008012938524615636,0.008177740178579892,0.008344068580558339,0.008511917658711152,0.008681281285601604],[-2.1030265009041847e-41,1.6224687707640844e-6,6.489769786859854e-6,0.000014601587166531445,0.000025957394462963957,0.00004055645469844917,0.0000583978204122145,0.00007948033372191202,0.00010380262639876361,0.0001313631199563571,0.00016216002575308836,0.00019619134510824173,0.00023345486943170208,0.0002739481803672892,0.00031766864994970615,0.0003646134407750916,0.0004147795061851631,0.00046816359046494084,0.0005247622290540416,0.0005845717487715214,0.0006475882680542631,0.0007138076972088789,0.0007832257386771131,0.0008558378873146547,0.0009316394306830489,0.0010106254493533109,0.001092790817215399,0.0011781302017703243,0.001266638064318172,0.001358308659735928,0.0014531360348225193,0.0015511140219676008,0.0016522362183544626,0.0017564959225211797,0.0018638859508154292,0.0019743981300007177,0.0020880219527633402,0.0022047411566049504,0.002324525354447648,0.0024473103321624797,0.0025729533883676993,0.0027011358188702454,0.0028311577685665823,0.0029615224252818877,0.0030891242626622023,0.0032077234731868235,0.003305188462775025,0.0033587083883967733,0.0033268246265992516,0.0031367490482539224,0.0026651394225611427,0.0017104935549144716,-0.00004408196599324076,-0.0030773734562706363,-0.00808246989901188,-0.01601707340899554,-0.028137633734805496,-0.04599670788690528,-0.07137794714209038,-0.10614261115530192,-0.1519689898732368,-0.20998447152040178,-0.2803198523324204,-0.36165336074006843,-0.4508489961165046,-0.5428166034835988,-0.6307143134954324,-0.7065661224669691,-0.7622777378347272,-0.7909176986023351,-0.7880199579402336,-0.7525996335851876,-0.6875914817426684,-0.5995345816309625,-0.49751589228626253,-0.39159471039610194,-0.29108702100785866,-0.2031317869812756,-0.13186849924759914,-0.07835825753891895,-0.04115352967713133,-0.01724968317470494,-0.0030921987921934523,0.004626931072854006,0.008515639305778639,0.010360863639069304,0.011235767687317289,0.011705158418945785,0.012028034062062952,0.012306789539238458,0.012575790649464904,0.012844618978014082,0.013115423754445665,0.01338856815384546,0.013664083917970549,0.013941957586020582,0.014222171368773281,0.014504707087827444,0.01478954640705173,0.015076670840730375],[-1.9736895082227532e-37,2.535099742154449e-6,0.000010140141899389687,0.00002281435529008924,0.00004055645469844917,0.00006336464100480402,0.00009123660136806486,0.00012416950946025047,0.00016216002575308836,0.00020520429785665612,0.0002532979609100294,0.0003064361380238958,0.0003646134407750916,0.00042782396975300866,0.0004960613151578179,0.0005693185574504501,0.0006475882680542638,0.0007308625101083313,0.0008191328392722707,0.000912390304582534,0.0010106254493600694,0.0011138283121692664,0.0012219884278280644,0.0013350948284690776,0.0014531360446513079,0.0015761001065209782,0.00170397454501553,0.0018367463930874654,0.0019744021868612093,0.002116927966416755,0.002264309275177409,0.002416531154658037,0.0025735781247840533,0.0027354341216051744,0.002902082314939198,0.003073504602203432,0.003249680265182958,0.00343058255022045,0.0036161703001543213,0.003806368253215923,0.004001022384232017,0.004199802390505774,0.0044019965451923245,0.004606095892647643,0.00480898249286523,0.005004403856067681,0.005180215438927041,0.005313593183823471,0.005363064989053777,0.005255828985294411,0.004868528941355711,0.003999648403829351,0.00233227944601086,-0.0006123790183516263,-0.0055274309953589895,-0.013370593873744927,-0.025398332925049363,-0.04316322092971302,-0.06844892517951799,-0.10311672158735799,-0.14884491659877333,-0.20676091517589884,-0.2769955305286333,-0.3582270082965067,-0.4473193652937126,-0.5391824642132066,-0.6269744536079481,-0.7027193479172826,-0.7583228729252945,-0.7868535862040161,-0.7838454597107528,-0.748313630185189,-0.6831928730493374,-0.5950222869491856,-0.4928888505572964,-0.38685188040372676,-0.286227381581985,-0.1981543371989808,-0.12677225863156447,-0.07314226625324234,-0.03581684872048908,-0.011791394570836576,0.002488594222315666,0.010331103863517502,0.014344045657906267,0.016314335578241017,0.0173151153026584,0.017911169689227156,0.01836147468464986,0.018768402761911298,0.0191662971051347,0.01956471652235545,0.019965787306469442,0.020369849539432897,0.02077691171639069,0.021186936979452065,0.021599883994851393,0.022015710895237066,0.02243437551418625,0.022855835397436495],[-3.4714208749801e-34,3.650530055329709e-6,0.000014601587166531445,0.00003285157224708031,0.0000583978204122145,0.00009123660136806486,0.00013136311995635703,0.00017877151685460608,0.00023345486943170208,0.00029540519275876045,0.0003646134407750916,0.00044106950760911684,0.0005247622290540415,0.0006156793841980627,0.0007138076972088845,0.0008191328392722705,0.0009316394306843536,0.001051311043097398,0.0011781302019186883,0.0013120783888621902,0.0014531360446526117,0.0016012825718814687,0.001756496338014727,0.0019187546785515242,0.0020880339003331904,0.002264309285000744,0.0024475550925944947,0.0026377445652720644,0.0028348499310575344,0.0030388424073150948,0.00324969220292402,0.0034673685159109222,0.0036918395167490387,0.003923072289148047,0.0041610326508691965,0.004405684650822784,0.0046569892291966775,0.004914900801099976,0.005179358892048027,0.005450268440498949,0.00572745514278721,0.006010567942826928,0.006298873889400274,0.006590842335509058,0.006883333186903342,0.007170071340853438,0.007438889186638477,0.007666939149160418,0.007812725163594207,0.007803420956378069,0.007515645455579792,0.006747856935240352,0.005183121769075798,0.0023426127490878646,-0.002466800669794201,-0.010202862827473182,-0.022122066353753106,-0.03977701178925053,-0.06495139458257368,-0.0995065191947539,-0.14512072100536544,-0.20292143429098278,-0.2730395019507848,-0.35415319968278314,-0.4431265747231431,-0.5348695205444992,-0.6225402168313426,-0.6981627095004802,-0.7536427561533947,-0.7820489465133941,-0.7789152850168097,-0.7432569412039103,-0.6780087236125938,-0.5897097643137145,-0.48744707570729956,-0.38128000834702425,-0.2805246016396647,-0.1923198732884841,-0.1208053695431506,-0.06704224591977404,-0.029583026480483745,-0.005423135424728741,0.008991889362754423,0.016969997932653417,0.021119065200664068,0.023225970521520464,0.024363818733795426,0.02509735764154716,0.02568552593015943,0.02623065861117374,0.026767061214372955,0.02730425470782526,0.027844327366144235,0.02838758108204043,0.028933985997840528,0.029483466746691393,0.030035943337185747,0.03059133510315093,0.031149560945697458,0.031710539352016946],[-1.9218430502036308e-31,4.968755185889802e-6,0.000019874033202435315,0.00004471287162253886,0.00007948033372191202,0.00012416950946025047,0.00017877151685460608,0.00024327550374468292,0.00031766864994970615,0.00040193616981643563,0.0004960613151578179,0.0006000253785816911,0.0007138076972088845,0.0008373856567799684,0.0009707346961498426,0.0011138283121692719,0.00126663806495239,0.0014291335835291323,0.0016012825718814746,0.0017830508153622718,0.0019744021874954264,0.0021752986571560305,0.002385700296129042,0.0026055652870449367,0.0028348499316904474,0.003073508659691383,0.0033214940375599442,0.0035787567780815864,0.003845245749952787,0.00412090798736175,0.0044056886984874,0.004699531269671205,0.005002377255469966,0.005314166326411574,0.005634836096986843,0.005964321630132783,0.006302554104954289,0.006649457408166537,0.0070049397775825565,0.0073688741128541254,0.007741053328809748,0.008121092853760331,0.008508225495585981,0.008900885650079866,0.009295897558660959,0.009686949756519833,0.010061837582668506,0.010397675733300922,0.010652929746372568,0.010754734292700841,0.01057966859661962,0.009926150590787029,0.008477205680524874,0.00575396507323763,0.0010632560340310161,-0.006552708560905025,-0.01835046470805988,-0.03588265688604743,-0.06093302504116117,-0.09536291868002676,-0.14085071876379038,-0.19852390567449527,-0.2685133689284585,-0.34949743134012823,-0.4383401877488921,-0.5299515797047434,-0.6174898354308832,-0.6929790498312625,-0.7483250299298968,-0.7765964152948445,-0.7733272606161096,-0.7375327860831431,-0.6721478512650045,-0.5837116396320448,-0.48131121533837073,-0.3750059810324592,-0.2741120285426473,-0.18576842830645413,-0.1141147796063389,-0.06021229127548333,-0.022613540963025827,0.0016859932890692167,0.01624071951255743,0.02435853344821997,0.028647255490117596,0.030893710274363738,0.03217094773873743,0.03304366061920817,0.03377073238071672,0.03445444267700653,0.03512904155776207,0.03580399440375897,0.036481333810278106,0.03716130591385609,0.037843825039043606,0.038528759954886194,0.03921597477485987,0.039905332921999895,0.04059669738631544,0.04128993075897605],[-4.563328192669907e-29,6.489769786859854e-6,0.000025957394462963957,0.0000583978204122145,0.00010380262639876361,0.00016216002575308836,0.00023345486943170208,0.00031766864994970615,0.0004147795061851631,0.0005247622290540416,0.0006475882680542638,0.0007832257386771518,0.0009316394306843536,0.0010927908172480949,0.00126663806495239,0.0014531360446526126,0.0016522363431906038,0.0018638872759622828,0.0020880339003344957,0.0023246180299076142,0.0025735782496201934,0.002834849931691747,0.0031083652523995133,0.0033940532096847762,0.0036918396415838747,0.004001647245477754,0.004323395598149213,0.004657001176619469,0.005002377379671889,0.00535943454975117,0.005728079994209612,0.006108218002650942,0.00649974985057588,0.0069025737611471075,0.007316584747602515,0.007741674132567533,0.008177728231008981,0.008624624957308006,0.009082225484771628,0.009550354572786236,0.010028755936951555,0.01051699476456055,0.01101425259823333,0.011518911562175606,0.012027742638167862,0.012534380132343776,0.01302656420422313,0.013481353439399837,0.013857156353787597,0.014081049704718646,0.014029553931922926,0.013501027332980226,0.012178434848617338,0.009582846413391723,0.005021027232874946,-0.002464872641105991,-0.014131452772087102,-0.03153142192598774,-0.05644858503396809,-0.09074435726211824,-0.13609718588242486,-0.19363461821567446,-0.2634876113211131,-0.34433455613634995,-0.43303961617998327,-0.5245128022128622,-0.6119124121760713,-0.6872626111736483,-0.742469276886877,-0.7706011199730518,-0.7671922666179862,-0.7312580088879438,-0.6657332785840625,-0.5771573317381439,-0.47461730536907126,-0.368172675267237,-0.2671396066537108,-0.1786572435831149,-0.10686525915281803,-0.05282493618204442,-0.015088926450334543,0.00934721775245118,0.024037830119627544,0.03229073199001418,0.03671366931928025,0.039093392295866045,0.040502876427793516,0.04150674006642972,0.04236379236453794,0.04317623876340285,0.04397825522727735,0.04477923320584705,0.04558113154495619,0.04638412284065819,0.04718804811325439,0.04799270309102594,0.048797879137383406,0.049603367243162916,0.05040895831115344,0.05121444321733232],[-5.673135619832334e-27,8.213567688711853e-6,0.00003285157224708032,0.00007390591903837919,0.0001313631199563571,0.00020520429785665612,0.00029540519275876045,0.00040193616981643563,0.0005247622290540416,0.0006638430168655185,0.0008191328392722707,0.0009905806769355903,0.0011781302019186883,0.0013817197961928272,0.0016012825718814746,0.0018367463932358293,0.0020880339003344957,0.002355062534499515,0.0026377445654204297,0.0029359871199774214,0.0032496922127541127,0.0035787567782299455,0.003923072704641595,0.004282526869502216,0.0046570011767665285,0.005046372595628213,0.005450513200930967,0.0058692902151568395,0.0063025660518912265,0.006750198360444188,0.007212040070590632,0.0076879394341705775,0.008177740053743996,0.008681280870108015,0.009198396031195077,0.009728914438592412,0.01027265845841436,0.01082944055699408,0.011399054989702787,0.011981258158088162,0.01257572401065857,0.013181946589666305,0.01379903494668556,0.014425297401442825,0.015057429850993018,0.015688990270286595,0.016307641275579397,0.016890362732072246,0.01739548329366873,0.01774999875013257,0.017830347504657493,0.01743480478642739,0.016246251473524334,0.013785672481710441,0.009359747080182002,0.0020105385058383704,-0.009518640458867675,-0.02678058703305589,-0.051559195359972304,-0.08571597053598115,-0.1309294504404574,-0.18832727363725532,-0.2580404890225898,-0.33874757992283416,-0.4273128027547306,-0.5186462616439429,-0.6059063483200561,-0.6811173220560516,-0.7361851550391151,-0.7641786527256931,-0.7606320363500876,-0.7245606932322847,-0.6588996505881068,-0.5701882599805763,-0.4675137540317744,-0.3609357041625926,-0.25977037120712665,-0.17115699477069785,-0.09923534339413023,-0.045066795187900154,-0.007204097025611866,0.01735710395099094,0.03217104687050101,0.04054545883912818,0.045087991956946905,0.04758530297865433,0.049110274445132496,0.05022743225185996,0.05119549365149003,0.052116572785362865,0.05302475496218126,0.053929341664527765,0.054832202503448856,0.05573342161615094,0.05663275238345387,0.05752990375668924,0.058424581227749385,0.05931649086399887,0.06020533963511481,0.06109083551631559],[-4.230974362506424e-25,0.000010140141899389687,0.00004055645469844917,0.00009123660136806486,0.00016216002575308836,0.0002532979609100294,0.0003646134407750916,0.0004960613151578179,0.0006475882680542638,0.0008191328392722707,0.0010106254493600702,0.001221988427828103,0.0014531360446526126,0.0017039745450482258,0.0019744021874954273,0.0022643092850075023,0.0025735782496201943,0.002902083640086051,0.0032496922127541136,0.0036162629756142876,0.004001647245484511,0.004405688708317489,0.004828223482602541,0.005269080185836792,0.005728080004038401,0.006205036764272322,0.006699757010153314,0.007212040080272361,0.007741678189428025,0.008288456512323551,0.008852153268673066,0.00943253980643805,0.01002938067336791,0.010642433648631348,0.011271449657035146,0.011916172362048278,0.012576336924339909,0.01325166668627411,0.013941864910645238,0.014646595188820912,0.0153654368935938,0.01609778777906967,0.01684265895036096,0.017598259177516718,0.01836118326075477,0.01912488658801357,0.019876927756246904,0.02059418123781998,0.021234868979865706,0.021725878811853165,0.02194353998435076,0.02168601744353158,0.020636080716747423,0.018314602364666175,0.014028148361039387,0.0068186677716105155,-0.004570641602802052,-0.021692692707637264,-0.046331496090823744,-0.0803486738649557,-0.12542288146990843,-0.18268187550660261,-0.25225682331678817,-0.3328263270123856,-0.42125476206691576,-0.5124523518649817,-0.5995776075279432,-0.6746549077838455,-0.7295903442684978,-0.7574528418106494,-0.7537767408705908,-0.717577547777909,-0.6517904084715249,-0.5629547928809328,-0.4601580515679646,-0.3534598733965102,-0.2521766360769797,-0.16344769545452809,-0.09141293560370717,-0.037133849393196104,0.0008367023898998016,0.025502959603936944,0.04041904935979543,0.04889258779639764,0.05353111716481043,0.056121185556439086,0.0577355681015721,0.058938684604287514,0.059989147611003074,0.060988968007403555,0.06197212936194067,0.0629478329965499,0.06391785000477547,0.06488216771231614,0.06584044445660352,0.06679229597506774,0.06773733643576439,0.06867518253204187,0.06960545386828422,0.07052777312115753],[-2.085625040796666e-23,0.000012269484604337514,0.00004907191680725181,0.00011038923473373022,0.00019619134510824173,0.0003064361380238958,0.00044106950760911684,0.0006000253785816911,0.0007832257386771518,0.0009905806769355903,0.001221988427828103,0.001477335421201214,0.0017564963380147657,0.0020593341718459198,0.0023857002961290806,0.0027354345370987597,0.003108365252399552,0.003504309415324659,0.003923072704641634,0.004364449599961233,0.004828223482602579,0.005314166741905155,0.005822040886935387,0.0063515966635330125,0.006902574176639387,0.007474703017846431,0.00806770239809769,0.008681281285453233,0.00931513854776409,0.009968963099879895,0.010642434054294839,0.01133522087191341,0.01204698350306907,0.012777372490540423,0.013526028957018458,0.014292584273198381,0.015076658893159211,0.015877859117427402,0.016695768911960895,0.017529930398171842,0.018379799389239625,0.01924464807499094,0.020123360078064634,0.021014014855739636,0.021913076154438438,0.022813866657869195,0.02370381070017473,0.02455964702539078,0.02533946048101576,0.025970000520886674,0.026327456840285257,0.026209853747763374,0.025299819148954444,0.023118083097805667,0.01897106827623721,0.011900579773677505,0.0006496708314473743,-0.01633471653665941,-0.040836738298146526,-0.0747181622610428,-0.11965778973314664,-0.17678352325206004,-0.2462266760609469,-0.32666599603361784,-0.4149660041615364,-0.506037068998776,-0.5930378463831311,-0.6679928592015115,-0.7228083425865774,-0.7505533640976301,-0.74676240605515,-0.7104511156747756,-0.6445547787039162,-0.5556130036999838,-0.4527132785696312,-0.3459154281364894,-0.2445359645842594,-0.15571437664423698,-0.08359067959000299,-0.029226495702991746,0.008825186701509953,0.0335684819356251,0.048557393642336216,0.057099416666343265,0.061801974232396,0.0644514977665487,0.06612064818653623,0.06737373362722365,0.06846925759835261,0.06950912466926061,0.07052721489871136,0.07153262899042424,0.0725270403944391,0.0735103418492737,0.07448210024143279,0.07544184307186987,0.07638909956302445,0.0773234048280625,0.07824430032930525,0.07915133411022603],[-7.298736478151853e-22,0.000014601587166531445,0.0000583978204122145,0.00013136311995635703,0.00023345486943170208,0.0003646134407750916,0.0005247622290540415,0.0007138076972088845,0.0009316394306843536,0.0011781302019186883,0.0014531360446526126,0.0017564963380147657,0.0020880339003344953,0.0024475550926271908,0.0028348499316917524,0.003249692212754113,0.0036918396415851797,0.00416103397601605,0.004657001176767833,0.005179451567507994,0.005728080004039704,0.006302566052525439,0.0069025741766406525,0.007527753933548228,0.008177740178578832,0.008852153278496403,0.009550599333218251,0.01027267040583715,0.011017944760724279,0.011785987109267872,0.012576348862080965,0.01338856838428658,0.014222171243937385,0.01507667042523678,0.01595156642893495,0.016846347055991417,0.017760486361083506,0.018693441536270942,0.01964464485296557,0.020613484277234768,0.02159925913359914,0.022601082919508426,0.02361767849311876,0.024646962608653743,0.02568523450626434,0.026725650697251826,0.027755467815921697,0.028751255519269818,0.02967092832220006,0.030441064243364374,0.030937680584444717,0.030958628447259814,0.0301863618638569,0.028141436494915656,0.024130100257361915,0.017193983252531755,0.0060759636597485095,-0.010777191493449696,-0.035149812935089716,-0.06890384285776843,-0.11371825642755301,-0.17072112936366188,-0.24004394726397205,-0.3203656293800671,-0.40855086695453297,-0.4995101975166419,-0.5864024444547408,-0.6612522966335826,-0.7159661534436718,-0.7436132448357472,-0.7397282135099056,-0.7033268649052692,-0.6373446406934988,-0.5483213029152468,-0.4453444903790433,-0.33847417609021824,-0.23702701755681732,-0.148142645841698,-0.07596121542363996,-0.02154448453128649,0.01655442596042926,0.04133950131896488,0.05636461978278354,0.06493715455502587,0.06966441110220938,0.07233270709330857,0.07401459380532228,0.07527427396118876,0.07637014999718245,0.07740402985438109,0.07840970151225524,0.07939617824488475,0.08036505081985652,0.0813161341347208,0.08224892216748773,0.08316287453068956,0.08405745766255782,0.08493214907687274,0.08578643789840101,0.08661982516823517],[-1.914228282312901e-20,0.00001713644012651454,0.00006853401420284985,0.00015415749137097354,0.0002739481803672892,0.00042782396975300866,0.0006156793841980627,0.0008373856567799684,0.0010927908172480949,0.0013817197961928272,0.0017039745450482258,0.0020593341718459198,0.0024475550926271908,0.0028683711984094453,0.0033214940375926403,0.003806613013680635,0.004323395598181909,0.004871487558543754,0.005450513200963663,0.0060600756279115195,0.006699757010186009,0.007369118873318833,0.008067702398130348,0.008795028735230566,0.009550599333249643,0.010333896280571511,0.011144382660330491,0.011981502918404514,0.012844683244065805,0.013733331962722006,0.014646839939455536,0.015584580989839801,0.016545912287956346,0.017530174743142977,0.018536693267706295,0.019564776731546683,0.02061371709012833,0.021682786445954737,0.022771229171545823,0.023878242708789525,0.025002933419670078,0.026144219590395788,0.02730062681138603,0.028469872707234015,0.029648055723392245,0.030828130110274684,0.031997148975871796,0.03313147738790516,0.034188824413046125,0.035095561968111824,0.03572750080587973,0.0358822852397241,0.03524216248205345,0.03332748155169488,0.029444284110940157,0.022633994603410743,0.011639286357421383,-0.005093277434104947,-0.029348230108012283,-0.06298771503097926,-0.10769090690013355,-0.1645860791152821,-0.23380491289798638,-0.31402652086138017,-0.4021157851436187,-0.49298343150128165,-0.5797884686812259,-0.6545557678393061,-0.7091919073932124,-0.7367662928627242,-0.73281373886706,-0.6963502189253975,-0.6303113387640383,-0.5412370202694802,-0.43821505770705804,-0.33130557497292096,-0.229825375726464,-0.1409142322725637,-0.0687124352566064,-0.014281873836281656,0.023824205580055255,0.048609668275894,0.06362827820463615,0.07218730012819935,0.07689393705599083,0.0795344103194688,0.08118118110826748,0.08239836843361871,0.0834442975160813,0.08442070569204715,0.08536131705696115,0.08627508782564866,0.08716355862969805,0.08802650124667369,0.08886337363754307,0.08967360658175061,0.09045664494339907,0.09121195199001172,0.0919390099907132,0.09263732057806782],[-3.923779189295586e-19,0.00001987403320243492,0.00007948033372191163,0.0001787715168546057,0.00031766864994970577,0.0004960613151578175,0.0007138076972088841,0.0009707346961498422,0.0012666380649523897,0.0016012825718814741,0.001974402187495427,0.00238570029612908,0.002834849931691752,0.00332149403759264,0.0038452457505870046,0.004405688708317494,0.0050023773803061075,0.005634837422133696,0.006302566052525445,0.007005032453042522,0.007741678190062242,0.008511917658711145,0.009315138548398268,0.010150702329578256,0.011017944761357193,0.011916176419536231,0.012844683244667327,0.013802727109662367,0.014789546406417506,0.01580435665068037,0.01684635110365603,0.017914701406612846,0.01900855821818836,0.020127051825696216,0.0212692926524328,0.022434371456691533,0.023621358708672775,0.02482930190519979,0.02605721794998297,0.027304074214046473,0.02856874465105706,0.029849913069311434,0.031145868782572285,0.03245409161359575,0.03377044095682163,0.03508763104064094,0.03639247426005557,0.037661094560472896,0.03885095975987419,0.039888200683982356,0.04064838743678169,0.040928924410302284,0.040411819908357835,0.038617185339090705,0.034850826336747034,0.02815393318354769,0.01726894719604183,0.000642201986705622,-0.023511062650346887,-0.057053213961231926,-0.1016636472568862,-0.15847085301173447,-0.22760672571194873,-0.30775058715747905,-0.39576752433102524,-0.486568463230549,-0.5733126079840971,-0.6480250200156267,-0.7026124626493462,-0.7301445207061398,-0.7261561822620116,-0.6896635882148816,-0.6236025053634592,-0.534513010137704,-0.43148304460077586,-0.32457287349047914,-0.22309943414755135,-0.13420262520036863,-0.0620228560692794,-0.0076221269547496195,0.03044621260066753,0.055185932823780245,0.07015071085011368,0.0786477330159666,0.08328413244282115,0.08584606924915236,0.08740595221544714,0.08852785686800893,0.0894700739784091,0.09033431557291285,0.09115428966968254,0.09193894572402725,0.0926898270015289,0.09340671737371224,0.09408909641254178,0.09473642607308813,0.09534819199774161,0.09592390786337363,0.09646311599821893,0.09696538775266275],[-6.498001397339571e-18,0.000022814355290082743,0.00009123660136805837,0.00020520429785664956,0.0003646134407750851,0.0005693185574504436,0.000819132839272264,0.0011138283121692653,0.001453136044652606,0.0018367463932358228,0.002264309285007496,0.002735434537098753,0.0032496922127541066,0.0038066130136806286,0.004405688708317488,0.005046372595634964,0.005728080004039699,0.006450188824930923,0.007212040080420718,0.008012938524700251,0.008852153278503153,0.00972891849608711,0.010642434064124887,0.01159186633186708,0.012576348871909747,0.013594983270871587,0.014646839949252926,0.01573095900970551,0.0168463511128519,0.01799199837954924,0.019166855317750753,0.02036984976987401,0.021599883870015487,0.02285583498194289,0.0241365565394863,0.02544087858465116,0.02676760748924794,0.02811552361955013,0.02948337407131604,0.03086985408937724,0.03227356354611557,0.033692910580162445,0.035125907617083056,0.03656975674545728,0.038020039154392504,0.03946919077244522,0.040903745978324114,0.04229955136367462,0.04361379843473756,0.04477234312706121,0.04565048245517154,0.04604534990066544,0.04563868541296778,0.043950334977158556,0.04028584210884768,0.033686138646517545,0.022893411505278675,0.0063537443023605755,-0.017717868397231933,-0.05118403394702106,-0.09572438229288965,-0.1524676327262261,-0.2215459023923141,-0.3016387292585625,-0.389611409656152,-0.4803750717921007,-0.5670891145509155,-0.6417787863549055,-0.6963510294710552,-0.7238755993183954,-0.7198876459461699,-0.6834034633294909,-0.6173589621865471,-0.5282943534572149,-0.4252977040632991,-0.31842939371872186,-0.21700646463731604,-0.1281689100080882,-0.05605722330144278,-0.0017334780708227193,0.036248913659965236,0.06089367067073667,0.07575442983448456,0.08413834854707763,0.08865254243654884,0.09108316568682741,0.09250263280154702,0.09347503677334053,0.0942586976553335,0.09495536862902748,0.09559881078625601,0.09619803860537482,0.09675467234142586,0.09726858482486596,0.09773935654508255,0.09816656230799221,0.09854981250107052,0.09888875738719806,0.09918308765409645,0.09943253470355468],[-8.92842964511188e-17,0.000025957394462874673,0.00010380262639867432,0.0002334548694316128,0.00041477950618507383,0.0006475882680541745,0.0009316394306842642,0.0012666380649523008,0.0016522363431905145,0.0020880339003344064,0.002573578249620105,0.0031083652523994625,0.0036918396415850903,0.00432339559818182,0.005002377380306018,0.005728080004039616,0.006499749975411932,0.007316586072749279,0.00817774017858005,0.009082318160231504,0.01002938079820396,0.011017944761358405,0.012046983627905083,0.013115428951132792,0.014222171368772131,0.015366061754839448,0.0165459124127597,0.017760498308506206,0.019008558342390194,0.02028879665787337,0.021599883985021454,0.02294045901395817,0.024309129787097115,0.025704475080508028,0.027125045695452526,0.028569365454814755,0.030035931389614755,0.03152321187449914,0.033029639838919427,0.03455359466756725,0.03609335916374825,0.03764702367638146,0.03921228261173485,0.04078602030265174,0.042363500940642757,0.04393684471015614,0.04549227199473356,0.04700531763468359,0.04843286412239763,0.049700461608820266,0.050683105042311744,0.05117763004270306,0.050865483384122695,0.04926622304034301,0.04568511015196983,0.039162800285247136,0.028441210645779653,0.011966162156859542,-0.012047605849799567,-0.04546294806366592,-0.08995973344151194,-0.1466669115424361,-0.21571682062830744,-0.2957892102348047,-0.3837495783271934,-0.4745092444383943,-0.5612277881090484,-0.6359306273991808,-0.690524862859868,-0.7180803965193396,-0.714132513054293,-0.6776976287935675,-0.6117117642586904,-0.5227152273815643,-0.4197961690199292,-0.31301503953930454,-0.21168893830943072,-0.12295790198542259,-0.05096245363745085,0.0032353176062917682,0.04108199831278727,0.06558132014029122,0.08028694723135266,0.08850607872711622,0.09284588654216192,0.09509259573456917,0.096318706296693,0.09708841133194443,0.09766014561419013,0.09813579162389238,0.09854925427862452,0.09890970633810196,0.09921894070347038,0.09947701710546979,0.099683717057748,0.0998388303646978,0.09994219621726619,0.09999370729824808,0.09999331012398946,0.09994100510687495],[-1.040133094023777e-15,0.000029303137971247404,0.00011717820493230914,0.00026352220027368563,0.0004681635904639007,0.0007308625101072911,0.0010513110430963577,0.0014291335835280921,0.0018638872759612426,0.002355062534498475,0.0029020836400