{"data":[{"type":"contour","x":[-100.0,-97.97979797979798,-95.95959595959596,-93.93939393939394,-91.91919191919192,-89.8989898989899,-87.87878787878788,-85.85858585858585,-83.83838383838383,-81.81818181818181,-79.79797979797979,-77.77777777777777,-75.75757575757575,-73.73737373737373,-71.71717171717171,-69.69696969696969,-67.67676767676767,-65.65656565656565,-63.63636363636363,-61.61616161616162,-59.5959595959596,-57.57575757575758,-55.55555555555556,-53.535353535353536,-51.515151515151516,-49.494949494949495,-47.474747474747474,-45.45454545454545,-43.43434343434343,-41.41414141414141,-39.39393939393939,-37.37373737373738,-35.35353535353535,-33.33333333333333,-31.313131313131308,-29.292929292929287,-27.272727272727266,-25.252525252525245,-23.23232323232324,-21.212121212121218,-19.191919191919197,-17.171717171717177,-15.151515151515156,-13.131313131313135,-11.111111111111114,-9.090909090909093,-7.070707070707073,-5.050505050505052,-3.030303030303031,-1.0101010101010104,1.0101010101010104,3.030303030303031,5.050505050505052,7.070707070707073,9.090909090909093,11.111111111111114,13.131313131313135,15.151515151515156,17.171717171717177,19.191919191919197,21.212121212121218,23.23232323232324,25.252525252525245,27.272727272727266,29.2929292929293,31.313131313131322,33.33333333333334,35.353535353535364,37.373737373737384,39.393939393939405,41.414141414141426,43.43434343434345,45.45454545454547,47.47474747474749,49.49494949494951,51.5151515151515,53.53535353535352,55.55555555555554,57.575757575757564,59.595959595959584,61.616161616161605,63.636363636363626,65.65656565656565,67.67676767676767,69.69696969696969,71.71717171717171,73.73737373737373,75.75757575757575,77.77777777777777,79.79797979797979,81.81818181818181,83.83838383838383,85.85858585858585,87.87878787878788,89.8989898989899,91.91919191919192,93.93939393939394,95.95959595959596,97.97979797979798,100.0],"y":[-100.0,-97.97979797979798,-95.95959595959596,-93.93939393939394,-91.91919191919192,-89.8989898989899,-87.87878787878788,-85.85858585858585,-83.83838383838383,-81.81818181818181,-79.79797979797979,-77.77777777777777,-75.75757575757575,-73.73737373737373,-71.71717171717171,-69.69696969696969,-67.67676767676767,-65.65656565656565,-63.63636363636363,-61.61616161616162,-59.5959595959596,-57.57575757575758,-55.55555555555556,-53.535353535353536,-51.515151515151516,-49.494949494949495,-47.474747474747474,-45.45454545454545,-43.43434343434343,-41.41414141414141,-39.39393939393939,-37.37373737373738,-35.35353535353535,-33.33333333333333,-31.313131313131308,-29.292929292929287,-27.272727272727266,-25.252525252525245,-23.23232323232324,-21.212121212121218,-19.191919191919197,-17.171717171717177,-15.151515151515156,-13.131313131313135,-11.111111111111114,-9.090909090909093,-7.070707070707073,-5.050505050505052,-3.030303030303031,-1.0101010101010104,1.0101010101010104,3.030303030303031,5.050505050505052,7.070707070707073,9.090909090909093,11.111111111111114,13.131313131313135,15.151515151515156,17.171717171717177,19.191919191919197,21.212121212121218,23.23232323232324,25.252525252525245,27.272727272727266,29.2929292929293,31.313131313131322,33.33333333333334,35.353535353535364,37.373737373737384,39.393939393939405,41.414141414141426,43.43434343434345,45.45454545454547,47.47474747474749,49.49494949494951,51.5151515151515,53.53535353535352,55.55555555555554,57.575757575757564,59.595959595959584,61.616161616161605,63.636363636363626,65.65656565656565,67.67676767676767,69.69696969696969,71.71717171717171,73.73737373737373,75.75757575757575,77.77777777777777,79.79797979797979,81.81818181818181,83.83838383838383,85.85858585858585,87.87878787878788,89.8989898989899,91.91919191919192,93.93939393939394,95.95959595959596,97.97979797979798,100.0],"z":[[5100505.116268708,4901505.365604754,4714301.328665309,4538412.767873058,4373371.971565008,4218714.199091008,4073997.92905399,3938777.6687889304,3812622.0206106193,3695116.4625927093,3585848.7397819953,3484418.803309837,3390436.7686249674,3303524.1436824715,3223311.7135094395,3149436.3343753545,3081552.1606020927,3019317.9737611646,2962401.6897817366,2910485.1893625814,2863260.524145607,2820425.9333713595,2781691.9160293173,2746776.7912649633,2715414.8084781542,2687344.751079775,2662314.405805123,2640084.9010796924,2620428.247226752,2603123.409865594,2587958.7573130205,2574735.8951418526,2563268.4605109966,2553369.2945327377,2544872.2957068463,2537620.792053842,2531459.2132964446,2526250.052062208,2521866.3975349637,2518183.925243809,2515093.168381409,2512496.7570662587,2510301.6522082807,2508431.6730691,2506811.1634352473,2505384.4423828586,2504103.560587601,2502923.226217766,2501816.2478708155,2500763.5047610113,2499755.5214560064,2498786.9581745625,2497872.8275484038,2497031.8589942013,2496296.697837955,2495700.6021895125,2495297.7459806935,2495149.637180121,2495324.07989935,2495899.2819765783,2496970.8190260604,2498635.015853653,2500997.6739212316,2504187.897575593,2508326.5773871406,2513560.69631478,2520035.3589500524,2527911.3330657077,2537361.207878828,2548563.702635071,2561706.3668625117,2576994.460290337,2594631.725065449,2614839.372481651,2637849.256791921,2663900.578757489,2693243.4410366574,2726135.2104224022,2762850.3073114054,2803663.183455248,2848868.3085613074,2898764.835352862,2953659.5332209948,3013877.5947246565,3079739.4019445097,3151593.9475690434,3229786.1959048905,3314681.9509926387,3406640.0500374967,3506050.4599332786,3613297.2060308475,3728782.3431745386,3852915.728125159,3986118.9739013417,4128818.3908614493,4281450.730924144,4444474.017167542,4618341.117567249,4803528.47757232,5000507.420954695],[4901505.365604754,4702588.897571403,4515460.502515333,4339654.525997672,4174689.0025607035,4020110.041158165,3875469.6098359916,3740322.425473331,3614244.4616837255,3496813.9716827385,3387620.928837319,3286261.076331958,3192351.9320271756,3105510.0665187016,3025368.247619766,2951561.1937833405,2883745.1624488886,2821577.176835542,2764729.0108841695,2712879.723108138,2665719.9094019975,2622950.3358760444,2584280.627706592,2549425.982927021,2518127.7279484854,2490117.1938877413,2465145.01729087,2442978.67634505,2423380.3371532443,2406131.919307708,2391023.387424976,2377857.9653053856,2366441.7397201583,2356599.6324271173,2348158.206912131,2340958.4560504127,2334846.7419808926,2329691.306281486,2325356.6328619677,2321722.779421239,2318682.275237522,2316133.989903145,2313986.354273598,2312158.4788784063,2310586.004538964,2309205.5504689845,2307965.3886293387,2306831.057714445,2305765.9662569906,2304754.018055777,2303782.6605101232,2302855.4306485783,2301980.756366452,2301179.815502602,2300479.4721211763,2299918.4707788853,2299555.042597902,2299438.7341864672,2299649.150336543,2300256.1104113716,2301359.1649715127,2303051.679089398,2305447.82357331,2308666.4471946703,2312835.6847115597,2318098.6185337035,2324600.3259521816,2332503.0423079035,2341980.2459911397,2353204.692043865,2366370.779930533,2381680.8007662804,2399342.0164079373,2419571.195130318,2442600.7142247804,2468672.487602056,2498032.11033097,2530945.596299432,2567675.741599309,2608509.088573223,2653726.3492143806,2703639.0055681095,2758548.5868605687,2818777.242299408,2884653.374671415,2956518.764694951,3034722.8453205684,3119623.1856504614,3211595.349889601,3311014.0320872087,3418268.271927092,3533760.787326131,3657900.492991237,3791106.668967565,3933806.486010952,4086446.2586229844,4249469.943544731,4423340.5294159185,4608526.37060117,4805506.1943375645],[4714301.328665309,4515460.502515333,4328414.981923418,4152685.2359133773,3987799.6276838095,3833299.6047082935,3688732.2526874756,3553662.317946757,3427656.0960996994,3310299.8355447603,3201179.157989773,3099892.0164812594,3006054.244301983,2919281.3458570754,2839208.861503564,2765470.837231731,2697720.998028395,2635621.6426776173,2578839.0923967995,2527054.8687606934,2479956.8373863427,2437251.6610976933,2398644.8271049736,2363854.175281573,2332614.827341034,2304664.982108784,2279753.4261917565,2257642.31926802,2238102.869940543,2220908.847741446,2205861.18326168,2192749.6928610373,2181386.846065167,2171598.022636862,2163208.6271849815,2156060.0753841554,2150002.363987358,2144897.3093045154,2140611.944809937,2137024.9726421395,2134033.0226649195,2131530.3952631527,2129430.6037029875,2127648.7292979117,2126120.169186081,2124781.6193101527,2123587.6483780826,2122493.9886500644,2121470.086040469,2120499.646565749,2119567.174312889,2118679.560014264,2117842.117532522,2117075.4278647327,2116413.1071460852,2115890.6469020597,2115558.8196925228,2115478.551648497,2115720.276192438,2116359.9056329443,2117493.864809661,2119219.914980116,2121644.251549774,2124890.8486573943,2129087.8284956375,2134374.453876887,2140904.2459748513,2148835.953817581,2158334.241540928,2169585.360429509,2182774.2286182246,2198105.002551049,2215788.0484205275,2236036.176582219,2259088.0375309833,2285179.1443300284,2314555.838076559,2347485.110156733,2384232.471920567,2425080.0172684607,2470314.4127040906,2520239.2418038314,2575164.8960860125,2635403.205348284,2701292.854689613,2773166.67121114,2851383.0599552584,2936294.013539768,3028271.5790162142,3127696.512526077,3234958.1940853763,3350456.808596628,3474603.1914419276,3607812.132155639,3750515.563752927,3903159.633932133,4066184.5340124685,4240053.761839793,4425241.611501748,4622221.068122093],[4538412.767873058,4339654.525997672,4152685.2359133773,3977032.4528365065,3812223.043792285,3657799.245344041,3513307.4503480447,3378309.5998796113,3252379.4419288174,3135091.9759022645,3026044.396169733,2924830.0237196977,2831059.99008685,2744357.131291341,2664353.006059533,2590682.827110221,2523000.3126493203,2460966.5759552354,2404248.119578852,2352528.867857399,2305497.1123960726,2262850.8786117407,2224305.551821172,2189577.678528385,2158396.9539251933,2130507.503919652,2105654.921122499,2083601.871666045,2064117.7361368358,2046981.6032467925,2031985.5751378862,2018929.4427050112,2007624.583050124,1997889.0306388002,1989549.5381741251,1982452.4441736173,1976445.2064634934,1971388.4080160225,1967150.8105334598,1963612.6827414497,1960666.789823271,1958211.227685648,1956155.2467737144,1954418.5438995126,1952933.2212222524,1951640.675349828,1950485.6338104315,1949434.5517792515,1948450.40984134,1947519.1313556975,1946628.810205878,1945775.9891982756,1944976.0134235364,1944247.5024192238,1943617.486393172,1943129.7917622146,1942831.516325569,1942785.5920443055,1943057.5544763452,1943731.5862906212,1944894.9893254647,1946649.6593717816,1949103.501293829,1952378.1092692632,1956602.71091606,1961917.6770153556,1968470.6511318716,1976426.3424374433,1985949.186289645,1997222.894230197,2010436.7380950009,2025788.7793880196,2043489.00143911,2063760.5549793818,2086828.5826220617,2112937.2043566215,2142334.6783705545,2175280.427165362,2212042.655061464,2252904.912173228,2298153.81295754,2348092.8682143707,2403026.369500191,2463279.592575996,2529179.899260642,2601064.8182842582,2679287.690796027,2764207.900202916,2856191.2487765467,2955624.6154382573,3062891.8083815156,3178393.672796943,3302544.3073154585,3435758.0724707153,3578464.277034797,3731106.0381482486,3894132.5585218626,4068004.098265036,4253188.366157273,4450169.009837014],[4373371.971565008,4174689.0025607035,3987799.6276838095,3812223.043792285,3647491.0507813403,3493140.364443428,3348723.8378188647,3213799.8543294566,3087940.781975611,2970726.8607340753,2861749.043432714,2760601.4945728257,2666904.0016448507,2580269.106120346,2500330.628077195,2426728.91262201,2359113.319907396,2297143.4289096673,2240489.498778992,2188832.9620251,2141863.7340484583,2099279.557617641,2060798.0094266934,2026128.3569154514,1995007.3631154643,1967177.3442711702,1942381.7822434362,1920386.7504044373,1900957.3831880074,1883879.1310142274,1868935.522318412,1855931.6138415702,1844681.101567154,1834994.199642298,1826709.991458114,1819662.2406513207,1813702.5437223113,1808694.3263707366,1804505.9615415754,1801014.6222409005,1798114.3913917493,1795703.6377331098,1793692.9055900362,1791999.3113646668,1790560.9980171348,1789306.8491169254,1788194.0882862983,1787183.2223560477,1786239.7794950872,1785345.738180238,1784491.2961942358,1783679.9884299764,1782914.0732943474,1782219.4175191184,1781626.652558058,1781170.903281447,1780907.7026494122,1780891.1631102725,1781193.8188353379,1781900.3234118526,1783093.437759577,1784875.8779438473,1787358.3958631472,1790659.010997927,1794912.3070940373,1800251.1979632739,1806832.0391306349,1814807.1712634144,1824356.602915906,1835651.543941924,1848885.0310332316,1864257.8674694798,1881980.7911750064,1902270.7517611901,1925357.0113037075,1951480.511680439,1980896.9216646443,2013855.1437639338,2050635.666407041,2091508.8191906665,2136772.215594862,2186722.9725992377,2241670.220435907,2301933.459440955,2367841.129908534,2439736.526513343,2517967.4452096843,2602895.7369266613,2694887.206421072,2794324.6949207955,2901598.7582075056,3017104.61798447,3141256.2588194204,3274471.6552825607,3417180.417575454,3569824.1635360774,3732853.6239479817,3906722.703251912,4091904.8424294246,4288881.462021513],[4218714.199091008,4020110.041158165,3833299.6047082935,3657799.245344041,3493140.364443428,3338862.912911267,3194519.2651731935,3059668.149049293,2933882.93805584,2816737.373054349,2707830.609530196,2606754.0492466236,2513122.4713440607,2426556.858442032,2346685.1268063514,2273149.802274149,2205598.247613816,2143693.5114130285,2087105.2042532049,2035509.2486475797,1988602.585279583,1946079.18485846,1907655.9569338912,1873046.978356916,1841985.240239138,1814210.6348742743,1789471.1601623252,1767531.0505679762,1748160.0453713771,1731134.480420701,1716246.931476564,1703297.336687967,1692094.8152556797,1682462.3732020778,1674225.6772092767,1667226.8732481396,1661317.5111309912,1656356.6346199035,1652216.5144077246,1648773.7183932406,1645917.3950912112,1643550.608296179,1641584.1443835418,1639932.36863851,1638534.2832264204,1637323.184959257,1636251.9551682444,1635277.4748243527,1634372.436357512,1633518.148723524,1632703.0103776497,1631922.1867194492,1631194.8096740677,1630535.4078090691,1629976.7575209562,1629554.0336066845,1629322.453510576,1629337.455366943,1629674.4172848584,1630406.5018495105,1631628.512627626,1633439.099645398,1635947.365296324,1639277.9994302066,1643553.0180123893,1648918.8685219882,1655522.0198545146,1663521.677495983,1673093.1203350367,1684410.8085713452,1697665.6211755655,1713056.2779058162,1730795.23999103,1751104.8205589587,1774209.4068228393,1800350.5800524657,1829781.0493355612,1862755.9067977923,1899547.599323132,1940437.7453077314,1985713.280362683,2035672.5998098152,2090630.6245607268,2150902.4192283098,2216821.6496985247,2288725.3746294295,2366963.5338177783,2451898.41253949,2543897.1936944975,2643338.6337901214,2750613.6617615507,2866125.2222200437,2990279.583028092,3123497.0125115803,3266206.4992775354,3418851.168519729,3581876.8821867513,3755746.207522606,3940925.8466826165,4137899.1051241877],[4073997.92905399,3875469.6098359916,3688732.2526874756,3513307.4503480447,3348723.8378188647,3194519.2651731935,3050247.801898717,2915468.280176932,2789754.7583720335,2672679.5705150366,2563840.331984653,2462835.62495245,2369270.5852089417,2282771.375651779,2202966.0365961846,2129493.430206537,2062007.0008776328,2000167.6108910153,1943638.7502551137,1892107.6539699696,1845261.4555313617,1802798.9570327597,1764431.537298441,1729882.4048683979,1698879.621347213,1671162.4649207885,1646479.7746467683,1624595.0283018094,1605276.5774129613,1588306.7446079068,1573470.544042793,1560571.9166968944,1549420.707441258,1539839.1893328934,1531651.3084657346,1524703.163704186,1518840.146749725,1513928.6179946184,1509833.1610216594,1506433.3531387486,1503620.4813396435,1501299.4976195262,1499373.8030085135,1497769.072717759,1496409.3423920476,1495237.853211843,1494206.0538733527,1493269.822732942,1492405.1745832309,1491586.7705970886,1490806.108778117,1490066.448702786,1489370.1491248114,1488745.4310751986,1488216.4663983213,1487828.5427402167,1487628.5025357215,1487675.5820422398,1488038.3826132633,1488802.374806641,1490051.8641300022,1491888.8588716644,1494426.1911696885,1497780.700980079,1502080.4724049137,1507468.3106619073,1514097.2857301054,1522118.665245125,1531709.2815512738,1543047.4711852835,1556320.564107546,1571732.8582188585,1589493.6770173116,1609816.7229282998,1632938.3238315117,1659096.6483927383,1688539.8509544823,1721529.4799344507,1758333.9749210794,1799237.0757887943,1844523.225624932,1894495.2079831867,1949462.10027189,2009742.1247077486,2075671.9877120913,2147580.351090617,2225827.918288231,2310765.680020774,2402768.4965111422,2502216.078119181,2609494.6195113976,2725009.0241996637,2849164.764790629,2982383.320013605,3125092.855299301,3277733.650284766,3440760.111854666,3614624.174559599,3799804.4156794585,3996769.504906412],[3938777.6687889304,3740322.425473331,3553662.317946757,3378309.5998796113,3213799.8543294566,3059668.149049293,2915468.280176932,2780762.657702877,2655117.4600970233,2538112.578578932,2429342.205289745,2328402.3451272408,2234905.553867732,2148471.1912102466,2068731.6416394168,1995326.0805239181,1927903.2110801297,1866121.0818976385,1809655.4078864832,1758186.0052696122,1711398.901688662,1668999.1061899364,1630690.3670518687,1596199.1327469558,1565252.4326265778,1537589.5040711313,1512963.4699476154,1491134.493826696,1471869.0235826757,1454947.5897352356,1440166.322464991,1427318.4079751677,1416217.5056193129,1406684.8480169512,1398546.6652478615,1391646.8051150346,1385831.5153228634,1380963.8288297714,1376913.8510386692,1373559.2678591658,1370792.8776939022,1368512.0412985953,1366630.5363620475,1365063.8491966703,1363746.3253391718,1362614.3398971483,1361620.826263383,1360723.8266459987,1359892.8760626242,1359111.2599779633,1358367.9820039542,1357660.8540590666,1357000.9853153788,1356407.5971507607,1355913.0384967586,1355556.2419939323,1355382.3943896403,1355458.4866367462,1355854.1966507891,1356643.2605001088,1357921.8371480342,1359786.4599402703,1362349.2910972831,1365727.6446132092,1370049.8669845187,1375463.4774231135,1382112.104469327,1390156.8214413384,1399768.0795633919,1411127.3370421424,1424421.2124317195,1439849.8501782932,1457624.9958024244,1477966.065872732,1501104.970828514,1527274.206563354,1556734.761488186,1589734.6968764523,1626553.6035414876,1667467.8468942165,1712765.0007010344,1762747.8084090045,1817723.5967646297,1878014.0480032957,1943944.783939424,2015863.779945132,2094114.7085233505,2179059.0144472197,2271065.34196303,2370516.4927128074,2477799.4084726423,2593313.3960627867,2717468.462438753,2850687.249794894,2993399.784623779,3146039.014059837,3309059.0209683105,3482925.229199522,3668095.957831366,3865060.5962154586],[3812622.0206106193,3614244.4616837255,3427656.0960996994,3252379.4419288174,3087940.781975611,2933882.93805584,2789754.7583720335,2655117.4600970233,2529541.7882570126,2412605.712539854,2303899.4880478485,2203029.307704457,2109596.7621588795,2023231.103344982,1943554.0196785685,1870209.7117551644,1802847.521096521,1741130.7446688234,1684725.813379555,1633317.5172212245,1586590.479478575,1544246.5028562322,1505995.5438318942,1471561.1323602253,1440670.4774408403,1413064.125792529,1388492.149159491,1366715.2914549701,1347502.4428542173,1330635.059980321,1315904.01330645,1303107.0456369608,1292057.1973684868,1282570.5697695403,1274481.3905811089,1267625.7109030318,1261859.290551973,1257037.24673784,1253030.9601304866,1249721.9367676256,1246997.59935069,1244759.301134135,1242915.6602994471,1241390.9183869143,1240114.1024155943,1239021.383286258,1238064.791325409,1237205.6514130642,1236412.4739801239,1235664.518180753,1234956.18938531,1234282.4823728316,1233655.201965882,1233095.1182345012,1232630.1268973625,1232304.9104772643,1232161.5483107395,1232269.2124061603,1232688.4418733437,1233506.5783918435,1234809.1179041292,1236700.731844008,1239286.1720638084,1242687.6375863408,1247038.1137747143,1252471.140417483,1259139.9832180922,1267208.2719690755,1276837.1936201586,1288214.7145987148,1301526.9285067725,1316975.1217224256,1334766.12877132,1355124.2941547635,1378273.2589652447,1404460.7769304682,1433932.9447078148,1466947.6563576264,1503777.9117772384,1544698.915777946,1590008.255202158,1640000.3154635981,1694982.2409574569,1755279.820781886,1821221.8293520012,1893145.8429672236,1971400.9449881145,2056346.7384634707,2148359.6218919475,2247811.3605925874,2355096.9470458115,2470611.0694459747,2594767.0837815916,2727985.0386547516,2870691.747702866,3023331.363649067,3186349.2265411993,3360209.1615290865,3545377.1562762694,3742333.4574206257],[3695116.4625927093,3496813.9716827385,3310299.8355447603,3135091.9759022645,2970726.8607340753,2816737.373054349,2672679.5705150366,2538112.578578932,2412605.712539854,2295738.1040933104,2187100.4236986493,2086294.1744839502,1992926.6844890243,1906621.8772456707,1827013.0820942032,1753728.6087883352,1686433.4432077091,1624776.0121561717,1568429.544024286,1517078.48991965,1470411.0485947246,1428123.9379972524,1389932.7147394717,1355552.5948352607,1324719.8897714014,1297164.109104026,1272649.1758659699,1250921.7525810483,1231764.5993439874,1214948.0314738203,1200266.7603507359,1187519.4032074574,1176517.2072969205,1167078.281908567,1159036.210417693,1152226.134937772,1146504.6091569,1141726.379507654,1137764.8021256954,1134496.212254952,1131814.1431574866,1129618.4872055014,1127819.57371994,1126333.7559469356,1125093.063628366,1124036.674355743,1123118.2726445708,1122296.834852526,1121538.56011481,1120825.7792210658,1120151.8835991665,1119510.1248681494,1118914.4696892586,1118385.271484551,1117950.0309055967,1117654.3284642885,1117542.1462163862,1117674.9713387424,1118121.8279465002,1118968.7787850148,1120297.0232975094,1122211.1016979315,1124823.258392151,1128249.922703588,1132619.9218288655,1138074.1242128564,1144765.4091566596,1152848.910722145,1162499.2149947973,1173896.4563079013,1187222.0915144975,1202687.2834484226,1220493.806755328,1240865.605223215,1264033.4541899394,1290232.882202192,1319714.7507857897,1352740.8997301506,1389582.4527878948,1430516.9625140324,1475832.6616056277,1525832.7099750591,1580823.4064623923,1641128.599715616,1707075.144697892,1779000.784973342,1857260.4779070662,1942213.6178905498,2034226.6312695881,2133680.938364352,2240966.3970475597,2356479.900907017,2480637.5849478245,2613851.8973359307,2756557.9013963165,2909194.6518997136,3072208.2252854747,3246062.2461671457,3431225.734931142,3628175.4468632275],[3585848.7397819953,3387620.928837319,3201179.157989773,3026044.396169733,2861749.043432714,2707830.609530196,2563840.331984653,2429342.205289745,2303899.4880478485,2187100.4236986493,2078526.525030441,1977788.3347444544,1884487.666218355,1798245.6562938076,1718695.5672393711,1645476.660878494,1578240.565404798,1516641.679096251,1460357.4384714295,1409065.4752817804,1362454.1187305779,1320226.463295726,1282089.6923460155,1247765.3622056716,1216982.775783697,1189484.8392033975,1165018.128130904,1143347.0799593409,1124238.2448677137,1107472.0912840117,1092841.5947806104,1080140.5649798452,1069187.5510935762,1059797.5686370602,1051800.0234988506,1045035.8437674181,1039358.7902771864,1034623.729824697,1030705.753175038,1027480.258332203,1024839.0135528131,1022682.1306600636,1020922.3564673739,1019474.4419461645,1018271.747521405,1017254.1388733982,1016372.6354721303,1015584.4930377094,1014862.9504100386,1014183.0238075517,1013541.6149729484,1012934.1657226232,1012368.1758040427,1011871.9736781464,1011465.2590692685,1011196.5657644251,1011114.6724152367,1011273.8323342522,1011749.3994229144,1012618.59986078,1013973.8609208969,1015911.4850307049,1018545.5550927791,1021991.6840863077,1026385.8494354908,1031860.508874567,1038572.5386339034,1046677.2312096363,1056344.3460139914,1067755.6452274423,1081100.847373328,1096582.3372112883,1114401.9638155086,1134787.7144476888,1157968.330314682,1184178.199801989,1213675.6027495596,1246713.985811897,1283561.7350116102,1324504.7982292133,1369827.6830634656,1419835.1911589147,1474833.9297507096,1535146.1393657746,1601094.6690501668,1673027.7487515837,1751291.1346006715,1836246.465000419,1928258.8596697666,2027714.2727078367,2135000.150764565,2250514.739345179,2374667.72808956,2507881.850294442,2650584.217760935,2803215.0887348927,2966223.449466605,3140074.310162811,3325227.7350703524,3522169.441257852],[3484418.803309837,3286261.076331958,3099892.0164812594,2924830.0237196977,2760601.4945728257,2606754.0492466236,2462835.62495245,2328402.3451272408,2203029.307704457,2086294.1744839502,1977788.3347444544,1877111.777158582,1783870.9777502448,1697695.1023955643,1618206.4796012542,1545048.168921071,1477870.2598099632,1416335.7470966591,1360109.6761543443,1308873.6004225397,1262319.3029722518,1220145.639759835,1182064.790812748,1147795.992693123,1117066.0715934942,1089623.184614556,1065208.453221877,1043586.7880723148,1024530.3600642527,1007812.9430708926,993227.5590871143,980578.6147020096,969671.9088694156,960326.3332854245,952375.0436225766,945654.973508656,940023.5686675066,935330.3867401457,931452.5928095026,928270.6975054292,925668.9166793542,923551.2508353466,921828.4055857632,920421.0811413077,919255.7609093335,918273.9131289963,917427.403150343,916675.254531029,915984.8609803179,915339.9699999166,914730.8259526655,914151.9934332075,913617.2741998915,913148.3128005323,912774.42235099,912534.3668149129,912476.6845253584,912662.514546324,913165.2496876861,914056.9858172688,915437.4858831394,917398.8656218958,920054.7465038317,923523.1196161581,927936.1038833417,933432.085353594,940161.0145965297,948283.8285335966,957967.9558498493,969397.6306754809,982757.3956754608,998253.6014374403,1016089.3548126537,1036488.7848019951,1059678.826782156,1085902.2364605563,1115409.5840388678,1148457.6663947972,1185317.366227213,1226267.0707304305,1271598.5183745048,1321610.4942609933,1376618.013515846,1436930.3660406237,1502884.6536880508,1574821.0910914387,1653088.0865197198,1738042.8431213722,1830057.540910645,1929515.596667545,2036798.5082992273,2152310.185356596,2276461.9370026086,2409673.8271074635,2552371.1945600053,2704997.2179839304,2868001.0717042745,3041842.5572250113,3226988.8964445554,3423924.403530699],[3390436.7686249674,3192351.9320271756,3006054.244301983,2831059.99008685,2666904.0016448507,2513122.4713440607,2369270.5852089417,2234905.553867732,2109596.7621588795,1992926.6844890243,1884487.666218355,1783870.9777502448,1690698.4151457804,1604582.980223007,1525153.3982725767,1452055.9693047563,1384936.9092442102,1323460.3400279002,1267291.693186312,1216115.431192314,1169613.63402622,1127498.9130931923,1089469.6540158028,1055257.0793578594,1024579.1983453893,997184.8748473739,972822.2903633565,951253.1275653592,932242.5970136272,915575.692234463,901042.4737698983,888436.2480466653,877574.9781356751,868277.7324104877,860369.8758918066,853693.8308674787,848102.1319904855,843455.4645895842,839618.5485507444,836475.0622729089,833912.7617452602,831835.3225122436,830151.1104388889,828779.2264048902,827652.387034406,826703.6227164496,825890.6331288469,825174.29012655,824518.6403949162,823903.9511798281,823325.4118430407,822777.8842828101,822273.4715932568,821836.3345772182,821486.4341816346,821275.1432397012,821241.7977890448,821455.4539161737,821981.3757549028,822899.0639408939,824300.3380404877,826286.6402416541,828963.0106795605,832451.4062447168,836883.7870296226,842398.0211705336,849146.1644309749,857285.7338374893,866988.7797248345,878433.3940397805,891807.3829447556,907315.3516143824,925166.683147742,945577.7804917409,968781.0831130233,995013.3039504825,1024532.0996104612,1057585.639352369,1094455.245145089,1135411.8731552593,1180750.2586127613,1230769.3471244064,1285777.023125745,1346096.1164570055,1412055.8071302953,1483995.4048311627,1562261.6850034203,1647218.1618445567,1739233.9416289264,1838688.7394683203,1945969.348588068,2061480.600572686,2185629.5281830663,2318833.887893607,2461527.7633354864,2614147.595847605,2777147.2501256955,2950980.8615795556,3136119.777445213,3333047.101788094],[3303524.1436824715,3105510.0665187016,2919281.3458570754,2744357.131291341,2580269.106120346,2426556.858442032,2282771.375651779,2148471.1912102466,2023231.103344982,1906621.8772456707,1798245.6562938076,1697695.1023955643,1604582.980223007,1518527.4649523615,1439160.004321597,1366121.8633337265,1299060.9701714038,1237639.4240182731,1181530.7746038295,1130407.3503795995,1083966.3155243602,1041902.2029641566,1003926.7415723831,969765.3554041004,939140.6914594037,911797.7979194941,887487.1726434876,865966.0761254943,847005.1891694751,830383.6240400496,815897.1284386963,803339.3573239357,792523.1664768292,783269.1161844623,775406.7609675261,768774.7354384843,763224.0770401958,758616.9732153411,754821.7266052213,751716.475154637,749194.6446779036,747152.8255279133,745507.1851840207,744170.7714606422,743076.2909794986,742166.0970534359,741389.3156445945,740702.8504374723,740078.1675246066,739495.8312965616,738947.2858122907,738430.7991877941,737956.8112754106,737542.0770644577,737224.0391273255,737036.8431947955,737032.117861949,737267.9688263388,737816.8630640319,738759.1292626795,740182.9152354357,742187.3472894132,744885.6413586184,748395.5169386425,752846.7674657973,758380.0334345405,765144.9757350665,773302.0919814388,783020.0655298888,794477.155266963,807868.035702338,823388.7146311675,841252.5427379084,861674.0657770475,884888.789918523,911131.2248768852,940658.6642677019,973721.167618535,1010594.7506548881,1051560.5896861758,1096904.7118398808,1146928.769311085,1201942.4637079425,1262263.6577855619,1328225.0870094388,1400165.594689481,1478434.078242674,1563390.3505796106,1655405.7759986161,1754857.632367792,1862137.8967528339,1977644.6103485646,2101790.1173010133,2234988.1827866947,2377676.304950254,2530291.5414510285,2693279.270570718,2867107.60661924,3052237.177289242,3249153.3104548454],[3223311.7135094395,3025368.247619766,2839208.861503564,2664353.006059533,2500330.628077195,2346685.1268063514,2202966.0365961846,2068731.6416394168,1943554.0196785685,1827013.0820942032,1718695.5672393711,1618206.4796012542,1525153.3982725767,1439160.004321597,1359853.4763631634,1286872.4073570669,1219868.918222314,1158506.744567504,1102450.1817343517,1051386.2501036332,1004995.2061200666,962985.7636346531,925064.4204985776,890954.693611349,860381.2844753051,833089.1530116287,808829.0929181007,787353.8753945023,768441.5626243902,751869.6470672125,737428.8540295538,724914.8465847299,714143.264897622,704931.6029854988,697112.1377279672,690523.1219593846,685013.1331253626,680447.049777673,676690.6697674644,673625.2816418821,671141.0145499003,669137.8557732091,667526.1430214756,666226.6222997278,665169.0927080035,664292.1321768055,663545.6087117332,662891.5004754566,662297.4792140126,661749.0227668796,661227.0610834872,660740.9914355583,660292.7775082219,659908.6355002009,659615.3021453094,659453.9475567787,659474.6684328901,659734.0066996653,660306.2530409441,661269.2154753363,662714.107652427,664740.6913762889,667458.929398453,670986.0963583842,675457.6768024176,681007.0246505695,687787.3490711261,695959.4295941081,705692.1284355345,717167.4365081979,730569.7057006188,746102.5388248262,763976.2403780194,784409.9445581324,807635.0881336262,833886.4837807585,863419.5550163046,896490.7044990836,933371.2957064318,974342.2624698165,1019692.8270751395,1069722.3090857454,1124736.658059042,1185061.9902958265,1251025.2185973935,1322965.553460768,1401233.8027677115,1486189.5936561166,1578201.4480596348,1677651.1842399251,1784929.2553419876,1900431.7668123934,2024572.1479349798,2157766.4217539504,2300445.9925186452,2453055.6280475375,2616036.544312002,2789852.061601453,2974972.9079633118,3171879.6516957623],[3149436.3343753545,2951561.1937833405,2765470.837231731,2590682.827110221,2426728.91262201,2273149.802274149,2129493.430206537,1995326.0805239181,1870209.7117551644,1753728.6087883352,1645476.660878494,1545048.168921071,1452055.9693047563,1366121.8633337265,1286872.4073570669,1213951.1260732773,1147006.166622035,1085696.245271189,1029699.0501343132,978685.2733380178,932350.1749201652,890392.7679062169,852524.1401558645,818464.6862499535,787943.476044591,760698.3774040979,736485.4421049084,715063.1472183672,696194.1330753332,679670.5476223298,665270.9252453912,652803.0771151265,642077.455680953,632909.0683482871,625130.0631422806,618581.2475575142,613112.77657231,608585.6610044598,604868.3466077878,601840.63951078,599395.3784047512,597427.8658296793,595851.7809098436,594586.2456741215,593562.908068787,592718.6265917678,592002.9261317429,591380.9539156379,590816.7269474383,590296.9916734307,589805.9020223304,589346.3214971803,588926.1112771971,588569.3830480949,588302.4082433492,588165.7247209105,588209.1055541482,588491.5865529345,589086.9155402322,590071.179906823,591536.9197234326,593581.9982252386,596319.4583980123,599864.3358856706,604353.2229581997,609919.8122374763,616716.1371798486,624902.9552090139,634649.4715127584,646135.6823961235,659549.4424718332,675097.7982043986,692981.857112556,713425.258691321,736657.3770228289,762918.8530106057,792459.1798337946,825538.9456351434,862424.8468177158,903402.1727031601,948753.7211405002,998783.608214983,1053804.0391563843,1114131.5022231075,1180094.145019662,1252034.3916255431,1330304.1473670015,1415257.2677282076,1507267.0939169903,1606712.7499327448,1713985.3614692576,1829486.0410973793,1953617.6370854336,2086804.4745134846,2229479.770931745,2382078.0481587006,2545050.0605611904,2718858.0016486305,2903967.915839012,3100860.984538259],[3081552.1606020927,2883745.1624488886,2697720.998028395,2523000.3126493203,2359113.319907396,2205598.247613816,2062007.0008776328,1927903.2110801297,1802847.521096521,1686433.4432077091,1578240.565404798,1477870.2598099632,1384936.9092442102,1299060.9701714038,1219868.918222314,1147006.166622035,1080118.6619650174,1018862.6670553132,962917.7730782432,911957.9120720206,865677.838767794,823771.580694305,785953.8735079954,751944.0229654434,721473.4261307626,694277.850397205,670110.7384737215,648733.9922484546,629915.007574614,613432.2114548573,599081.5514447055,586656.5479636863,575972.5736357581,566847.0801601686,559110.7341694575,552603.6158668274,547172.9328466903,542684.0608289554,539002.3815664335,536014.2348559392,533603.1414310118,531672.0578432585,530129.4578263682,528900.023851085,527908.1789491408,527095.0042590332,526413.2879640008,525821.6782077915,525290.0632576143,524796.0448916216,524332.3873973908,523901.89719664806,523505.9210301258,523174.86747749243,522932.3651143195,522818.6717601714,522884.59551401186,523191.4982006198,523806.4166204458,524812.9530354578,526299.9302410844,528362.4070721499,531119.567246878,534681.193768672,539185.6575082625,544768.2826844483,551577.5089243437,559778.3362580048,569538.164113025,581036.4307335826,594465.863384736,610023.1653169355,627915.1370827156,648367.80378739,671610.1661682054,697879.4875929876,727423.8849547514,760510.4332998815,797401.6915210246,838381.3316398814,883738.0155355878,933771.8554063943,988791.8606175026,1049121.4797570582,1115081.4971394578,1187024.8016773178,1265288.4741274565,1350241.0263018922,1442249.2374374005,1541691.6282332526,1648959.2916367156,1764451.8559498545,1888578.3735064352,2021757.093249534,2164422.8475379366,2317014.2675395096,2479974.2586523374,2653769.868204275,2838870.7604303802,3035751.351561041],[3019317.9737611646,2821577.176835542,2635621.6426776173,2460966.5759552354,2297143.4289096673,2143693.5114130285,2000167.6108910153,1866121.0818976385,1741130.7446688234,1624776.0121561717,1516641.679096251,1416335.7470966591,1323460.3400279002,1237639.4240182731,1158506.744567504,1085696.245271189,1018862.6670553132,957664.2253406515,901773.148923737,850868.8372920325,804635.5151849289,762785.1784757447,725016.7380491109,691057.5252212093,660632.8494694828,633487.8696662106,609366.4125210012,588036.4980275059,569261.0956310733,552825.7029757893,538514.9925841665,526134.6350321291,515491.81834743585,506408.0027006539,498710.5043220654,492240.84601852077,486851.9278977455,482400.791495083,478757.9759103426,475803.7277431521,473427.58162717766,471534.02710169647,470025.2382822794,468827.1768184349,467865.9300728669,467087.95966577315,466434.15730638575,465869.77447689837,465366.12012246746,464902.15373014734,464467.1870715366,464061.62449311593,463694.8399846477,463385.37404498784,463167.99594440596,463076.03788124595,463164.7593145676,463493.9794665833,464131.79480076197,465157.191096754,466661.5693770516,468744.05226520717,471514.6148999512,475095.6792275365,479615.4697377232,485212.14645635296,492037.71526316745,500250.47409553896,510021.9255606381,521533.5004675667,534971.082967404,550538.0771817055,568441.2753014395,588900.7905065806,612149.9048453923,638425.2959918908,667979.1111256767,701066.6630849037,737964.1074398446,778946.0197658916,824306.2364288771,874341.383276677,929361.3568746937,989688.8040391796,1055654.71096013,1127590.4663098885,1205852.6836649133,1290804.441405627,1382804.3849827624,1482243.8635220095,1589506.4842178738,1704992.4300518166,1829112.1981282225,1962285.0589640609,2104941.2633828814,2257520.0115347123,2420470.494380766,2594256.6089097466,2779339.7842907873,2976209.286304098],[2962401.6897817366,2764729.0108841695,2578839.0923967995,2404248.119578852,2240489.498778992,2087105.2042532049,1943638.7502551137,1809655.4078864832,1684725.813379555,1568429.544024286,1460357.4384714295,1360109.6761543443,1267291.693186312,1181530.7746038295,1102450.1817343517,1029699.0501343132,962917.7730782432,901773.148923737,845933.8655907019,795079.943665015,748900.0504490924,707097.6769492876,669378.9864046348,635468.2278561641,605092.642357417,577994.0537464967,553918.5999534115,532633.9745425656,513904.92864793545,497512.3569729728,483246.64858918457,470907.1468097151,460304.43017990893,451258.6101017085,443604.06747680675,437173.8529156586,431822.10440886964,427407.1291099964,423801.7312216654,420883.7896362289,418541.9445959933,416677.7558280524,415204.7259345305,414038.3366969289,413109.88527823385,412357.7138610155,411738.2220347066,411203.7498850596,410730.13138741837,410289.82234590227,409881.88939537434,409501.484439383,409158.97255208826,408873.5516916624,408676.9777220577,408610.09878076776,408721.0397241976,409068.68123464374,409725.5827517856,410768.73384871066,412291.05229408713,414392.6309412071,417181.73587124055,420778.45010525413,425312.9637883895,430923.67249139544,437759.5170689291,445988.4606835976,455770.55783672107,467292.1558734755,480739.98671271536,496314.9351530091,514227.16004239826,534694.909122013,557949.5267368881,584231.1502486034,613788.5308887617,646883.1849267106,683780.3040274587,724767.6001412803,770126.1629259638,820165.4582757016,875184.3295562087,935511.6349336093,1001471.469856492,1073409.2332852343,1151668.9580896776,1236613.1217346475,1328610.7926284366,1428042.8664751446,1535296.3497677997,1650778.341673028,1774887.2786415257,1908051.4242798518,2050699.4432285335,2203268.348600043,2366208.815517647,2539978.920565547,2725051.413690686,2921905.536441371],[2910485.1893625814,2712879.723108138,2527054.8687606934,2352528.867857399,2188832.9620251,2035509.2486475797,1892107.6539699696,1758186.0052696122,1633317.5172212245,1517078.48991965,1409065.4752817804,1308873.6004225397,1216115.431192314,1130407.3503795995,1051386.2501036332,978685.2733380178,911957.9120720206,850868.8372920325,795079.943665015,744277.0930161463,698147.0363171326,656394.8207264685,618726.8306551883,584862.316191975,554531.7502333941,527479.6088293525,503452.8270948137,482209.3754508167,463523.6762516793,447173.708898109,432949.2490589806,420653.6171437421,410090.5396930168,401084.4085756221,393467.66112175863,387076.1181495081,381760.5530320071,377384.15174023557,373814.4116109752,370927.2486083272,368622.3779174829,366792.4950835734,365350.84593145386,364213.6268989752,363315.4449772841,362596.4751640536,362002.20431564545,361496.27155301743,361047.8504463097,360638.30728413264,360255.66835537617,359896.9450818857,359579.71667327464,359318.5651582844,359145.0245101805,359098.9154491468,359230.9831623672,359597.4217969922,360274.56877184554,361336.583826677,362875.2562512708,364992.40185715206,367796.5046145569,371406.5089598