{"data":[{"type":"contour","x":[-1.0,-0.9797979797979798,-0.9595959595959596,-0.9393939393939394,-0.9191919191919192,-0.898989898989899,-0.8787878787878788,-0.8585858585858586,-0.8383838383838383,-0.8181818181818181,-0.797979797979798,-0.7777777777777778,-0.7575757575757576,-0.7373737373737373,-0.7171717171717171,-0.696969696969697,-0.6767676767676767,-0.6565656565656566,-0.6363636363636364,-0.6161616161616161,-0.595959595959596,-0.5757575757575757,-0.5555555555555556,-0.5353535353535354,-0.5151515151515151,-0.4949494949494949,-0.4747474747474747,-0.4545454545454546,-0.43434343434343436,-0.41414141414141414,-0.3939393939393939,-0.3737373737373737,-0.3535353535353535,-0.33333333333333337,-0.31313131313131315,-0.29292929292929293,-0.2727272727272727,-0.2525252525252525,-0.23232323232323238,-0.21212121212121215,-0.19191919191919193,-0.1717171717171717,-0.1515151515151515,-0.13131313131313127,-0.11111111111111116,-0.09090909090909094,-0.07070707070707072,-0.0505050505050505,-0.030303030303030276,-0.010101010101010055,0.010101010101010166,0.030303030303030276,0.05050505050505061,0.07070707070707072,0.09090909090909083,0.11111111111111116,0.13131313131313127,0.1515151515151516,0.1717171717171717,0.19191919191919182,0.21212121212121215,0.23232323232323226,0.2525252525252526,0.2727272727272727,0.29292929292929304,0.31313131313131315,0.33333333333333326,0.3535353535353536,0.3737373737373737,0.39393939393939403,0.41414141414141414,0.43434343434343425,0.4545454545454546,0.4747474747474747,0.49494949494949503,0.5151515151515151,0.5353535353535352,0.5555555555555556,0.5757575757575757,0.595959595959596,0.6161616161616161,0.6363636363636365,0.6565656565656566,0.6767676767676767,0.696969696969697,0.7171717171717171,0.7373737373737375,0.7575757575757576,0.7777777777777777,0.797979797979798,0.8181818181818181,0.8383838383838385,0.8585858585858586,0.8787878787878789,0.898989898989899,0.9191919191919191,0.9393939393939394,0.9595959595959596,0.9797979797979799,1.0],"y":[-1.0,-0.9797979797979798,-0.9595959595959596,-0.9393939393939394,-0.9191919191919192,-0.898989898989899,-0.8787878787878788,-0.8585858585858586,-0.8383838383838383,-0.8181818181818181,-0.797979797979798,-0.7777777777777778,-0.7575757575757576,-0.7373737373737373,-0.7171717171717171,-0.696969696969697,-0.6767676767676767,-0.6565656565656566,-0.6363636363636364,-0.6161616161616161,-0.595959595959596,-0.5757575757575757,-0.5555555555555556,-0.5353535353535354,-0.5151515151515151,-0.4949494949494949,-0.4747474747474747,-0.4545454545454546,-0.43434343434343436,-0.41414141414141414,-0.3939393939393939,-0.3737373737373737,-0.3535353535353535,-0.33333333333333337,-0.31313131313131315,-0.29292929292929293,-0.2727272727272727,-0.2525252525252525,-0.23232323232323238,-0.21212121212121215,-0.19191919191919193,-0.1717171717171717,-0.1515151515151515,-0.13131313131313127,-0.11111111111111116,-0.09090909090909094,-0.07070707070707072,-0.0505050505050505,-0.030303030303030276,-0.010101010101010055,0.010101010101010166,0.030303030303030276,0.05050505050505061,0.07070707070707072,0.09090909090909083,0.11111111111111116,0.13131313131313127,0.1515151515151516,0.1717171717171717,0.19191919191919182,0.21212121212121215,0.23232323232323226,0.2525252525252526,0.2727272727272727,0.29292929292929304,0.31313131313131315,0.33333333333333326,0.3535353535353536,0.3737373737373737,0.39393939393939403,0.41414141414141414,0.43434343434343425,0.4545454545454546,0.4747474747474747,0.49494949494949503,0.5151515151515151,0.5353535353535352,0.5555555555555556,0.5757575757575757,0.595959595959596,0.6161616161616161,0.6363636363636365,0.6565656565656566,0.6767676767676767,0.696969696969697,0.7171717171717171,0.7373737373737375,0.7575757575757576,0.7777777777777777,0.797979797979798,0.8181818181818181,0.8383838383838385,0.8585858585858586,0.8787878787878789,0.898989898989899,0.9191919191919191,0.9393939393939394,0.9595959595959596,0.9797979797979799,1.0],"z":[[-0.36787944117144233,-0.3753103329893122,-0.38273508896588004,-0.39014746861136285,-0.3975411245889096,-0.40490961110433776,-0.41224639265933416,-0.4195448531533822,-0.42679830531839097,-0.4340000004687545,-0.4411431385483478,-0.4482208784547898,-0.455226348620167,-0.4621526578263279,-0.4689929062318291,-0.4757401965866359,-0.48238764560978026,-0.48892839550432937,-0.49535562558325674,-0.5016625639791076,-0.5078424994097415,-0.5138887929719018,-0.5197948899339158,-0.5255543314984722,-0.5311607665061606,-0.5366079630502787,-0.5418898199733391,-0.5470003782157261,-0.5519338319870655,-0.5566845397310843,-0.5612470348550513,-0.565616036195292,-0.5697864581907833,-0.5737534207374327,-0.5775122586963412,-0.581058531030142,-0.5843880295423868,-0.5874967871959165,-0.5903810859872104,-0.593037464354841,-0.5954627241013738,-0.5976539368093429,-0.5996084497332825,-0.6013238911512272,-0.6027981751605626,-0.6040295059046581,-0.6050163812182897,-0.6057575956814956,-0.606252243073175,-0.6064997182174373,-0.6064997182174373,-0.606252243073175,-0.6057575956814956,-0.6050163812182897,-0.6040295059046581,-0.6027981751605626,-0.6013238911512272,-0.5996084497332825,-0.5976539368093429,-0.5954627241013739,-0.593037464354841,-0.5903810859872104,-0.5874967871959165,-0.5843880295423868,-0.581058531030142,-0.5775122586963412,-0.5737534207374327,-0.5697864581907833,-0.565616036195292,-0.5612470348550513,-0.5566845397310843,-0.5519338319870655,-0.5470003782157261,-0.5418898199733391,-0.5366079630502787,-0.5311607665061606,-0.5255543314984723,-0.5197948899339158,-0.5138887929719018,-0.5078424994097415,-0.5016625639791076,-0.4953556255832567,-0.48892839550432937,-0.48238764560978026,-0.4757401965866359,-0.4689929062318291,-0.4621526578263279,-0.455226348620167,-0.44822087845478986,-0.4411431385483478,-0.4340000004687545,-0.42679830531839086,-0.4195448531533822,-0.41224639265933416,-0.40490961110433776,-0.3975411245889096,-0.39014746861136285,-0.38273508896588004,-0.3753103329893121,-0.36787944117144233],[-0.3753103329893122,-0.3828913233096508,-0.39046605384924477,-0.39802815806504643,-0.4055711604087091,-0.4130884848857891,-0.42057346398575546,-0.4280193479677689,-0.4354193144858838,-0.44276647853605106,-0.45005390270605633,-0.45727460770832523,-0.4644215831743695,-0.47148779868854324,-0.4784662150377239,-0.48534979565254277,-0.49213151821486206,-0.49880438640533814,-0.5053614417641261,-0.5117957756370721,-0.5181005411791149,-0.5242689653860769,-0.5302943611255675,-0.5361701391373613,-0.5418898199733391,-0.5474470458469056,-0.5528355923617185,-0.5580493800895782,-0.5630824859674516,-0.5679291544838141,-0.5725838086248162,-0.5770410605511946,-0.5812957219773665,-0.5853428142247566,-0.5891775779221204,-0.5927954823264313,-0.596192234238794,-0.5993637864908417,-0.6023063459781404,-0.6050163812182897,-0.6074906294126394,-0.6097261029918628,-0.6117200956270041,-0.6134701876890729,-0.6149742511417697,-0.6162304538534921,-0.6172372633163926,-0.6179934497619208,-0.6184980886639816,-0.6187505626225804,-0.6187505626225804,-0.6184980886639816,-0.6179934497619208,-0.6172372633163926,-0.6162304538534921,-0.6149742511417697,-0.6134701876890729,-0.6117200956270041,-0.6097261029918628,-0.6074906294126394,-0.6050163812182897,-0.6023063459781405,-0.5993637864908415,-0.596192234238794,-0.5927954823264313,-0.5891775779221204,-0.5853428142247566,-0.5812957219773665,-0.5770410605511946,-0.5725838086248161,-0.5679291544838141,-0.5630824859674516,-0.5580493800895782,-0.5528355923617185,-0.5474470458469056,-0.5418898199733391,-0.5361701391373613,-0.5302943611255675,-0.5242689653860769,-0.5181005411791149,-0.5117957756370721,-0.5053614417641261,-0.49880438640533814,-0.49213151821486206,-0.48534979565254277,-0.4784662150377239,-0.4714877986885432,-0.4644215831743695,-0.45727460770832523,-0.45005390270605633,-0.44276647853605106,-0.4354193144858837,-0.4280193479677689,-0.4205734639857554,-0.4130884848857891,-0.40557116040870916,-0.39802815806504643,-0.39046605384924477,-0.38289132330965076,-0.3753103329893122],[-0.38273508896588004,-0.39046605384924477,-0.39819063511476144,-0.40590234027020283,-0.41359456566159325,-0.421260605201737,-0.42889365947689057,-0.43648684521624165,-0.4440332051075263,-0.4515257179408134,-0.45895730906121696,-0.46632086111007154,-0.473609225032925,-0.48081523133157494,-0.48793170153630194,-0.4949514598734419,-0.5018673451024934,-0.5086722224960828,-0.5153589959353087,-0.5219206200922654,-0.5283501126709081,-0.5346405666768683,-0.5407851626863639,-0.5467771810839808,-0.5526100142388215,-0.5582771785883401,-0.5637723265990997,-0.5690892585737075,-0.5742219342733063,-0.5791644843252147,-0.5839112213856424,-0.5884566510278217,-0.5927954823264313,-0.5969226381098083,-0.6008332648521727,-0.6045227421789091,-0.607986691958864,-0.6112209869586288,-0.6142217590348689,-0.6169854068419457,-0.6195086030333362,-0.6217883009366959,-0.6238217406838233,-0.6256064547782617,-0.6271402730848166,-0.6284213272268669,-0.6294480543789965,-0.630219200444171,-0.6307338226064161,-0.6309912912517268,-0.6309912912517268,-0.6307338226064161,-0.630219200444171,-0.6294480543789965,-0.6284213272268669,-0.6271402730848166,-0.6256064547782617,-0.6238217406838233,-0.6217883009366959,-0.6195086030333362,-0.6169854068419457,-0.6142217590348689,-0.6112209869586288,-0.607986691958864,-0.6045227421789091,-0.6008332648521727,-0.5969226381098083,-0.5927954823264313,-0.5884566510278217,-0.5839112213856424,-0.5791644843252147,-0.5742219342733063,-0.5690892585737075,-0.5637723265990997,-0.5582771785883401,-0.5526100142388215,-0.5467771810839809,-0.5407851626863639,-0.5346405666768683,-0.5283501126709081,-0.5219206200922654,-0.5153589959353085,-0.5086722224960828,-0.5018673451024934,-0.4949514598734419,-0.48793170153630194,-0.4808152313315749,-0.473609225032925,-0.4663208611100716,-0.45895730906121696,-0.4515257179408134,-0.4440332051075262,-0.43648684521624165,-0.42889365947689057,-0.421260605201737,-0.41359456566159325,-0.40590234027020283,-0.39819063511476144,-0.39046605384924465,-0.38273508896588004],[-0.39014746861136285,-0.39802815806504643,-0.40590234027020283,-0.41376339699536996,-0.42160459669448236,-0.42941910340444417,-0.43719998602816884,-0.4449402279874521,-0.4526327372286873,-0.46027035656310294,-0.4678458743219114,-0.47535203530550685,-0.48278155200464895,-0.4901271160704157,-0.49738141000861785,-0.5045371190733355,-0.5115869433332734,-0.5185236098837402,-0.5253398851762422,-0.5320285874369436,-0.5385825991445994,-0.544994879537998,-0.5512584771224825,-0.5573665421447396,-0.5633123390047615,-0.5690892585737075,-0.5746908303863032,-0.58011073467644,-0.5853428142247565,-0.5903810859872104,-0.595219752473979,-0.5998532128484612,-0.6042760737166875,-0.6084831595780854,-0.612469522909286,-0.616230453853492,-0.6197614894888653,-0.6230584226504159,-0.6261173102809908,-0.6289344812881689,-0.6315065438851486,-0.6338303923950868,-0.635903213499781,-0.6377224919150982,-0.6392860154771239,-0.640591879624635,-0.6416384912651832,-0.6424245720138032,-0.642949160795129,-0.6432116158015048,-0.6432116158015048,-0.642949160795129,-0.6424245720138032,-0.6416384912651832,-0.640591879624635,-0.6392860154771239,-0.6377224919150982,-0.635903213499781,-0.6338303923950868,-0.6315065438851486,-0.6289344812881689,-0.6261173102809908,-0.6230584226504159,-0.6197614894888653,-0.616230453853492,-0.612469522909286,-0.6084831595780854,-0.6042760737166873,-0.5998532128484612,-0.595219752473979,-0.5903810859872104,-0.5853428142247566,-0.58011073467644,-0.5746908303863032,-0.5690892585737075,-0.5633123390047615,-0.5573665421447397,-0.5512584771224825,-0.544994879537998,-0.5385825991445994,-0.5320285874369436,-0.5253398851762422,-0.5185236098837402,-0.5115869433332734,-0.5045371190733355,-0.49738141000861785,-0.4901271160704157,-0.48278155200464895,-0.4753520353055069,-0.4678458743219114,-0.46027035656310294,-0.4526327372286873,-0.4449402279874521,-0.43719998602816873,-0.42941910340444417,-0.4216045966944824,-0.41376339699536996,-0.40590234027020283,-0.39802815806504643,-0.39014746861136285],[-0.3975411245889096,-0.4055711604087091,-0.41359456566159325,-0.42160459669448236,-0.4295943943922767,-0.4375569932440467,-0.44548533080199465,-0.45337225751725907,-0.461210546935247,-0.4689929062318291,-0.4767119870704129,-0.4843603967586388,-0.4919307096822147,-0.4994154789922359,-0.5068072485212191,-0.5140985649020324,-0.5212819898629198,-0.5283501126709081,-0.5352955626950581,-0.5421110220602663,-0.5487892383616664,-0.5553230374090988,-0.561705335970643,-0.5679291544838141,-0.5739876297027443,-0.5798740272494785,-0.5855817540374306,-0.5911043705350697,-0.5964356028380232,-0.601569354518021,-0.6064997182174373,-0.6112209869586288,-0.6157276651378133,-0.6200144791738882,-0.6240763877833327,-0.6279085918532,-0.6315065438851486,-0.634865956984514,-0.6379828133695574,-0.6408533723772551,-0.6434741779433036,-0.6458420655354062,-0.6479541685203742,-0.6498079239471101,-0.6514010777291435,-0.6527316892120518,-0.6537981351128089,-0.6545991128198703,-0.655133643044601,-0.6554010718164959,-0.6554010718164959,-0.655133643044601,-0.6545991128198703,-0.6537981351128089,-0.6527316892120518,-0.6514010777291435,-0.6498079239471101,-0.6479541685203742,-0.6458420655354062,-0.6434741779433036,-0.6408533723772551,-0.6379828133695574,-0.634865956984514,-0.6315065438851486,-0.6279085918531999,-0.6240763877833327,-0.6200144791738882,-0.6157276651378133,-0.6112209869586288,-0.6064997182174373,-0.601569354518021,-0.5964356028380232,-0.5911043705350697,-0.5855817540374306,-0.5798740272494785,-0.5739876297027443,-0.5679291544838141,-0.561705335970643,-0.5553230374090988,-0.5487892383616664,-0.5421110220602663,-0.5352955626950581,-0.5283501126709081,-0.5212819898629198,-0.5140985649020324,-0.5068072485212191,-0.4994154789922358,-0.4919307096822147,-0.4843603967586388,-0.4767119870704129,-0.4689929062318291,-0.46121054693524693,-0.45337225751725907,-0.4454853308019946,-0.4375569932440467,-0.42959439439227676,-0.42160459669448236,-0.41359456566159325,-0.40557116040870905,-0.3975411245889096],[-0.40490961110433776,-0.4130884848857891,-0.421260605201737,-0.42941910340444417,-0.4375569932440467,-0.4456671801027875,-0.45374247062930173,-0.4617755827567287,-0.46975915608701674,-0.47768576262240814,-0.48554791782374984,-0.49333809197398054,-0.5010487218238937,-0.5086722224960828,-0.5162009996218417,-0.5236274616847209,-0.5309440325434411,-0.5381431641059423,-0.5452173491254954,-0.552159134089045,-0.5589611321672734,-0.565616036195292,-0.5721166316523757,-0.5784558096087646,-0.5846265796072625,-0.5906220824471721,-0.5964356028380232,-0.6020605818905673,-0.6074906294126393,-0.6127195359777241,-0.6177412847344045,-0.6225500629253192,-0.6271402730848166,-0.6315065438851486,-0.6356437406018212,-0.6395469751695831,-0.6432116158015048,-0.646633296144663,-0.6498079239471101,-0.6527316892120518,-0.6554010718164959,-0.6578128485730478,-0.6599640997150273,-0.6618522147866399,-0.6634748979215725,-0.6648301724950711,-0.6659163851363065,-0.6667322090896265,-0.6672766469151297,-0.6675490325208655,-0.6675490325208655,-0.6672766469151297,-0.6667322090896265,-0.6659163851363065,-0.6648301724950711,-0.6634748979215725,-0.6618522147866399,-0.6599640997150272,-0.6578128485730478,-0.6554010718164959,-0.6527316892120518,-0.6498079239471101,-0.6466332961446629,-0.6432116158015048,-0.6395469751695831,-0.6356437406018212,-0.6315065438851486,-0.6271402730848166,-0.6225500629253192,-0.6177412847344044,-0.6127195359777241,-0.6074906294126394,-0.6020605818905673,-0.5964356028380232,-0.5906220824471721,-0.5846265796072625,-0.5784558096087646,-0.5721166316523757,-0.565616036195292,-0.5589611321672734,-0.552159134089045,-0.5452173491254954,-0.5381431641059423,-0.5309440325434411,-0.5236274616847209,-0.5162009996218417,-0.5086722224960827,-0.5010487218238937,-0.49333809197398054,-0.48554791782374984,-0.47768576262240814,-0.4697591560870167,-0.4617755827567287,-0.4537424706293017,-0.4456671801027875,-0.43755699324404673,-0.42941910340444417,-0.421260605201737,-0.41308848488578903,-0.40490961110433776],[-0.41224639265933416,-0.42057346398575546,-0.42889365947689057,-0.43719998602816884,-0.44548533080199465,-0.45374247062930173,-0.46196408181840676,-0.4701427503546455,-0.47827098247283656,-0.48634121558321575,-0.4943458295301189,-0.5022771581613701,-0.5101275011850603,-0.5178891362891876,-0.5255543314984723,-0.5331153577415723,-0.5405645016009079,-0.5478940782163573,-0.5550964443132291,-0.562164011324136,-0.5690892585737075,-0.5758647464944864,-0.5824831298418499,-0.5889371708754019,-0.5952197524739791,-0.6013238911512272,-0.6072427499386082,-0.6129696511027252,-0.6184980886639816,-0.6238217406838233,-0.628934481288169,-0.6338303923950868,-0.6385037751153438,-0.6429491607951291,-0.6471613216710308,-0.6511352811082359,-0.654866323393901,-0.6583500030587358,-0.6615821537010124,-0.664558896288494,-0.6672766469151297,-0.6697321239908072,-0.671922354843976,-0.6738446817185472,-0.6754967671481339,-0.6768765986924232,-0.6779824930222441,-0.6788130993417236,-0.6793674021377941,-0.6796447232492161,-0.6796447232492161,-0.6793674021377941,-0.6788130993417236,-0.6779824930222441,-0.6768765986924232,-0.6754967671481339,-0.6738446817185472,-0.6719223548439759,-0.6697321239908072,-0.6672766469151297,-0.664558896288494,-0.6615821537010124,-0.6583500030587358,-0.654866323393901,-0.6511352811082358,-0.6471613216710308,-0.6429491607951291,-0.6385037751153438,-0.6338303923950868,-0.6289344812881689,-0.6238217406838233,-0.6184980886639817,-0.6129696511027252,-0.6072427499386082,-0.6013238911512272,-0.5952197524739791,-0.5889371708754019,-0.5824831298418499,-0.5758647464944864,-0.5690892585737075,-0.562164011324136,-0.5550964443132291,-0.5478940782163573,-0.5405645016009079,-0.5331153577415723,-0.5255543314984723,-0.5178891362891876,-0.5101275011850603,-0.5022771581613702,-0.4943458295301189,-0.48634121558321575,-0.4782709824728365,-0.4701427503546455,-0.4619640818184067,-0.45374247062930173,-0.4454853308019947,-0.43719998602816884,-0.42889365947689057,-0.4205734639857554,-0.41224639265933416],[-0.4195448531533822,-0.4280193479677689,-0.43648684521624165,-0.4449402279874521,-0.45337225751725907,-0.4617755827567287,-0.4701427503546455,-0.47846621503772396,-0.4867383503702485,-0.49495145987344197,-0.5030977884834734,-0.5111695343256724,-0.5191588607812213,-0.527057908821363,-0.534858809582983,-0.5425536971583164,-0.5501347215704959,-0.5575940619056976,-0.5649239395717615,-0.5721166316523757,-0.5791644843252147,-0.5860599263118103,-0.5927954823264313,-0.5993637864908417,-0.6057575956814957,-0.6119698027755436,-0.6179934497619208,-0.6238217406838233,-0.6294480543789965,-0.634865956984514,-0.6400692141730714,-0.6450518030882915,-0.6498079239471101,-0.6543320112780011,-0.658618744764591,-0.6626630596651157,-0.6664601567791758,-0.6700055119343494,-0.6732948849664238,-0.6763243281683013,-0.6790901941840208,-0.6815891433257976,-0.683818150293541,-0.6857745102779235,-0.6874558444297678,-0.6888601046802721,-0.6899855778983999,-0.6908308893736231,-0.6913950056141067,-0.6916772364523618,-0.6916772364523618,-0.6913950056141067,-0.6908308893736231,-0.6899855778983999,-0.6888601046802721,-0.6874558444297678,-0.6857745102779235,-0.6838181502935409,-0.6815891433257976,-0.6790901941840208,-0.6763243281683013,-0.6732948849664238,-0.6700055119343494,-0.6664601567791758,-0.6626630596651156,-0.658618744764591,-0.6543320112780012,-0.6498079239471101,-0.6450518030882915,-0.6400692141730714,-0.634865956984514,-0.6294480543789966,-0.6238217406838233,-0.6179934497619208,-0.6119698027755435,-0.6057575956814957,-0.5993637864908417,-0.5927954823264313,-0.5860599263118103,-0.5791644843252147,-0.5721166316523757,-0.5649239395717613,-0.5575940619056976,-0.5501347215704959,-0.5425536971583164,-0.534858809582983,-0.527057908821363,-0.5191588607812213,-0.5111695343256725,-0.5030977884834734,-0.49495145987344197,-0.48673835037024843,-0.47846621503772396,-0.4701427503546454,-0.4617755827567287,-0.4533722575172591,-0.4449402279874521,-0.43648684521624165,-0.42801934796776886,-0.4195448531533822],[-0.42679830531839097,-0.4354193144858838,-0.4440332051075263,-0.4526327372286873,-0.461210546935247,-0.46975915608701674,-0.47827098247283656,-0.4867383503702485,-0.4951535014911589,-0.5035086062934476,-0.5117957756370721,-0.5200070727618442,-0.5281345255627419,-0.5361701391373613,-0.5441059085789165,-0.5519338319870655,-0.5596459236677914,-0.5672342274925872,-0.5746908303863032,-0.58200787591221,-0.5891775779221204,-0.596192234238794,-0.6030442403373325,-0.6097261029918629,-0.6162304538534921,-0.6225500629253192,-0.628677851900202,-0.6346069073269911,-0.6403304935710862,-0.6458420655354062,-0.6511352811082359,-0.6562040133048782,-0.6610423620706326,-0.6656446657133156,-0.6700055119343494,-0.6741197484283598,-0.6779824930222441,-0.6815891433257976,-0.6849353858672025,-0.6880172046880069,-0.6908308893736231,-0.6933730424968726,-0.6956405864536757,-0.6976307696716352,-0.6993411721739841,-0.7007697104831457,-0.7019146418500014,-0.7027745677968454,-0.7033484369639472,-0.7036355472516089,-0.7036355472516089,-0.7033484369639472,-0.7027745677968454,-0.7019146418500014,-0.7007697104831457,-0.6993411721739841,-0.6976307696716352,-0.6956405864536757,-0.6933730424968726,-0.6908308893736231,-0.6880172046880069,-0.6849353858672025,-0.6815891433257976,-0.6779824930222441,-0.6741197484283598,-0.6700055119343494,-0.6656446657133156,-0.6610423620706326,-0.6562040133048782,-0.6511352811082359,-0.6458420655354062,-0.6403304935710863,-0.6346069073269911,-0.628677851900202,-0.6225500629253192,-0.6162304538534921,-0.6097261029918629,-0.6030442403373325,-0.596192234238794,-0.5891775779221204,-0.58200787591221,-0.5746908303863032,-0.5672342274925872,-0.5596459236677914,-0.5519338319870655,-0.5441059085789165,-0.5361701391373612,-0.5281345255627419,-0.5200070727618442,-0.5117957756370721,-0.5035086062934476,-0.49515350149115883,-0.4867383503702485,-0.4782709824728365,-0.46975915608701674,-0.46121054693524705,-0.4526327372286873,-0.4440332051075263,-0.4354193144858837,-0.42679830531839097],[-0.4340000004687545,-0.44276647853605106,-0.4515257179408134,-0.46027035656310294,-0.4689929062318291,-0.47768576262240814,-0.48634121558321575,-0.49495145987344197,-0.5035086062934476,-0.5120046931872433,-0.5204316982952758,-0.5287815509343149,-0.5370461444798961,-0.5452173491254955,-0.5532870248913951,-0.5612470348550513,-0.5690892585737076,-0.5768056056689981,-0.5843880295423868,-0.591828541189462,-0.5991192230803863,-0.6062522430731752,-0.6132198683259491,-0.6200144791738883,-0.626628582936297,-0.6330548276189915,-0.639286015477124,-0.645315116403582,-0.6511352811082359,-0.6567398540535619,-0.6621223861125296,-0.6672766469151298,-0.6721966368505137,-0.6768765986924232,-0.6813110288164159,-0.6854946879783168,-0.6894226116243721,-0.6930901197047173,-0.6964928259630163,-0.69962664667647,-0.7024878088218197,-0.7050728576444923,-0.7073786636096338,-0.7094024287154559,-0.7111416921510673,-0.7125943352827763,-0.7137585859547215,-0.7146330220916105,-0.7152165745933137,-0.7155085295130662,-0.7155085295130662,-0.7152165745933137,-0.7146330220916105,-0.7137585859547215,-0.7125943352827763,-0.7111416921510673,-0.7094024287154559,-0.7073786636096338,-0.7050728576444923,-0.7024878088218197,-0.69962664667647,-0.6964928259630163,-0.6930901197047172,-0.6894226116243721,-0.6854946879783167,-0.6813110288164159,-0.6768765986924233,-0.6721966368505137,-0.6672766469151298,-0.6621223861125296,-0.6567398540535619,-0.6511352811082359,-0.645315116403582,-0.639286015477124,-0.6330548276189915,-0.626628582936297,-0.6200144791738883,-0.6132198683259491,-0.6062522430731752,-0.5991192230803863,-0.591828541189462,-0.5843880295423868,-0.5768056056689981,-0.5690892585737076,-0.5612470348550513,-0.5532870248913951,-0.5452173491254954,-0.5370461444798961,-0.5287815509343149,-0.5204316982952758,-0.5120046931872433,-0.5035086062934475,-0.49495145987344197,-0.4863412155832157,-0.47768576262240814,-0.46899290623182915,-0.46027035656310294,-0.4515257179408134,-0.442766478536051,-0.4340000004687545],[-0.4411431385483478,-0.45005390270605633,-0.45895730906121696,-0.4678458743219114,-0.4767119870704129,-0.48554791782374984,-0.4943458295301189,-0.5030977884834734,-0.5117957756370721,-0.5204316982952758,-0.5289974021614169,-0.5374846837181528,-0.5458853029153563,-0.55419099613929,-0.5623934894355839,-0.5704845119573598,-0.5784558096087646,-0.5862991588531615,-0.5940063806543087,-0.601569354518021,-0.6089800326010766,-0.6162304538534921,-0.6233127581597537,-0.630219200444171,-0.6369421647051894,-0.6434741779433036,-0.6498079239471101,-0.6559362569020634,-0.6618522147866399,-0.6675490325208655,-0.6730201548325371,-0.6782592488069608,-0.683260216086632,-0.6880172046880068,-0.6925246204033492,-0.6967771377565845,-0.7007697104831457,-0.7044975815049601,-0.7079562923729851,-0.7111416921510672,-0.7140499457163484,-0.7166775414529907,-0.719021298317616,-0.7210783722565623,-0.7228462619568372,-0.7243228139144885,-0.725506226806019,-0.7263950551504215,-0.7269882122514145,-0.7272849724114956,-0.7272849724114956,-0.7269882122514145,-0.7263950551504215,-0.725506226806019,-0.7243228139144885,-0.7228462619568372,-0.7210783722565623,-0.719021298317616,-0.7166775414529907,-0.7140499457163484,-0.7111416921510672,-0.7079562923729851,-0.7044975815049601,-0.7007697104831457,-0.6967771377565843,-0.6925246204033492,-0.6880172046880069,-0.683260216086632,-0.6782592488069608,-0.6730201548325371,-0.6675490325208655,-0.6618522147866399,-0.6559362569020634,-0.6498079239471101,-0.6434741779433036,-0.6369421647051894,-0.630219200444171,-0.6233127581597537,-0.6162304538534921,-0.6089800326010766,-0.601569354518021,-0.5940063806543087,-0.5862991588531615,-0.5784558096087646,-0.5704845119573598,-0.5623934894355839,-0.5541909961392899,-0.5458853029153563,-0.537484683718153,-0.5289974021614169,-0.5204316982952758,-0.511795775637072,-0.5030977884834734,-0.4943458295301189,-0.48554791782374984,-0.4767119870704129,-0.4678458743219114,-0.45895730906121696,-0.4500539027060563,-0.4411431385483478],[-0.4482208784547898,-0.45727460770832523,-0.46632086111007154,-0.47535203530550685,-0.4843603967586388,-0.49333809197398054,-0.5022771581613701,-0.5111695343256724,-0.5200070727618442,-0.5287815509343149,-0.5374846837181528,-0.5461081359780511,-0.554643535459782,-0.5630824859674516,-0.5714165807986272,-0.5796374164082249,-0.5877366062709403,-0.5957057949109807,-0.6035366720669165,-0.6112209869586288,-0.6187505626225803,-0.6261173102809909,-0.6333132437099518,-0.6403304935710862,-0.6471613216710308,-0.653798135112809,-0.660233500303068,-0.6664601567791758,-0.6724710308203139,-0.6782592488069608,-0.6838181502935409,-0.6891413007595115,-0.6942225040047758,-0.699055814156043,-0.7036355472516089,-0.7079562923729851,-0.7120129222928854,-0.7158006036102514,-0.7193148063442862,-0.722551312960846,-0.725506226806019,-0.7281759799232893,-0.7305573402323349,-0.7326474180492427,-0.7344436719297311,-0.7359439138188387,-0.737146313492473,-0.7380494022782004,-0.7386520760446873,-0.7389535974512758,-0.7389535974512758,-0.7386520760446873,-0.7380494022782004,-0.737146313492473,-0.7359439138188387,-0.7344436719297311,-0.7326474180492427,-0.7305573402323349,-0.7281759799232893,-0.725506226806019,-0.722551312960846,-0.7193148063442862,-0.7158006036102514,-0.7120129222928854,-0.7079562923729851,-0.7036355472516089,-0.6990558141560431,-0.6942225040047758,-0.6891413007595115,-0.6838181502935409,-0.6782592488069608,-0.6724710308203139,-0.6664601567791758,-0.660233500303068,-0.6537981351128089,-0.6471613216710308,-0.6403304935710863,-0.6333132437099518,-0.6261173102809909,-0.6187505626225803,-0.6112209869586288,-0.6035366720669165,-0.5957057949109807,-0.5877366062709403,-0.5796374164082249,-0.5714165807986272,-0.5630824859674516,-0.554643535459782,-0.5461081359780512,-0.5374846837181528,-0.5287815509343149,-0.5200070727618441,-0.5111695343256724,-0.5022771581613701,-0.49333809197398054,-0.4843603967586388,-0.47535203530550685,-0.46632086111007154,-0.4572746077083251,-0.4482208784547898],[-0.455226348620167,-0.4644215831743695,-0.473609225032925,-0.48278155200464895,-0.4919307096822147,-0.5010487218238937,-0.5101275011850603,-0.5191588607812213,-0.5281345255627419,-0.5370461444798961,-0.5458853029153563,-0.554643535459782,-0.5633123390047616,-0.5718831861260214,-0.5803475387285362,-0.5886968619239777,-0.5969226381098083,-0.6050163812182897,-0.6129696511027252,-0.6207740680273923,-0.6284213272268668,-0.635903213499781,-0.6432116158015048,-0.6503385417998032,-0.6572761323571862,-0.6640166759034607,-0.6705526226618944,-0.6768765986924232,-0.6829814197154784,-0.6888601046802721,-0.694505889041766,-0.6999122377110505,-0.7050728576444922,-0.7099817100377485,-0.7146330220916105,-0.7190212983176161,-0.7231413313524578,-0.7269882122514146,-0.7305573402323349,-0.7338444318431067,-0.7368455295270491,-0.7395570095622542,-0.7419755893525867,-0.7440983340498061,-0.7459226624881166,-0.747446352414342,-0.7486675449988944,-0.7495847486147184,-0.7501968418734546,-0.7505030759101761,-0.7505030759101761,-0.7501968418734546,-0.7495847486147184,-0.7486675449988944,-0.747446352414342,-0.7459226624881166,-0.7440983340498061,-0.7419755893525866,-0.7395570095622542,-0.7368455295270491,-0.7338444318431067,-0.7305573402323349,-0.7269882122514145,-0.7231413313524578,-0.719021298317616,-0.7146330220916105,-0.7099817100377485,-0.7050728576444922,-0.6999122377110505,-0.694505889041766,-0.6888601046802721,-0.6829814197154784,-0.6768765986924232,-0.6705526226618944,-0.6640166759034606,-0.6572761323571862,-0.6503385417998032,-0.6432116158015048,-0.635903213499781,-0.6284213272268668,-0.6207740680273923,-0.6129696511027252,-0.6050163812182897,-0.5969226381098083,-0.5886968619239777,-0.5803475387285362,-0.5718831861260213,-0.5633123390047616,-0.554643535459782,-0.5458853029153563,-0.5370461444798961,-0.5281345255627418,-0.5191588607812213,-0.5101275011850603,-0.5010487218238937,-0.49193070968221475,-0.48278155200464895,-0.473609225032925,-0.46442158317436943,-0.455226348620167],[-0.4621526578263279,-0.47148779868854324,-0.48081523133157494,-0.4901271160704157,-0.4994154789922359,-0.5086722224960828,-0.5178891362891876,-0.527057908821363,-0.5361701391373613,-0.5452173491254955,-0.55419099613929,-0.5630824859674516,-0.5718831861260214,-0.58058443944521,-0.5891775779221204,-0.5976539368093428,-0.6060048689082623,-0.6142217590348689,-0.6222960386248864,-0.630219200444171,-0.6379828133695574,-0.6455785372046615,-0.6529981374945909,-0.660233500303068,-0.6672766469151297,-0.6741197484283598,-0.6807551401955043,-0.6871753360813481,-0.6933730424968726,-0.6993411721739841,-0.7050728576444922,-0.7105614643875312,-0.7158006036102514,-0.7207841446273673,-0.725506226806019,-0.7299612710434006,-0.734143990745711,-0.7380494022782004,-0.7416728348574092,-0.7450099398581225,-0.7480566995090839,-0.7508094349531359,-0.753264813649152,-0.7554198560949162,-0.7572719418519663,-0.7588188148553474,-0.7600585879932148,-0.760989746943275,-0.7616111532551461,-0.7619220466698544,-0.7619220466698544,-0.7616111532551461,-0.760989746943275,-0.7600585879932148,-0.7588188148553474,-0.7572719418519663,-0.7554198560949162,-0.753264813649152,-0.7508094349531359,-0.7480566995090839,-0.7450099398581225,-0.7416728348574092,-0.7380494022782003,-0.734143990745711,-0.7299612710434006,-0.725506226806019,-0.7207841446273673,-0.7158006036102514,-0.7105614643875312,-0.7050728576444922,-0.6993411721739841,-0.6933730424968726,-0.6871753360813481,-0.6807551401955043,-0.6741197484283598,-0.6672766469151297,-0.660233500303068,-0.6529981374945909,-0.6455785372046615,-0.6379828133695574,-0.630219200444171,-0.6222960386248862,-0.6142217590348689,-0.6060048689082623,-0.5976539368093428,-0.5891775779221204,-0.5805844394452099,-0.5718831861260214,-0.5630824859674516,-0.55419099613929,-0.5452173491254955,-0.5361701391373612,-0.527057908821363,-0.5178891362891876,-0.5086722224960828,-0.49941547899223593,-0.4901271160704157,-0.48081523133157494,-0.4714877986885432,-0.4621526578263279],[-0.4689929062318291,-0.4784662150377239,-0.48793170153630194,-0.49738141000861785,-0.5068072485212191,-0.5162009996218417,-0.5255543314984723,-0.534858809582983,-0.5441059085789165,-0.5532870248913951,-0.5623934894355839,-0.5714165807986272,-0.5803475387285362,-0.5891775779221204,-0.597897902082743,-0.6064997182174373,-0.6149742511417697,-0.6233127581597537,-0.6315065438851486,-0.6395469751695831,-0.6474254961021713,-0.6551336430446011,-0.6626630596651156,-0.6700055119343494,-0.677152903045641,-0.6840972882222275,-0.6908308893736231,-0.697346109563509,-0.7036355472516089,-0.709692010272295,-0.7155085295130662,-0.7210783722565623,-0.7263950551504215,-0.7314523567700543,-0.7362443297403009,-0.740765312382937,-0.7450099398581225,-0.748973154769118,-0.7526502172009365,-0.7560367141650488,-0.7591285684238016,-0.7619220466698544,-0.7644137670376664,-0.7666007059258805,-0.7684802041113392,-0.770049972137427,-0.7713080949614551,-0.7722530358478855,-0.7728836394963118,-0.7731991343952876,-0.7731991343952876,-0.7728836394963118,-0.7722530358478855,-0.7713080949614551,-0.770049972137427,-0.7684802041113392,-0.7666007059258805,-0.7644137670376664,-0.7619220466698544,-0.7591285684238016,-0.7560367141650488,-0.7526502172009365,-0.748973154769118,-0.7450099398581225,-0.7407653123829369,-0.7362443297403009,-0.7314523567700543,-0.7263950551504215,-0.7210783722565623,-0.7155085295130662,-0.709692010272295,-0.7036355472516089,-0.697346109563509,-0.6908308893736231,-0.6840972882222275,-0.677152903045641,-0.6700055119343495,-0.6626630596651156,-0.6551336430446011,-0.6474254961021713,-0.6395469751695831,-0.6315065438851485,-0.6233127581597537,-0.6149742511417697,-0.6064997182174373,-0.597897902082743,-0.5891775779221204,-0.5803475387285362,-0.5714165807986273,-0.5623934894355839,-0.5532870248913951,-0.5441059085789165,-0.534858809582983,-0.5255543314984722,-0.5162009996218417,-0.5068072485212192,-0.49738141000861785,-0.48793170153630194,-0.4784662150377239,-0.4689929062318291],[-0.4757401965866359,-0.48534979565254277,-0.4949514598734419,-0.5045371190733355,-0.5140985649020324,-0.5236274616847209,-0.5331153577415723,-0.5425536971583164,-0.5519338319870655,-0.5612470348550513,-0.5704845119573598,-0.5796374164082249,-0.5886968619239777,-0.5976539368093428,-0.6064997182174373,-0.6152252866525785,-0.6238217406838233,-0.6322802118360796,-0.640591879624635,-0.6487479866980487,-0.6567398540535618,-0.664558896288494,-0.6721966368505136,-0.6796447232492161,-0.686894942191092,-0.6939392345997484,-0.7007697104831457,-0.7073786636096338,-0.7137585859547214,-0.7199021818807899,-0.7258023820123599,-0.7314523567700543,-0.736845529527049,-0.7419755893525866,-0.7468365033080229,-0.7514225282619043,-0.7557282221917047,-0.7597484549411101,-0.7634784184030947,-0.7669136361005036,-0.770049972137427,-0.7728836394963118,-0.775411207657515,-0.7776296095198402,-0.779536147602513,-0.7811284995110453,-0.7824047226514811,-0.7833632581796302,-0.7840029341740519,-0.7843229680237467,-0.7843229680237467,-0.7840029341740519,-0.7833632581796302,-0.7824047226514811,-0.7811284995110453,-0.779536147602513,-0.7776296095198402,-0.775411207657515,-0.7728836394963118,-0.770049972137427,-0.7669136361005036,-0.7634784184030947,-0.7597484549411101,-0.7557282221917047,-0.7514225282619041,-0.7468365033080229,-0.7419755893525866,-0.736845529527049,-0.7314523567700543,-0.7258023820123599,-0.7199021818807899,-0.7137585859547214,-0.7073786636096338,-0.7007697104831457,-0.6939392345997484,-0.686894942191092,-0.6796447232492162,-0.6721966368505136,-0.664558896288494,-0.6567398540535618,-0.6487479866980487,-0.6405918796246349,-0.6322802118360796,-0.6238217406838233,-0.6152252866525785,-0.6064997182174373,-0.5976539368093428,-0.5886968619239777,-0.5796374164082249,-0.5704845119573598,-0.5612470348550513,-0.5519338319870655,-0.5425536971583164,-0.5331153577415721,-0.5236274616847209,-0.5140985649020325,-0.5045371190733355,-0.4949514598734419,-0.48534979565254277,-0.4757401965866359],[-0.48238764560978026,-0.49213151821486206,-0.5018673451024934,-0.5115869433332734,-0.5212819898629198,-0.5309440325434411,-0.5405645016009079,-0.5501347215704959,-0.5596459236677914,-0.5690892585737076,-0.5784558096087646,-0.5877366062709403,-0.5969226381098083,-0.6060048689082623,-0.6149742511417697,-0.6238217406838233,-0.6325383117250717,-0.6411149718725018,-0.6495427773940429,-0.6578128485730479,-0.6659163851363065,-0.6738446817185472,-0.6815891433257976,-0.6891413007595116,-0.6964928259630163,-0.703635547251609,-0.7105614643875312,-0.7172627634610717,-0.7237318315391978,-0.7299612710434006,-0.7359439138188388,-0.7416728348574093,-0.747141365638032,-0.7523431070482257,-0.7572719418519664,-0.7619220466698544,-0.7662879034387694,-0.7703643103194646,-0.7741463920219293,-0.7776296095198402,-0.7808097691270115,-0.7836830309104412,-0.7862459164163311,-0.7884953156873227,-0.7904284935511328,-0.7920430951627905,-0.7933371507847552,-0.7943090797913321,-0.7949576938859917,-0.7952821995224238,-0.7952821995224238,-0.7949576938859917,-0.7943090797913321,-0.7933371507847552,-0.7920430951627905,-0.7904284935511328,-0.7884953156873227,-0.7862459164163311,-0.7836830309104412,-0.7808097691270115,-0.7776296095198402,-0.7741463920219294,-0.7703643103194646,-0.7662879034387694,-0.7619220466698544,-0.7572719418519664,-0.7523431070482257,-0.747141365638032,-0.7416728348574093,-0.7359439138188387,-0.7299612710434006,-0.7237318315391978,-0.7172627634610717,-0.7105614643875312,-0.7036355472516089,-0.6964928259630163,-0.6891413007595116,-0.6815891433257976,-0.6738446817185472,-0.6659163851363065,-0.6578128485730479,-0.6495427773940429,-0.6411149718725018,-0.6325383117250717,-0.6238217406838233,-0.6149742511417697,-0.6060048689082623,-0.5969226381098083,-0.5877366062709404,-0.5784558096087646,-0.5690892585737076,-0.5596459236677913,-0.5501347215704959,-0.5405645016009077,-0.5309440325434411,-0.52128198986292,-0.5115869433332734,-0.5018673451024934,-0.492131518214862,-0.48238764560978026],[-0.48892839550432937,-0.49880438640533814,-0.5086722224960828,-0.5185236098837402,-0.5283501126709081,-0.5381431641059423,-0.5478940782163573,-0.5575940619056976,-0.5672342274925872,-0.5768056056689981,-0.5862991588531615,-0.5957057949109807,-0.6050163812182897,-0.6142217590348689,-0.6233127581597537,-0.6322802118360796,-0.6411149718725018,-0.6498079239471101,-0.6583500030587358,-0.6667322090896265,-0.6749456224426496,-0.6829814197154784,-0.690830889373623,-0.6984854473836947,-0.7059366527679362,-0.7131762230408267,-0.7201960494884586,-0.7269882122514145,-0.7335449951720225,-0.7398589003671506,-0.7459226624881166,-0.7517292626298315,-0.7572719418519664,-0.7625442142757336,-0.7675398797207982,-0.7722530358478854,-0.7766780897738189,-0.7808097691270115,-0.7846431325128312,-0.7881735793597718,-0.7913968591189715,-0.7943090797913321,-0.7969067157582982,-0.7991866148942396,-0.8011460049403556,-0.80278249912206,-0.8040941009939131,-0.8050792084983333,-0.8057366172265409,-0.8060655228724396,-0.8060655228724396,-0.8057366172265409,-0.8050792084983333,-0.8040941009939131,-0.80278249912206,-0.8011460049403556,-0.7991866148942396,-0.7969067157582982,-0.7943090797913321,-0.7913968591189715,-0.7881735793597718,-0.7846431325128312,-0.7808097691270115,-0.7766780897738189,-0.7722530358478854,-0.7675398797207982,-0.7625442142757336,-0.7572719418519663,-0.7517292626298315,-0.7459226624881166,-0.7398589003671506,-0.7335449951720227,-0.7269882122514145,-0.7201960494884586,-0.7131762230408266,-0.7059366527679362,-0.6984854473836947,-0.690830889373623,-0.6829814197154784,-0.6749456224426496,-0.6667322090896265,-0.6583500030587357,-0.6498079239471101,-0.6411149718725018,-0.6322802118360796,-0.6233127581597537,-0.6142217590348689,-0.6050163812182897,-0.5957057949109809,-0.5862991588531615,-0.5768056056689981,-0.5672342274925872,-0.5575940619056976,-0.5478940782163572,-0.5381431641059423,-0.5283501126709083,-0.5185236098837402,-0.5086722224960828,-0.4988043864053381,-0.48892839550432937],[-0.49535562558325674,-0.5053614417641261,-0.515