{"data":[{"type":"contour","x":[-2.0,-1.9595959595959596,-1.9191919191919191,-1.878787878787879,-1.8383838383838385,-1.797979797979798,-1.7575757575757576,-1.7171717171717171,-1.6767676767676767,-1.6363636363636362,-1.595959595959596,-1.5555555555555556,-1.5151515151515151,-1.4747474747474747,-1.4343434343434343,-1.393939393939394,-1.3535353535353534,-1.3131313131313131,-1.2727272727272727,-1.2323232323232323,-1.191919191919192,-1.1515151515151514,-1.1111111111111112,-1.0707070707070707,-1.0303030303030303,-0.9898989898989898,-0.9494949494949494,-0.9090909090909092,-0.8686868686868687,-0.8282828282828283,-0.7878787878787878,-0.7474747474747474,-0.707070707070707,-0.6666666666666667,-0.6262626262626263,-0.5858585858585859,-0.5454545454545454,-0.505050505050505,-0.46464646464646475,-0.4242424242424243,-0.38383838383838387,-0.3434343434343434,-0.303030303030303,-0.26262626262626254,-0.22222222222222232,-0.18181818181818188,-0.14141414141414144,-0.101010101010101,-0.06060606060606055,-0.02020202020202011,0.020202020202020332,0.06060606060606055,0.10101010101010122,0.14141414141414144,0.18181818181818166,0.22222222222222232,0.26262626262626254,0.3030303030303032,0.3434343434343434,0.38383838383838365,0.4242424242424243,0.46464646464646453,0.5050505050505052,0.5454545454545454,0.5858585858585861,0.6262626262626263,0.6666666666666665,0.7070707070707072,0.7474747474747474,0.7878787878787881,0.8282828282828283,0.8686868686868685,0.9090909090909092,0.9494949494949494,0.9898989898989901,1.0303030303030303,1.0707070707070705,1.1111111111111112,1.1515151515151514,1.191919191919192,1.2323232323232323,1.272727272727273,1.3131313131313131,1.3535353535353534,1.393939393939394,1.4343434343434343,1.474747474747475,1.5151515151515151,1.5555555555555554,1.595959595959596,1.6363636363636362,1.676767676767677,1.7171717171717171,1.7575757575757578,1.797979797979798,1.8383838383838382,1.878787878787879,1.9191919191919191,1.9595959595959598,2.0],"y":[-2.0,-1.9595959595959596,-1.9191919191919191,-1.878787878787879,-1.8383838383838385,-1.797979797979798,-1.7575757575757576,-1.7171717171717171,-1.6767676767676767,-1.6363636363636362,-1.595959595959596,-1.5555555555555556,-1.5151515151515151,-1.4747474747474747,-1.4343434343434343,-1.393939393939394,-1.3535353535353534,-1.3131313131313131,-1.2727272727272727,-1.2323232323232323,-1.191919191919192,-1.1515151515151514,-1.1111111111111112,-1.0707070707070707,-1.0303030303030303,-0.9898989898989898,-0.9494949494949494,-0.9090909090909092,-0.8686868686868687,-0.8282828282828283,-0.7878787878787878,-0.7474747474747474,-0.707070707070707,-0.6666666666666667,-0.6262626262626263,-0.5858585858585859,-0.5454545454545454,-0.505050505050505,-0.46464646464646475,-0.4242424242424243,-0.38383838383838387,-0.3434343434343434,-0.303030303030303,-0.26262626262626254,-0.22222222222222232,-0.18181818181818188,-0.14141414141414144,-0.101010101010101,-0.06060606060606055,-0.02020202020202011,0.020202020202020332,0.06060606060606055,0.10101010101010122,0.14141414141414144,0.18181818181818166,0.22222222222222232,0.26262626262626254,0.3030303030303032,0.3434343434343434,0.38383838383838365,0.4242424242424243,0.46464646464646453,0.5050505050505052,0.5454545454545454,0.5858585858585861,0.6262626262626263,0.6666666666666665,0.7070707070707072,0.7474747474747474,0.7878787878787881,0.8282828282828283,0.8686868686868685,0.9090909090909092,0.9494949494949494,0.9898989898989901,1.0303030303030303,1.0707070707070705,1.1111111111111112,1.1515151515151514,1.191919191919192,1.2323232323232323,1.272727272727273,1.3131313131313131,1.3535353535353534,1.393939393939394,1.4343434343434343,1.474747474747475,1.5151515151515151,1.5555555555555554,1.595959595959596,1.6363636363636362,1.676767676767677,1.7171717171717171,1.7575757575757578,1.797979797979798,1.8383838383838382,1.878787878787879,1.9191919191919191,1.9595959595959598,2.0],"z":[[2.0650845800732873,2.0347518782788194,2.005238414649419,1.9765473929649153,1.948682258333127,1.9216467127080978,1.895444731152148,1.870080578826928,1.8455588286862818,1.8218843798288478,1.7990624764506529,1.7770987273171448,1.7559991256497842,1.7357700692941749,1.7164183810043805,1.697951328641333,1.680376645041802,1.6637025472682074,1.6479377548986145,1.633091506960808,1.6191735770548434,1.6061942861457312,1.5941645124431367,1.5830956977197455,1.5729998493565567,1.5638895373445174,1.5557778854211468,1.5486785554822073,1.5426057243869091,1.5375740522759886,1.5335986415511187,1.5306949857275631,1.5288789074757523,1.5281664853168146,1.5285739686363606,1.5301176809323653,1.5328139115168216,1.5366787962437103,1.5417281882307037,1.5479775199676,1.555441658645004,1.5641347569722135,1.5740701021600692,1.5852599660966338,1.5977154600143015,1.6114463971108404,1.6264611666223934,1.6427666227379407,1.6603679914848866,1.6792687983066887,1.6994708185087088,1.7209740520909471,1.743776723748042,1.7678753080365348,1.793264578929022,1.8199376822365239,1.8478862287228963,1.8771004051903721,1.907569100406557,1.9392800424833874,1.9722199442100243,2.0063746528771684,2.0417293012942155,2.078268456971367,2.115976266790951,2.154836594898987,2.1948331519834814,2.2359496145464597,2.2781697332023105,2.3214774294299065,2.365856880558817,2.411292593073777,2.4577694645731167,2.505272834916096,2.5537885272435075,2.603302879659587,2.6538027684268157,2.7052756235542477,2.757709437660883,2.8110927689740355,2.8654147392840406,2.9206650276258874,2.9768338603995206,3.0339119985771554,3.091890722580727,3.1507618153478147,3.2105175440416502,3.2711506408012996,3.3326542828726997,3.395022072410249,3.458248016192484,3.522326505453959,3.587252295998645,3.653020488727906,3.719626510687896,3.7870660967169654,3.8553352717527942,3.924430333841338,3.994347837874779,4.065084580073288],[2.0347518782788194,2.0042003707253775,1.9744620012449086,1.94553982849934,1.9174371567345774,1.8901575526992154,1.8637048634998041,1.838083235397119,1.8132971335363184,1.789351362589594,1.7662510882725035,1.7440018596741307,1.7226096323160902,1.7020807918256433,1.6824221780733197,1.6636411095849377,1.6457454079913152,1.6287434222258863,1.6126440521206313,1.5974567709841232,1.583191646672265,1.5698593605830093,1.5574712239219983,1.546039190498157,1.5355758652191267,1.5260945073690249,1.5176090276693346,1.510133978052786,1.5036845330258501,1.4982764614650599,1.4939260876937388,1.4906502407275972,1.488466190669003,1.4873915713793242,1.4874442887743553,1.488642414375294,1.4910040641100086,1.494547262795112,1.4992897952323465,1.505249045410272,1.5124418258950265,1.5208842000957277,1.5305913006686809,1.54157714784276,1.553854471866717,1.5674345440589308,1.582327021046729,1.5985398066896979,1.6160789358748278,1.63494848385107,1.6551505040530903,1.676684996480888,1.699549907699799,1.7237411624608705,1.7492527258771127,1.7760766940889394,1.8042034104690226,1.833621603698984,1.8643185435300709,1.8962802097334102,1.9294914696526964,1.9639362598788108,1.9995977678456174,2.036458609564554,2.07450100023388,2.1137069150369814,2.154058238045991,2.1955368977397103,2.2381249882023444,2.281804875572527,2.3265592897478884,2.372371401712719,2.419224887143695,2.467103977164284,2.5159934972680147,2.565878895522157,2.6167462612052277,2.6685823350331095,2.7213745120981607,2.775110838591457,2.8297800033073557,2.8853713248479043,2.9418747353571995,2.999280761526669,3.0575805035243317,3.1167656124167538,3.1768282665731187,3.2377611474676056,3.2995574152296863,3.3622106842320996,3.4257149989532305,3.4900648103039957,3.555254952568836,3.621280621075562,3.6881373506790136,3.7558209951184156,3.824327707287219,3.8936539204368277,3.9637963303213373,4.034751878278819],[2.005238414649419,1.9744620012449086,1.9444921410021976,1.915331713903556,1.8869838478400456,1.8594519369020819,1.8327396608185154,1.8068510055728082,1.78179028521497,1.7575621648751318,1.734171684968412,1.7116242865605233,1.6899258378386788,1.6690826616021073,1.6491015636501416,1.6299898619025717,1.6117554160360037,1.594406657360585,1.577952618592946,1.5624029631030907,1.5477680131249316,1.5340587763223126,1.5212869699952283,1.509465042095751,1.4986061881019372,1.4887243626737447,1.4798342848920272,1.4719514357656822,1.4650920465902606,1.459273076662773,1.4545121788126374,1.4508276512097973,1.4482383739712532,1.4467637292202442,1.4464235034713904,1.4472377715318034,1.4492267615307193,1.4524107012219332,1.4568096463403744,1.4624432925241362,1.4693307731134677,1.4774904459751266,1.4869396733299127,1.497694599330144,1.5097699307833992,1.5231787268889003,1.5379322040878431,1.5540395620839789,1.5715078367381246,1.5903417848743855,1.6105438050764058,1.632113897344185,1.6550496630940796,1.6793463455019846,1.7049969087070822,1.7319921530056215,1.7603208619564066,1.789969976360216,1.82092478940947,1.8531691569518514,1.8866857167665605,1.921456110986839,1.9574612062724381,1.9946813069852647,2.0330963573903897,2.0726861297340164,2.113430395886911,2.1553090810419606,2.198302398684545,2.242390966691425,2.2875559049456013,2.333778915277129,2.381042344856591,2.4293292343869766,2.478623352572735,2.5289092184049675,2.5801721128028214,2.6323980811063397,2.685573927837464,2.739687205044124,2.794726195426323,2.8506798913202194,2.907537970491898,2.9652907695713573,3.0239292558419657,3.083444997993576,3.1438301363495826,3.2050773529901937,3.2671798421160787,3.3301312809280077,3.393925801238768,3.4585579619826476,3.524022722744525,3.590315418394273,3.6574317348818797,3.7253676862238843,3.794119592691435,3.8636840601941165,3.9340579608408692,4.005238414649419],[1.9765473929649153,1.94553982849934,1.915331713903556,1.8859257124672626,1.857324735272868,1.8295319607800153,1.8025508557871235,1.7763851978279726,1.751039099054158,1.7265170316440652,1.7028238547653216,1.6799648430996916,1.657945716916337,1.6367726736502706,1.616452420906723,1.5969922107678693,1.5783998752247406,1.5606838624929515,1.5438532738948478,1.5279179009017048,1.5128882618266581,1.4987756375414574,1.4855921054576835,1.473350570866172,1.4620647945684602,1.451749415563662,1.442419967377457,1.4340928864428388,1.426785510773264,1.4205160670185824,1.4153036438763,1.4111681497615023,1.408130252637079,1.4062112999923475,1.405433217154361,1.4058183824427695,1.4073894781538159,1.4101693169938554,1.4141806443807208,1.4194459179833094,1.4259870669516648,1.4338252344601248,1.4429805083854192,1.4534716460939459,1.4653158003293942,1.4785282539788982,1.493122171961752,1.5091083785517851,1.5264951680600067,1.5452881559494593,1.5654901761514797,1.5871012286660673,1.6101184795618861,1.6345363133758934,1.6603464357970799,1.6875380225516166,1.7160979087202084,1.7460108114157222,1.7772595778944682,1.8098254507900484,1.8436883422257337,1.8788271090271853,1.9152198220443606,1.9528440236083613,1.9916769683013555,2.0316958434169874,2.072877966659014,2.1152009597077863,2.1586428972362497,2.203182431755088,2.2487988953014106,2.295472379460132,2.343183795533748,2.3919149168724063,2.4416484054626526,2.4923678248714904,2.544057641573242,2.5967032165687947,2.6502907890566085,2.7048074537458504,2.760241133224937,2.816580546622121,2.873815175624265,2.9319352287600937,2.9909316047072636,3.0507958552501573,3.1115201483977453,3.1730972320678523,3.2355203986552468,3.2987834507249176,3.3628806680077012,3.4278067758218347,3.4935569149996897,3.5601266133628817,3.6275117587598134,3.6957085736567055,3.7647135912551413,3.834523633095475,3.9051357880952997,3.9765473929649153],[1.948682258333127,1.9174371567345774,1.8869838478400456,1.857324735272868,1.8284624672859693,1.800399957497325,1.7731404072425188,1.7466873296374952,1.7210445754412784,1.6962163608023602,1.6722072969629413,1.6490224219813827,1.6266672345141326,1.6051477296728558,1.5844704369392384,1.5646424600774362,1.545671518930742,1.5275659929229115,1.5103349660037968,1.49398827268144,1.4785365446665835,1.4639912575188476,1.450364776525115,1.4376704008589993,1.4259224048657713,1.4151360750910624,1.4053277414272387,1.396514800494123,1.3887157291092762,1.3819500854495408,1.3762384952763855,1.3716026204138525,1.3680651065553149,1.3656495074640151,1.3643801827559714,1.3642821667473708,1.3653810063456042,1.3677025666918428,1.371272804241325,1.3761175081968786,1.3822620126713678,1.3897308835982134,1.398547586158312,1.4087341402385856,1.4203107730482758,1.4332955793434787,1.447704200595532,1.4635495347477319,1.4808414878361105,1.499586777656147,1.5197887978581672,1.541447548442171,1.564559635757833,1.5891183420096735,1.6151137611616604,1.642532995270498,1.671360402864848,1.7015778891886153,1.7331652270325566,1.7661003965097515,1.8003599324393031,1.8359192688877894,1.872753071742348,1.9108355518001496,1.9501407526059573,1.9906428090185977,2.0323161741306817,2.075135813626022,2.1190773678885995,2.164117283155174,2.2102329137323693,2.257402597796145,2.305605709585032,2.3548226909221883,2.4050350649900523,2.4562254351688013,2.50837747156607,2.5614758876362265,2.615506409033999,2.6704557365857755,2.7263115050046722,2.7830622387310697,2.840697306054224,2.8992068724660953,2.9585818540168303,3.0188138712826724,3.079895204420331,3.141818749665648,3.204577977536938,3.2681668929225376,3.332579997165997,3.397812252208955,3.4638590468092123,3.5307161648182763,3.598379755477123,3.6668463056698073,3.7361126140607466,3.8061757670319647,3.877033116330537,3.948682258333127],[1.9216467127080978,1.8901575526992154,1.8594519369020819,1.8295319607800153,1.800399957497325,1.7720585195776628,1.744510522423146,1.7177591498277993,1.691807921620918,1.6666607235757271,1.64232183971544,1.6187959871415882,1.5960883534971853,1.574204637158565,1.553151090223035,1.5329345643228685,1.5135625592475257,1.495043274292794,1.4773856621749661,1.4605994852471642,1.4446953736300925,1.4296848847174621,1.4155805633336884,1.402396001605166,1.3901458973541736,1.3788461095351248,1.368513708907256,1.3591670217794394,1.3508256642788647,1.3435105641979124,1.3372439670808172,1.332049422849055,1.3279517489652173,1.324976965941564,1.3231522009615135,1.3225055555565852,1.323065933727237,1.3248628276708123,1.3279260594305047,1.3322854783333775,1.3379706160399853,1.3450103033384226,1.3534322553865992,1.3632626347881471,1.3745256044772605,1.3872428846432134,1.4014333295853052,1.4171125412055798,1.4342925356216116,1.4529814780028822,1.4731834982049024,1.4948985962276722,1.5181226422156808,1.5428474709994466,1.569061066461395,1.5967478266994828,1.6258888974144097,1.6564625584169028,1.688444646772766,1.721808999878369,1.7565279025758018,1.7925725240769692,1.8299133327213175,1.8685204791817824,1.9083641414151715,1.9494148272241398,1.99164363260823,2.0350224560359242,2.0795241703238023,2.1251227549596052,2.1717933924807404,2.2195125329657337,2.2682579308703485,2.3180086584022055,2.368745099434115,2.420448927657204,2.4731030723122363,2.5266916744447996,2.5812000362326133,2.6366145655492845,2.6929227175703963,2.750112934902239,2.808174587424107,2.867097912782879,2.9268739582622625,2.9874945245664692,3.04895211190604,3.1112398686487004,3.174351542697144,3.2382814356750362,3.3030243599393634,3.3685755983885954,3.434930866999516,3.502086279998904,3.5700383175574606,3.6387837958811633,3.7083198395678942,3.7786438560940008,3.8497535122951754,3.921646712708098],[1.895444731152148,1.8637048634998041,1.8327396608185154,1.8025508557871235,1.7731404072425188,1.744510522423146,1.7166636813082286,1.6896026632313164,1.6633305759558354,1.637850887407922,1.6131674602672357,1.5892845896187684,1.5662070438666984,1.5439401091036713,1.5224896371136845,1.5018620971618644,1.4820646316871464,1.4631051159610995,1.444992221704051,1.4277354845540076,1.4113453751596214,1.3958333735101538,1.381212045917018,1.3674951238169755,1.3546975832702393,1.3428357236723913,1.331927243783281,1.3219913126977023,1.3130486328445246,1.305121491511731,1.298233796771188,1.2924110930459833,1.2876805509646962,1.2840709256357643,1.2816124771220823,1.2803368467878888,1.2802768834265588,1.2814664137656715,1.2839399531873443,1.287732354380985,1.29287839420747,1.2994123022824722,1.307367238583945,1.3167747315571325,1.3276640924278418,1.3400618253460297,1.353991056111329,1.3694710041177054,1.3865165223970795,1.4051377289814284,1.4253397491834487,1.44712258300314,1.4704811051278064,1.4954051975254705,1.5218800071642113,1.549886314650064,1.5794009941833949,1.6103975416142482,1.6428466457168156,1.6767167780458538,1.7119747786234092,1.7485864178338089,1.7865169188161767,1.825731428881104,1.866195432646475,1.9078751033847088,1.9507375923024304,1.9947512580354032,2.0398858405207307,2.0861125846499764,2.1334043197945594,2.181735501531393,2.2310822217886117,2.2814221932782304,2.332734713571382,2.3850006135732698,2.438202194524046,2.492323157028129,2.5473485250253054,2.6032645670788135,2.6600587168772396,2.717719494431324,2.7762364290924126,2.8355999852225,2.8958014911012584,2.956833071457119,3.018687583851146,3.0813585590182138,3.144840145174323,3.2091270562268317,3.2742145237715583,3.3400982527235126,3.406774380403034,3.4742394388839863,3.542490320402944,3.6115242456263568,3.6813387345750024,3.7519315800104343,3.8233008230957637,3.895444731152148],[1.870080578826928,1.838083235397119,1.8068510055728082,1.7763851978279726,1.7466873296374952,1.7177591498277993,1.6896026632313164,1.6622201578712992,1.6356142349212237,1.6097878417005513,1.5847443079854235,1.5604873859280868,1.5370212938914387,1.514350764513628,1.4924810973202929,1.4714182161964813,1.4511687320135502,1.4317400106747515,1.4131402467921728,1.3953785431316683,1.3784649958546922,1.36241078543863,1.3472282729611527,1.3329311011789502,1.3195342995056172,1.3070543915855934,1.2955095036593947,1.2849194713097107,1.2753059414615806,1.2666924656817415,1.2591045798905238,1.2525698645858272,1.247117978622424,1.2427806585544143,1.2395916746259967,1.2375867338101414,1.2368033200036308,1.2372804617763147,1.2390584191452625,1.242178282898832,1.2466814831923936,1.252609208557233,1.2600017420590193,1.268897727888704,1.2793333887356781,1.2913417212389862,1.304951702825539,1.3201875474333078,1.3370680491482534,1.355606051042074,1.375808071244094,1.397674109754314,1.421197648443409,1.4463658442396805,1.473159903057168,1.5015556109579005,1.5315239905149665,1.5630320450893223,1.5960435519915763,1.6305198670307774,1.6664207071412562,1.703704883791727,1.74233096682682,1.7822578654581762,1.8234453196687275,1.865854300888623,1.9094473252210806,1.954188685693131,2.0000446120605746,2.046983367769312,2.09497529396457,2.143992810148449,2.19401038040062,2.245004453154344,2.2969533814845837,2.3498373298086475,2.403638171886021,2.458339384072264,2.5139259369537816,2.570384187773884,2.6277017754549004,2.6858675195194457,2.7448713238060645,2.8047040855489036,2.8653576101358755,2.926824531663727,2.9890982392611027,3.052172809042954,3.1160429414836415,3.1807039039450196,3.2461514780641876,3.3123819116889006,3.3793918750430163,3.4471784208070746,3.5157389478075975,3.585071168021333,3.6551730766158514,3.7260429247647275,3.797679194993079,3.870080578826928],[1.8455588286862818,1.8132971335363184,1.78179028521497,1.751039099054158,1.7210445754412784,1.691807921620918,1.6633305759558354,1.6356142349212237,1.6086608831340283,1.5824728267485164,1.5570527305800828,1.5324036593508885,1.5085291234826015,1.4854331298920964,1.4631202382739568,1.441595623376808,1.4208651437960542,1.4009354178096771,1.3818139067713964,1.3635090065403361,1.3460301473602139,1.3293879024938469,1.3135941057579485,1.2986619778735051,1.284606261230648,1.2714433622429944,1.2591914999118443,1.2478708585107567,1.237503741411512,1.2281147219820514,1.2197307861818283,1.2123814599600151,1.2060989128490383,1.20091802729451,1.1968764213722745,1.1940144107714121,1.1923748944951673,1.1920031479511723,1.1929465073387715,1.195253930912184,1.1989754262211867,1.204161338148367,1.210861500639312,1.2191242653300287,1.228995432279684,1.2405171207089012,1.2537266295610687,1.2686553470648427,1.2853277734481179,1.3037607200231407,1.3239627402251608,1.3459338340541784,1.3696654480749437,1.3951407709752102,1.4223353025270828,1.4512176545019064,1.4817505279562913,1.5138918036696154,1.54759568158271,1.5828138100595703,1.6194963551546082,1.657592971985236,1.6970536530016775,1.7378294399497127,1.7798729966299982,1.8231390476349008,1.8675846939611764,1.9131696199197452,1.9598562074347625,2.0076095740606164,2.05639755026488,2.1061906100983805,2.1569617676016657,2.2086864494067937,2.2613423521419844,2.314909291533678,2.369369048580576,2.42470521686906,2.4809030540089982,2.5379493392794057,2.5958322388635686,2.6545411794986693,2.7140667309409903,2.7744004973314076,2.835535017316202,2.8974636726173912,2.9601806046395716,3.023680638634117,3.0879592149064443,3.1530123265396788,3.2188364631121527,3.285428559901705,3.352785952092941,3.4209063335315935,3.4897877196007165,3.5594284138251164,3.629826977842037,3.7009822044068894,3.7728930931322786,3.845558828686282],[1.8218843798288478,1.789351362589594,1.7575621648751318,1.7265170316440652,1.6962163608023602,1.6666607235757271,1.637850887407922,1.6097878417005513,1.5824728267485164,1.5559073662678102,1.5300933039591114,1.5050328446015089,1.480728600225522,1.4571836419729458,1.4344015583120566,1.4123865203389976,1.3911433549576013,1.3706776267873984,1.3509957296986397,1.3321049889077294,1.3140137745780491,1.2967316278485228,1.2802694001405657,1.264639406453914,1.2498555931287008,1.235933720194094,1.2228915579051516,1.210749096344252,1.199528765979808,1.1892556657762923,1.1799577937782497,1.1716662729953486,1.1644155628614012,1.158243643527848,1.153192156839343,1.1493064841715919,1.1466357376581617,1.1452326381204911,1.1451532508550613,1.1464565501222017,1.1492037856669954,1.1534576308688593,1.1592811029973,1.1667362619596364,1.1758827145276645,1.186775974942287,1.1994657574290115,1.2139942978354386,1.2303948160546003,1.248690234132274,1.2688922543342942,1.2910008766606609,1.3150043988455398,1.340879898843153,1.368594156760469,1.3981049367498868,1.429362524585899,1.4623114060276032,1.4968919743032028,1.533042169505379,1.570698974364626,1.609799715501526,1.6502831431709963,1.6920902831127071,1.735165070030178,1.7794547831019694,1.8249103101945143,1.8714862699321084,1.919141020470096,1.9678365816570378,2.017538494059121,2.068215634666677,2.119840005435161,2.172386507400101,2.2258327100930844,2.2801586234317313,2.3353464771609844,2.391380511251677,2.448246779363674,2.505932966497241,2.564428221230962,2.623723002425913,2.6838089399187117,2.7446787084929545,2.806325914278392,2.8687449926554907,2.931931116720421,2.9958801153770374,3.0605884001570645,3.126052899918707,3.1922710026314465,3.2592405035161938,3.3269595588722685,3.39542664498368,3.464640521555525,3.5346001991861984,3.6053049104319443,3.676754084067051,3.748947322185554,3.8218843798288478],[1.7990624764506529,1.7662510882725035,1.734171684968412,1.7028238547653216,1.6722072969629413,1.64232183971544,1.6131674602672357,1.5847443079854235,1.5570527305800828,1.5300933039591114,1.5038668662271364,1.4783745564092072,1.453617858560154,1.4295986520103352,1.4063192685984909,1.383782557852748,1.3619919612011255,1.340951596422084,1.3206663536815435,1.30114200464146,1.2823853262603426,1.264404241028628,1.2472079754777825,1.2308072388516553,1.215214423804375,1.2004438308531857,1.1865119180163632,1.1734375765390457,1.1612424327679451,1.1499511749725788,1.1395919020972,1.1301964889160991,1.1218009586971642,1.114445850104103,1.1081765595767572,1.1030436338039116,1.09910297929476,1.096415947883042,1.0950492490682686,1.0950746337195838,1.096568290718455,1.0996099010010763,1.104281304864037,1.1106647607496538,1.118840808365079,1.128885795083579,1.1408691781350426,1.1548507684998297,1.1708781250604183,1.188984327867885,1.2091863480699052,1.2314841856664789,1.2558608695099307,1.282283319549184,1.3107039769017605,1.3410630305873013,1.3732910233759164,1.40731160789434,1.4430442444354197,1.480406674556839,1.519317057962008,1.5596957137147331,1.6014664529335472,1.6445575247493054,1.6889022196624977,1.7344391858393835,1.7811125167707695,1.828871665767871,1.8776712363908465,1.9274706899759881,1.978234003255407,2.0299293014548137,2.082528485629955,2.1360068675113126,2.190342820752176,2.2455174541074054,2.301514309558726,2.3583190865888937,2.4159193925437794,2.474304518179535,2.533465236964692,2.5933936264088167,2.654082909553397,2.715527314736479,2.777721951792142,2.840662702941925,2.9043461267578103,2.968769373711669,3.033930111964762,3.0998264621867326,3.166456940322748,3.23382040734776,3.3019160251571407,3.3707432178429935,3.440301637695238,3.51059113534678,3.5816117335532005,3.6533636041603312,3.7258470478684638,3.799062476450653],[1.7770987273171448,1.7440018596741307,1.7116242865605233,1.6799648430996916,1.6490224219813827,1.6187959871415882,1.5892845896187684,1.5604873859280868,1.5324036593508885,1.5050328446015089,1.4783745564092072,1.4524286226412877,1.4271951226962927,1.4026744320157492,1.3788672737017704,1.3557747783884813,1.3333985537004345,1.3117407648436337,1.2908042281167966,1.270592519403751,1.2511101000126865,1.2323624625625391,1.2143562999755915,1.1970997010074718,1.1806023761119817,1.1648759177672492,1.149934099633014,1.1357932189935298,1.1224724867604152,1.1099944687140788,1.098385580442858,1.08767663631629,1.0779034494408806,1.069107474444631,1.0613364775988985,1.054645208664228,1.0490960354661025,1.0447594853504016,1.0417146176735859,1.040049129661011,1.0398590771249414,1.041248076475875,1.0443258522238983,1.0492060135775483,1.0560029937945248,1.0648281726001427,1.07578532374341,1.0889656730884791,1.1044429900722037,1.1222692290436278,1.142471249245648,1.1650490506782643,1.1899757740985801,1.2171994651575515,1.2466463544183246,1.278225216016747,1.3118322762038108,1.3473561552542015,1.3846824199102183,1.4236974609633253,1.4642915539034354,1.5063610823200504,1.5498099904009068,1.594550580920648,1.6405037945228145,1.6875991038615246,1.7357741411112975,1.7849741565115878,1.8351513837910374,1.8862643683216458,1.9382772969969073,1.9911593554472835,2.0448841280844388,2.0994290491279637,2.1547749076662392,2.2109054064150118,2.267806771714542,2.3254674110867026,2.38387761407769,2.4430292919318783,2.5029157517269836,2.56353150084407,2.624872077974947,2.686933907235788,2.7497141723278755,2.8132107080452045,2.877421906763224,2.942346637847808,3.0079841781968426,3.0743341523688033,3.1413964809651453,3.209171336118566,3.277659103099804,3.346860347194526,3.416775785121386,3.487406260365221,3.5587527218875703,3.6308162057524425,3.7035978192700907,3.777098727317145],[1.7559991256497842,1.7226096323160902,1.6899258378386788,1.657945716916337,1.6266672345141326,1.5960883534971853,1.5662070438666984,1.5370212938914387,1.5085291234826015,1.480728600225522,1.453617858560154,1.4271951226962927,1.4014587339623992,1.3764071834224594,1.35203915075825,1.3283535506102688,1.3053495878061023,1.28302682318805,1.2613852520916415,1.2404253979340716,1.2201484238585976,1.2005562659611764,1.1816517923130956,1.1634389928020654,1.1459232057557451,1.1291113883921113,1.113012439355579,1.0976375829217875,1.0830008258298047,1.069119499016764,1.0560148975912185,1.0437130328648339,1.0322455096567382,1.0216505396138102,1.0119740958152368,1.0032712038539355,0.9956073477897099,0.9890599432422365,0.9837197916178373,0.9796923767341672,0.9770987975705403,0.9760760525729651,0.9767763137506555,0.9793647760864934,0.9840156762047567,0.9909061896909968,1.0002081794406399,1.0120781859116814,1.0266465673188239,1.0440071752361302,1.0642091954381503,1.0872526279248844,1.1130882869217826,1.1416223208547813,1.1727243715091786,1.206237898426979,1.241991038712756,1.279806616780959,1.3195103960073085,1.3609371814089242,1.4039348009765915,1.4483662562643018,1.4941104482927416,1.5410618932442555,1.5891297897125218,1.638236722077863,1.6883172062804763,1.7393162167274454,1.7911877803395813,1.8438936854700065,1.8974023272995924,1.9516876945166732,2.0067284920126967,2.0625073888505283,2.119010378291102,2.1762262360587754,2.2341460635091357,2.2927629034242067,2.3520714174763278,2.4120676157777896,2.472748630257304,2.534112524818915,2.596158136319363,2.658884941341456,2.722292944549663,2.786382585101684,2.8511546581699347,2.9166102491139143,2.9827506782518483,3.04957745451975,3.1170922365891585,3.1852968002502786,3.2541930110631556,3.323782801442456,3.3940681514769833,3.465051072897971,3.5367335957042156,3.6091177570305977,3.68220559191205,3.755999125649784],[1.7357700692941749,1.7020807918256433,1.6690826616021073,1.6367726736502706,1.6051477296728558,1.574204637158565,1.5439401091036713,1.514350764513628,1.4854331298920964,1.4571836419729458,1.4295986520103352,1.4026744320157492,1.3764071834224594,1.3507930487718554,1.3258281271581935,1.3015084943459512,1.2778302286964927,1.2547894443201724,1.232382333221639,1.2106052186496354,1.1894546224231428,1.1689273497155268,1.1490205956785333,1.129732079430994,1.111060212389288,1.0930043097613114,1.0755648563662805,1.0587438409045404,1.0425451765322056,1.0269752302594823,1.0120434894547181,0.9977634007308478,0.9841534247443412,0.9712383597378978,0.9590509963168606,0.9476341743829493,0.9370433172021159,0.9273495114723175,0.9186431760636884,0.9110382999279556,0.9046771080806553,0.8997348031501065,0.8964236981246623,0.8949955925991995,0.8957406998697801,0.8989809794999056,0.9050557234694949,0.9142981815772896,0.927004278483107,0.9433978344986913,0.9635998547007115,0.9876103390891675,1.0153082825873907,1.0464698648836364,1.0807991613180874,1.1179629220920024,1.157621855225462,1.1994540011549657,1.2431691465844499,1.2885154919190391,1.33528072417038,1.383289640710153,1.432400016522823,1.4824978626566612,1.5334927602415356,1.585313622579487,1.6379050264045643,1.6912241318150483,1.7452381482055954,1.7999222773335064,1.8552580585423106,1.9112320452190739,1.9678347499954496,2.02505980586123,2.0829032996603014,2.1413632426923184,2.2004391501380645,2.260131706789644,2.320442501230678,2.381373814342335,2.4429284509728677,2.505109605948912,2.5679207574514855,2.631365582231846,2.695447888285345,2.760171561501628,2.8255405235193303,2.8915586985739745,2.9582299875713045,3.025558247969931,3.093547278336582,3.1622008066597735,3.231522481685345,3.3015158666794293,3.3721844351383625,3.443531568056694,3.5155605524381492,3.5882745807940264,3.6616767514216035,3.735770069294175],[1.7164183810043805,1.6824221780733197,1.6491015636501416,1.616452420906723,1.5844704369392384,1.553151090223035,1.5224896371136845,1.4924810973202929,1.4631202382739568,1.4344015583120566,1.4063192685984909,1.3788672737017704,1.35203915075825,1.3258281271581935,1.3002270567100527,1.2752283942662845,1.2508241688364141,1.2270059552757624,1.2037648447294425,1.1810914141424438,1.1589756953340757,1.1374071444017666,1.1163746125980203,1.0958663203621735,1.075869836953308,1.0563720692204743,1.0373592646050251,1.0188170357086277,1.000730416992838,0.9830839688699196,0.9658619513039913,0.9490485991334923,0.9326285462776076,0.9165874682951682,0.9009130462614531,0.8855964055154791,0.8706342595239149,0.8560321054654895,0.8418089938429901,0.828004655961136,0.8146901500057866,0.8019836930845494,0.7900739234423633,0.7792531921507262,0.7699627239858674,0.7628474440020088,0.7588068891511534,0.7590058237103086,0.7647802971881075,0.7773794785124831,0.7975814987145033,0.825386357794168,0.8600159247204097,0.9002210305652948,0.9446656258201905,0.9921849462080897,1.0418794547769887,1.0931042264726663,1.1454180365188928,1.1985285338441702,1.2522470802035603,1.3064554584894548,1.3610826105159946,1.4160888049784603,1.4714549913740653,1.5271756725240793,1.5832541349618348,1.6396992533483146,1.6965233466082397,1.7537407391827795,1.8113667971527478,1.869417285679706,1.9279079447995369,1.9868542140999745,2.046271059119464,2.1061728672563382,2.166573391069244,2.2274857237091314,2.288922295916918,2.3508948872532676,2.413414646465676,2.476492117456716,2.5401372684070758,2.6043595223717677,2.6691677882056783,2.734570491053487,2.8005756019056687,2.8671906659097655,2.9344228292573256,3.002278864558087,3.070765194675693,3.1398879150416334,3.20965281449201,3.280065394689443,3.351130888202833,3.422854275323076,3.495240299694602,3.5682934828420607,3.6420181376692793,3.7164183810043805],[1.697951328641333,1.6636411095849377,1.6299898619025717,1.5969922107678693,1.5646424600774362,1.5329345643228685,1.5018620971618644,1.4714182161964813,1.441595623376808,1.4123865203389976,1.383782557852748,1.3557747783884813,1.3283535506102688,1.3015084943459512,1.2752283942662845,1.2495011001008556,1.2243134107036502,1.199650938619856,1.175497950948595,1.1518371811756776,1.128649605170232,1.105914172562803,1.0836074820533208,1.0617033855470854,1.0401725009570746,1.018981606393198,0.998092878284659,0.9774629211791184,0.9570415150047694,0.936769972302181,0.9165789462710574,0.8963854480931481,0.8760886965604395,0.855564192538535,0.8346550024838579,0.8131584773611662,0.7908051465733839,0.767223408532471,0.7418765382663469,0.7139405687780641,0.6820393631939287,0.6435681759759861,0.5924428977410862,0.5059747938913594,0.48480641534622826,0.599237338803304,0.6614783766763739,0.7057847633898282,0.7398090192686007,0.7663937558577156,0.7865957760597357,0.8004150798746612,0.8067948643999294,0.8028925180905153,0.7810555206214866,0.7070286375684506,0.7686010565176219,0.8954732007713893,0.9870025194103296,1.0658777470323124,1.1381829930204885,1.2065230029128116,1.2722739135829761,1.3362596920279293,1.3990170632197525,1.4609176287464842,1.5222308592052012,1.5831594036311467,1.6438601955678955,1.7044577341498452,1.7650528005850092,1.8257283836916378,1.8865538302700275,1.9475878277796084,2.0088805962921885,2.070475531260105,2.1324104562541555,2.194718593164432,2.2574293240779544,2.320568797089424,2.38416041349891,2.4482252236758684,2.512782251751169,2.5778487642390036,2.6434404940402496,2.709571828609719,2.776255969093426,2.843505065761784,2.9113303339440364,2.979742153812344,3.048750156702634,3.118363300144485,3.188589933368198,3.2594378547376226,3.3309143623026665,3.403026298461274,3.475780089555748,3.549181781094491,3.6232370691808975,3.697951328641333],[1.680376645041802,1.6457454079913152,1.6117554160360037,1.5783998752247406,1.545671518930742,1.5135625592475257,1.4820646316871464,1.4511687320135502,1.4208651437960542,1.3911433549576013,1.3619919612011255,1.3333985537004345,1.3053495878061023,1.2778302286964927,1.2508241688364141,1.2243134107036502,1.198278006383283,1.1726957431352827,1.1475417606571772,1.1227880811162003,1.0984030265550022,1.0743504891328897,1.0505890065370311,1.0270705757102292,1.00373910944092,0.9805283967908169,0.9573593603268074,0.9341362940212826,0.9107415851343538,0.8870281137768885,0.8628079705799406,0.8378350952556074,0.8117773774751101,0.7841693699900987,0.7543265584556383,0.7211756122764686,0.6828749507595591,0.6357995260619667,0.5708556538123892,0.4453687332852956,0.5050567918118224,0.6118751691353437,0.6779397692547944,0.7280637696594585,0.7692730422553057,0.8046268014574453,0.8357287221743266,0.8635017737590687,0.8884946519141292,0.911020512275016,0.9312225324770362,0.9491007125201898,0.9645118747691698,0.977142863588468,0.9864449832756272,0.991495264477528,0.9906900322857211,0.9809700722850971,0.9553095125696871,0.8888951756502071,0.8696111575277199,1.0355021184588526,1.1408500311124716,1.2283294962141045,1.3070341981350546,1.3805891847182648,1.4508360366567652,1.5188480845458177,1.585309842730355,1.6506867584587288,1.7153109420597168,1.7794284538212222,1.8432272031121917,1.9068543098217567,1.9704273866898077,2.03404213974395,2.0977776464172995,2.1617001176481425,2.225865640648041,2.290322218474194,2.3551113134394326,2.42026903338445,2.485827056266596,2.5518133599186363,2.618252804643044,2.685167603179848,2.7525777034439676,2.8205011029576177,2.8889541092559896,2.9579515571607216,3.0275069913212374,3.0976328205637316,3.1683404491852674,3.239640389262904,3.3115423572273235,3.38405535731458,3.4571877540126197,3.530947335227923,3.6053413675872754,3.680376645041802],[1.6637025472682074,1.6287434222258863,1.594406657360585,1.5606838624929515,1.5275659929229115,1.495043274292794,1.4631051159610995,1.4317400106747515,1.4009354178096771,1.3706776267873984,1.340951596422084,1.3117407648436337,1.28302682318805,1.2547894443201724,1.2270059552757624,1.199650938619856,1.1726957431352827,1.146107877612323,1.1198502521495102,1.0938802179732565,1.0681483372578289,1.0425967854257643,1.0171572444030053,0.9917480769157404,0.9662704627445214,0.9406029981831334,0.9145939537780449,0.8880498422321355,0.8607179381256543,0.8322584039951911,0.8021974943865748,0.7698437323130467,0.7341245382536182,0.6932289635910464,0.6436829902485625,0.5771876418921276,0.46056788099673146,0.46465275140778006,0.5906528521845658,0.6635897263607368,0.7179795217459566,0.7624916727489672,0.8007732337476462,0.83472589356276,0.8654673228920361,0.8937037308602692,0.9199002966832432,0.9443680540407623,0.9673113440505231,0.988854526060551,1.0090565462625714,1.0279174046565838,1.0453781550508634,1.0613144380973847,1.0755219126784512,1.0876895451142583,1.0973521561890225,1.103803536777949,1.1059260161833107,1.1018179055843405,1.0878321506031612,1.055299316831031,0.9697032564582841,1.006022426451277,1.1630462277507134,1.2699456165111886,1.359895630257713,1.4411952453243257,1.517318479787794,1.5900762822653633,1.6605412322780193,1.7294048068125227,1.7971407513230446,1.8640889032729944,1.9305019880821237,1.9965734930475518,2.062455147622811,2.128268355514116,2.1941119369409154,2.2600675291770207,2.3262034502964886,2.392577524876783,2.459239190743636,2.526231096670636,2.59359033255925,2.661349389619197,2.7295369190676477,2.7981783383395653,2.8672963203991886,2.9369111923816797,3.0070412631510344,3.0777030945773545,3.1489117278464684,3.2206808735368577,3.293023072272592,3.3659498313067493,3.4394717412808307,3.5135985765525044,3.5883393818218465,3.6637025472682074],[1.6479377548986145,1.6126440521206313,1.577952618592946,1.5438532738948478,1.5103349660037968,1.4773856621749661,1.444992221704051,1.4131402467921728,1.3818139067713964,1.3509957296986397,1.3206663536815435,1.2908042281167966,1.2613852520916415,1.232382333221639,1.2037648447294425,1.175497950948595,1.1475417606571772,1.1198502521495102,1.0923698912733795,1.065037829801579,1.0377795198367974,1.010505499133161,0.9831069722587732,0.9554495968429942,0.9273645130242977,0.8986349882468694,0.868975794140572,0.8379999222394899,0.8051618544691155,0.7696539434874389,0.7301990859673233,0.6845800360588641,0.6283477176856603,0.5498937634251144,0.38476267267923814,0.49986221506021355,0.6064193498400856,0.6745484894113394,0.7268784902979671,0.7703630116214581,0.8081512643541727,0.8419569974648327,0.8728198264458384,0.9014162828617667,0.9282074859169889,0.9535168568029817,0.977574123155986,1.0005415272621563,1.022529886052849,1.0436084218885648,1.063810442090585,1.0831359466589094,1.1015516282722573,1.1189882645701275,1.1353350386211636,1.1504297081392112,1.1640425454880292,1.1758501294761414,1.185391340899176,1.1919896481925565,1.1946054358638825,1.191524954944432,1.1795989944618441,1.151873895294631,1.0857208009187984,1.0110252989418644,1.2165604300917803,1.3354184247563674,1.4320547835336113,1.5180778738461114,1.5979367717702673,1.6738487231559838,1.747090831330399,1.8184707436355216,1.8885339781458597,1.9576675433273278,2.0261566675500644,2.0942180833698845,2.162020650648312,2.229698711755989,2.2973610621248115,2.3650971640006526,2.4329815652808233,2.5010771141925305,2.569437344887989,2.6381082790728767,2.707129807969114,2.7765367672431567,2.846359783672352,2.9166259496411393,2.987359366062276,3.0585815835390733,3.13031196396389,3.2025679792798094,3.275365460154764,3.3487188043876346,3.4226411526827265,3.497144537784865,3.572240011716591,3.6479377548986145],[1.633091506960808,1.5974567709841232,1.5624029631030907,1.5279179009017048,1.49398827268144,1.4605994852471642,1.4277354845540076,1.3953785431316683,1.3635090065403361,1.3321049889077294,1.30114200464146,1.270592519403751,1.2404253979340716,1.2106052186496354,1.1810914141424438,1.1518371811756776,1.1227880811162003,1.0938802179732565,1.065037829801579,1.036170049018454,1.0071664585666564,0.9778908580826389,0.9481722894386618,0.9177917191828946,0.8864615526593365,0.8537927242765201,0.8192389260133244,0.7819954741845547,0.740798892832889,0.