{"data":[{"type":"contour","x":[-2.0,-1.9595959595959596,-1.9191919191919191,-1.878787878787879,-1.8383838383838385,-1.797979797979798,-1.7575757575757576,-1.7171717171717171,-1.6767676767676767,-1.6363636363636362,-1.595959595959596,-1.5555555555555556,-1.5151515151515151,-1.4747474747474747,-1.4343434343434343,-1.393939393939394,-1.3535353535353534,-1.3131313131313131,-1.2727272727272727,-1.2323232323232323,-1.191919191919192,-1.1515151515151514,-1.1111111111111112,-1.0707070707070707,-1.0303030303030303,-0.9898989898989898,-0.9494949494949494,-0.9090909090909092,-0.8686868686868687,-0.8282828282828283,-0.7878787878787878,-0.7474747474747474,-0.707070707070707,-0.6666666666666667,-0.6262626262626263,-0.5858585858585859,-0.5454545454545454,-0.505050505050505,-0.46464646464646475,-0.4242424242424243,-0.38383838383838387,-0.3434343434343434,-0.303030303030303,-0.26262626262626254,-0.22222222222222232,-0.18181818181818188,-0.14141414141414144,-0.101010101010101,-0.06060606060606055,-0.02020202020202011,0.020202020202020332,0.06060606060606055,0.10101010101010122,0.14141414141414144,0.18181818181818166,0.22222222222222232,0.26262626262626254,0.3030303030303032,0.3434343434343434,0.38383838383838365,0.4242424242424243,0.46464646464646453,0.5050505050505052,0.5454545454545454,0.5858585858585861,0.6262626262626263,0.6666666666666665,0.7070707070707072,0.7474747474747474,0.7878787878787881,0.8282828282828283,0.8686868686868685,0.9090909090909092,0.9494949494949494,0.9898989898989901,1.0303030303030303,1.0707070707070705,1.1111111111111112,1.1515151515151514,1.191919191919192,1.2323232323232323,1.272727272727273,1.3131313131313131,1.3535353535353534,1.393939393939394,1.4343434343434343,1.474747474747475,1.5151515151515151,1.5555555555555554,1.595959595959596,1.6363636363636362,1.676767676767677,1.7171717171717171,1.7575757575757578,1.797979797979798,1.8383838383838382,1.878787878787879,1.9191919191919191,1.9595959595959598,2.0],"y":[-2.0,-1.9595959595959596,-1.9191919191919191,-1.878787878787879,-1.8383838383838385,-1.797979797979798,-1.7575757575757576,-1.7171717171717171,-1.6767676767676767,-1.6363636363636362,-1.595959595959596,-1.5555555555555556,-1.5151515151515151,-1.4747474747474747,-1.4343434343434343,-1.393939393939394,-1.3535353535353534,-1.3131313131313131,-1.2727272727272727,-1.2323232323232323,-1.191919191919192,-1.1515151515151514,-1.1111111111111112,-1.0707070707070707,-1.0303030303030303,-0.9898989898989898,-0.9494949494949494,-0.9090909090909092,-0.8686868686868687,-0.8282828282828283,-0.7878787878787878,-0.7474747474747474,-0.707070707070707,-0.6666666666666667,-0.6262626262626263,-0.5858585858585859,-0.5454545454545454,-0.505050505050505,-0.46464646464646475,-0.4242424242424243,-0.38383838383838387,-0.3434343434343434,-0.303030303030303,-0.26262626262626254,-0.22222222222222232,-0.18181818181818188,-0.14141414141414144,-0.101010101010101,-0.06060606060606055,-0.02020202020202011,0.020202020202020332,0.06060606060606055,0.10101010101010122,0.14141414141414144,0.18181818181818166,0.22222222222222232,0.26262626262626254,0.3030303030303032,0.3434343434343434,0.38383838383838365,0.4242424242424243,0.46464646464646453,0.5050505050505052,0.5454545454545454,0.5858585858585861,0.6262626262626263,0.6666666666666665,0.7070707070707072,0.7474747474747474,0.7878787878787881,0.8282828282828283,0.8686868686868685,0.9090909090909092,0.9494949494949494,0.9898989898989901,1.0303030303030303,1.0707070707070705,1.1111111111111112,1.1515151515151514,1.191919191919192,1.2323232323232323,1.272727272727273,1.3131313131313131,1.3535353535353534,1.393939393939394,1.4343434343434343,1.474747474747475,1.5151515151515151,1.5555555555555554,1.595959595959596,1.6363636363636362,1.676767676767677,1.7171717171717171,1.7575757575757578,1.797979797979798,1.8383838383838382,1.878787878787879,1.9191919191919191,1.9595959595959598,2.0],"z":[[2.949489742783178,2.896818673773338,2.845195229128146,2.794629045380514,2.7451302244244657,2.696709355599573,2.649377538381439,2.603146405601325,2.5580281470967936,2.5140355336706364,2.4711819412072185,2.4294813747632165,2.388948492413342,2.3495986285907358,2.3114478166160017,2.27451281005838,2.238811102517082,2.204360945350724,2.171181362818346,2.139292164027413,2.108713951013401,2.0794681222035836,2.0515768704462696,2.0250631747184955,1.9999507845631503,1.9762641962544425,1.9540286196530174,1.9332699346940183,1.9140146364587751,1.8962897678198913,1.8801228387268014,1.8655417313209206,1.8525745902423736,1.841249697718921,1.8315953333155597,1.8236396185713184,1.8174103471558987,1.8129348016371192,1.8102395584502262,1.8093502831869035,1.8102915188552577,1.81308647027772,1.817756788263717,1.8243223575879441,1.8328010930929153,1.8432087483879285,1.8555587416124872,1.8698620025543955,1.886126845054839,1.9043588680993826,1.9245608883014027,1.9467329056608995,1.9708721035644967,1.9969728830266287,2.02502693020611,2.055023315315138,2.0869486202142067,2.12078709129402,2.1565208137120635,2.194129902693641,2.233592707429328,2.2748860230966907,2.3179853066876244,2.3628648926104443,2.4094982044299043,2.457857959578186,2.5079163643855877,2.5596452973130814,2.613016478795668,2.6680016266055895,2.7245725961027194,2.782701505145643,2.8423608437849275,2.903523569147967,2.966163186153432,3.030253814866181,3.095770245425566,3.1626879815573803,3.230983273718735,3.3006331429325932,3.371615396350645,3.443908635545619,3.517492258482037,3.592346456052436,3.6684522039977736,3.745791250959436,3.824346103338211,3.9041000075648578,3.9850369303187714,4.0671415371668145,4.150399170034272,4.234795823864471,4.320318122773042,4.406953295957196,4.494689153579372,4.5835140628083035,4.673416924168393,4.764387148320066,4.856414633369298,4.949489742783178],[2.896818673773338,2.8436941101503113,2.7916077214456116,2.7405690203311566,2.6905879985947503,2.6416751516093893,2.59384150367286,2.547098634161626,2.501458704421827,2.4569344852952897,2.413539385149369,2.37128747824564,2.3301935332435457,2.2902730415905115,2.251542245499442,2.214018165157433,2.1777186247457614,2.1426622767806363,2.108868624206898,2.0763580395932064,2.0451517806880863,2.0152720015026477,1.986741757989808,1.959585007293788,1.9338265994509973,1.9094922603383502,1.8866085645928328,1.8652028971731487,1.8453034022078485,1.8269389177828663,1.8101388953739255,1.7949333027354175,1.7813525092264464,1.769427152795527,1.7591879881649006,1.750665716157954,1.743890794599411,1.7388932317832784,1.735702364137599,1.734346620400366,1.7348532753328152,1.7372481967027205,1.741555589933242,1.7477977453896612,1.7559947937227829,1.7661644749614096,1.778321927110249,1.792479499837003,1.8086465984097475,1.8268295623759183,1.8470315825779384,1.869252659015808,1.8934896008471043,1.9197360685243905,1.9479826567795913,1.978217015945005,2.010424008015924,2.0445858929635454,2.0806825401370634,2.118691659171199,2.1585890446427904,2.200348828784063,2.243943736833784,2.2893453400539565,2.33652430201654,2.3854506144275267,2.4360938194621937,2.4884232162971536,2.542408050210165,2.598017683252714,2.6552217460656946,2.7139902708947172,2.774293806264058,2.836103514087782,2.8993912502373402,2.9641296297540274,3.0302920780008584,3.0978528691009193,3.166787153017799,3.2370709726072784,3.3086812719164387,3.3815958969341704,3.4557935899119494,3.5312539782811148,3.6079575590968274,3.685885679842876,3.7650205163379864,3.8453450483950613,3.926843033801196,4.009498981108965,4.0932981216589255,4.1782263811895035,4.264270351333343,4.351417261248618,4.439654949589188,4.528971836978588,4.619356899119035,4.71079964063753,4.8032900697462715,4.896818673773338],[2.845195229128146,2.7916077214456116,2.739048190890677,2.687525980062159,2.637050922259373,2.587633368364586,2.539284214891319,2.4920149331697568,2.4458375996203534,2.4007649270424056,2.356810296815376,2.313987791876346,2.272312230296532,2.231799199232614,2.192465088973896,2.154327126743487,2.117403409839981,2.08171293762513,2.0472756417723286,2.0141124140904028,1.9822451311274194,1.951696674640971,1.922490946896056,1.8946528796215962,1.8682084353251946,1.8431845995374503,1.8196093624379324,1.7975116882123046,1.7769214704131524,1.7578694715566043,1.7403872451951377,1.7245070387775259,1.7102616757539129,1.69768441562149,1.6868087909470129,1.677668420856471,1.6702968010552495,1.664727071133573,1.6609917607130211,1.6591225168818733,1.6591498163202343,1.6611026664891893,1.6650083011997985,1.6708918767272067,1.678776175327297,1.6886813234830655,1.7006245323966,1.714619868104457,1.7306780581030554,1.7488063405244003,1.7690083607264204,1.791284118709116,1.8156299691145579,1.8420386738107415,1.8704995053012474,1.9009983975495193,1.9335181393534693,1.9680386042301017,2.0045370099235327,2.042988200158618,2.0833649411242976,2.125638225359486,2.169777576184078,2.215751346509795,2.263527006715057,2.313071417209639,2.364351082288157,2.417332382824621,2.4719817862522735,2.5282660330739253,2.5861522998394326,2.6456083391000207,2.7066025973032137,2.7691043119328818,2.8330835894364403,2.898511465628225,2.965359950328666,3.033602058007167,3.103211826156122,3.1741643230466114,3.2464356464136355,3.320002914499602,3.394844250756443,3.470938763375335,3.5482665206828807,3.6268085233173304,3.7065466739800894,3.787463745448047,3.8695433474319008,3.952769892774972,4.037128563406042,4.122605276388031,4.209186650341474,4.296859972467076,4.385613166344384,4.475434760643211,4.566313858850037,4.6582401100825965,4.751203681041572,4.845195229128146],[2.794629045380514,2.7405690203311566,2.687525980062159,2.6355090449092966,2.5845278346868144,2.5345924979567878,2.4857137427893687,2.4379028690196,2.3911718019884614,2.3455331277334244,2.301000129566269,2.257586825942404,2.2153080094856294,2.174179286984002,2.134217120115377,2.0954388665940105,2.0578628213513555,2.0215082572737533,1.986395464916175,1.9525457904938126,1.9199816713217526,1.888726667727297,1.8588054903005515,1.830244021178373,1.803069327877624,1.7773096680102844,1.75299448303161,1.730154379001506,1.7088210921894669,1.689027437238105,1.670807235535627,1.654195221452066,1.6392269241883124,1.6259385231926458,1.61436667543813,1.6045483133452483,1.5965204127923789,1.5903197314895563,1.5859825189951309,1.5835442008134377,1.5830390402908439,1.5844997833759256,1.587957292657251,1.593440178353493,1.6009744350084176,1.6105830934367253,1.6222858978807975,1.636099018294588,1.6520348071187958,1.6701016088374074,1.6903036290394278,1.7126408677248564,1.737109119304689,1.763700039294939,1.792401275254907,1.82319665723064,1.8560664409797556,1.890987595687554,1.927934126810269,1.9668774241292275,2.007786625055862,2.0506289836415954,2.0953702365400613,2.1419749582469243,2.1904068992038344,2.240629301700756,2.2926051898593123,2.34629763125902,2.4016699689268135,2.458686023414415,2.5173102655209334,2.5775079608763347,2.639245288092415,2.7024894325265594,2.7672086579092747,2.8333723581806542,2.9009510918854433,2.9699166014116627,3.040241819242448,3.111900863240945,3.184869022817045,3.259122737643448,3.3346395704050664,3.411398174886709,3.4893782605334045,3.568560554458811,3.648926761731477,3.730459524637144,3.813142381497959,3.896959725525865,3.981896764097061,4.067939478756138,4.155074586191317,4.243289500365128,4.332572295936586,4.422911673070652,4.5142969236971755,4.606717899254078,4.700164979927116,4.794629045380514],[2.7451302244244657,2.6905879985947503,2.637050922259373,2.5845278346868144,2.5330280798412663,2.4825615379397608,2.4331386588505173,2.38477049738035,2.337468750484568,2.291245796413981,2.2461147357894413,2.202089434563882,2.159184568793793,2.1174156710953085,2.0767991786030837,2.037352482181352,1.999093976554292,1.9620431109253993,1.926220439541131,1.8916476715211181,1.8583477191241546,1.8263447434450693,1.7956641963419764,1.7663328571768058,1.7383788627163046,1.7118317282893591,1.686722358035307,1.663083041815469,1.640947436108309,1.6203505259832316,1.6013285650690794,1.5839189903254924,1.5681603084171196,1.5540919506146578,1.5417540934371567,1.5311874427411745,1.5224329796847833,1.5155316679708468,1.5105241230141022,1.5074502451714191,1.5063488208911457,1.5072570975141626,1.5102103394040804,1.5152413749755056,1.5223801458821797,1.5316532709625306,1.5430836383618658,1.556690039421428,1.5724868573479256,1.5904838223134594,1.6106858425154795,1.6330929179539861,1.6577001404315292,1.6844977797760072,1.7134714527807124,1.744602368104402,1.7778676376017684,1.8132406424343839,1.850691440948506,1.8901872047295294,1.9316926694138434,1.975170587660567,2.0205821730213525,2.0678875251393287,2.117046028599761,2.168016719699783,2.220758617281324,2.275231015487827,2.33139373780024,2.3892073529478677,2.44863335426606,2.5096343047951777,2.572173950906378,2.6362173075302566,2.701730718188349,2.768681893019335,2.8370399278838763,2.9067753074530875,2.9778598949602206,3.0502669110433467,3.1239709038443504,3.198947712268404,3.275174424056712,3.3526293300896457,3.431291876120746,3.511142612946518,3.5921631458427834,3.6743360839453088,3.757644990119438,3.8420743317490373,3.9276094327776176,4.0142364272522455,4.101942214552067,4.190714416426275,4.280541335919558,4.371411918225104,4.463315713474693,4.556242841451292,4.650183958190711,4.745130224424466],[2.696709355599573,2.6416751516093893,2.587633368364586,2.5345924979567878,2.4825615379397608,2.4315500249794093,2.3815680707131244,2.3326263999164025,2.2847363910656426,2.2379101193728097,2.1921604023492645,2.147500847931231,2.1039459051668796,2.06151091742311,2.020212178017097,1.9800669881113784,1.9410937166294013,1.9033118618484464,1.8667421142059484,1.8314064197105693,1.7973280431780092,1.7645316303108196,1.7330432674090452,1.7028905372328238,1.6741025692388185,1.6467100820809466,1.6207454159062888,1.596242551596652,1.5732371137166536,1.551766353547459,1.531869108234869,1.5135857317920358,1.496957993509115,1.482028939280743,1.468842711519919,1.4574443237403512,1.4478793866151851,1.4401937834088927,1.4344332941674245,1.4306431699524298,1.4288676606972974,1.4291495028809655,1.4315293760438486,1.4360453400393822,1.4427322676066003,1.4516212891111953,1.462739267870777,1.4761083251108,1.4917454331029334,1.509662093320167,1.529864113522187,1.552351493708994,1.577118426120901,1.6041534092849183,1.633439470929377,1.6649544898288227,1.6986716026656448,1.734559679074152,1.772583846315309,1.812706044535681,1.854885594194854,1.899079758813889,1.9452442884593981,1.9933339320697305,2.0433029095989377,2.0951053377825453,2.148695605947409,2.2040287005798223,2.261060479266783,2.319747896113657,2.3800491818302874,2.441923982403522,2.5053334606875612,2.5702403654012382,2.6366090719799367,2.7044055995418486,2.7735976079398945,2.844154378520156,2.9160467818259708,2.989247235097201,3.0637296520338015,3.1394693869332215,3.2164431749797595,3.2946290701647545,3.3740063820507724,3.454555612360531,3.536258392170585,3.619097420318395,3.7030564034867863,3.7881199983088605,3.874273755736446,3.9615040678333195,4.04979811708812,4.139143828288882,4.229529822959207,4.320945376323598,4.413380376744667,4.506825287556505,4.6012711112053495,4.696709355599573],[2.649377538381439,2.59384150367286,2.539284214891319,2.4857137427893687,2.4331386588505173,2.3815680707131244,2.33101166017749,2.2814797239516427,2.2329832172897803,2.1855338006721583,2.1391438896654265,2.093826708086785,2.04959634457226,2.0064678126170836,1.9644571141124345,1.9235813063450327,1.883858572351323,1.8453082944227484,1.807951130438967,1.771809092557485,1.7369056276062438,1.7032656983052956,1.6709158641796775,1.6398843607133538,1.610201174929566,1.5818981151637017,1.5550088723208568,1.529569069385068,1.5056162953794443,1.4831901193816168,1.4623320796013162,1.4430856419617837,1.425496122142001,1.4096105646945531,1.3954775727306248,1.3831470818483336,1.3726700725710557,1.3640982166574451,1.3574834543328813,1.3528775018357329,1.350331291688792,1.349894351749163,1.351614133227468,1.3555353022720076,1.361699014060683,1.370142192226449,1.3808968394072916,1.393989406312434,1.4094402465597635,1.427263182436389,1.4474652026384094,1.470046307165824,1.494999507322535,1.522310980821433,1.5519603740446308,1.5839212362829054,1.6181615648982701,1.6546444362577715,1.6933286951835067,1.7341696755271756,1.777119926078157,1.822129918979346,1.8691487217079503,1.9181246180256009,1.9690056677069196,2.0217401989932515,2.0762772313612192,2.132566829212708,2.1905603894365315,2.2502108674801047,2.311472947664445,2.374303164066313,2.4386599784759775,2.504503821815806,2.571797105062692,2.640504205232596,2.7105914314204242,2.7820269752907887,2.854780849820447,2.928824819525436,3.0041323248807172,3.0806784031662406,3.1584396075540617,3.2373939258866766,3.317520700284427,3.3988005484558688,3.4812152873645585,3.5647478597237754,3.6493822636423396,3.7351034856250225,3.821897437035795,3.9097508940574572,3.99865144112336,4.0885874177532475,4.179547868692922,4.271522497234355,4.364501621577247,4.458476134083238,4.5534374632688195,4.649377538381438],[2.603146405601325,2.547098634161626,2.4920149331697568,2.4379028690196,2.38477049738035,2.3326263999164025,2.2814797239516427,2.231340225297421,2.182218314471583,2.1341251065414664,2.0870724748260034,2.041073108689612,1.996140575651863,1.9522893880200791,1.9095350742245467,1.867894254995089,1.8273847244596158,1.7880255361658008,1.7498370939209977,1.7128412472070251,1.6770613907485235,1.6425225675885107,1.6092515747438125,1.5772770701671166,1.546629679322072,1.5173420991742539,1.4894491968066998,1.4629880991795965,1.4379982697703375,1.4145215669607456,1.39260227810191,1.372287122217779,1.3536252133593436,1.33666797576833,1.321469001355966,1.3080838396803625,1.2965697107737606,1.286985132006519,1.279389451861888,1.2738422862005603,1.2704028564332122,1.2691292340197973,1.2700775017707293,1.2733008492610085,1.2788486268145935,1.2867653893172808,1.2970899667761795,1.3098546022171766,1.3250841984325512,1.3427957127205543,1.3629977329225744,1.3856902590386118,1.4108647032272779,1.438504108190321,1.4685835711354627,1.5010708490368159,1.535927111887271,1.5731078048010327,1.6125635774541407,1.654241240271596,1.6980847104429846,1.7440359165083525,1.7920356370570245,1.842024256228306,1.8939424255389485,1.9477316276185923,2.0033346424349965,2.0606959204300503,2.1197618696925264,2.1804810659806986,2.242804395243574,2.3066851384572056,2.3720790082705054,2.4389441463016492,2.507241089073244,2.576932709625102,2.647984140874187,2.7203626858549237,2.7940377191036623,2.8689805826677155,2.9451644795302574,3.022564366648271,3.101156849297114,3.180920077994969,3.2618336489344832,3.3438785085679807,3.427036862767554,3.5112920908033782,3.5966286642451664,3.6830320707855995,3.770488742905102,3.8589859912392606,3.948511942469138,4.0390554815274005,4.130606197896201,4.223154335764187,4.316690747807479,4.411206852361676,4.506694593757587,4.603146405601326],[2.5580281470967936,2.501458704421827,2.4458375996203534,2.3911718019884614,2.337468750484568,2.2847363910656426,2.2329832172897803,2.182218314471583,2.1324514076964616,2.0836929140191227,2.0359539991891658,1.9892466392619004,1.943583687463821,1.8989789466877274,1.8554472479899733,1.813004535448674,1.7716679577130676,1.73145596652579,1.6923884224255494,1.6544867077302348,1.6177738467507592,1.5822746329832493,1.5480157627587359,1.5150259744804977,1.4833361921331265,1.4529796711859753,1.4239921443181354,1.396411963544319,1.3702802343057061,1.3456409358980006,1.3225410212422726,1.3010304874816816,1.28116240725249,1.2629929088090894,1.2465810916024789,1.2319888625963027,1.2192806777911298,1.2085231734137367,1.1997846723607042,1.1931345541332956,1.1886424810050555,1.1863774797673792,1.1864068871532096,1.1887951777058385,1.1936027048222233,1.200884397923177,1.2106884697691616,1.2230551961931524,1.2380158343142813,1.255591743319358,1.2757937635213783,1.2986218949203419,1.3240652972032536,1.352102611183303,1.3827025797413588,1.4158249270444456,1.451421440332101,1.489437190183513,1.5298118232017224,1.5724808648434392,1.6173769783757201,1.6644311370071687,1.7135736784642424,1.7647352232456752,1.8178474484548892,1.872843717865105,1.9296595754757555,1.9882331143231973,2.048505234956429,2.110419809121061,2.173923764180829,2.2389671029925746,2.3055028726352282,2.373487093813085,2.4428786610849653,2.5136392224361566,2.585733045187568,2.6591268738698473,2.7337897844984007,2.809693038669951,2.886809940053467,2.9651156951528224,3.044587279657103,3.125203311248421,3.2069439293880677,3.2897906823334075,3.3737264214352027,3.4587352026153364,3.544802194817456,3.6319135951487618,3.7200565503827594,3.8092190844641385,3.8993900316433003,3.9905589748655386,4.08271618904544,4.175852588868406,4.26995968077634,4.365029518812273,4.461054664017787,4.558028147096794],[2.5140355336706364,2.4569344852952897,2.4007649270424056,2.3455331277334244,2.291245796413981,2.2379101193728097,2.1855338006721583,2.1341251065414664,2.0836929140191227,2.034246764262055,1.9857969209792112,1.9383544344821295,1.8919312118827332,1.846540094003928,1.8021949396006074,1.7589107175146803,1.7167036074042235,1.6755911096891523,1.6355921653377168,1.5967272860717177,1.5590186954831977,1.5224904814184748,1.487168759780233,1.453081849604556,1.4202604588625067,1.3887378798853272,1.3585501925841745,1.329736472690516,1.3023390010402527,1.2764034684216885,1.251979168668107,1.2291191704766704,1.2078804558780485,1.1883240104082673,1.1705148469504292,1.154521942111376,1.1404180611834902,1.1282794456593004,1.1181853365106695,1.1102173077463582,1.104458388935932,1.1009919632216616,1.0999004394165177,1.1012637132484326,1.1051574530966728,1.1116512681855593,1.1208068396503923,1.1326761138111299,1.1472996686352905,1.1647053653695307,1.1849073855715508,1.207905729241351,1.2336862148212309,1.2622209810645337,1.2934694500037411,1.3273796753188951,1.3638899758746952,1.4029307424468214,1.444426306656005,1.4882967727743157,1.5344597319887825,1.5828318011571345,1.6333299507098058,1.6858726066380356,1.7403805279699622,1.7967774732130555,1.8549906770749336,1.9149511629487557,1.9765939179514178,2.039857956546895,2.104686296704517,2.1710258697271207,2.2388273817814253,2.308045142079124,2.3786368697843177,2.4505634891655372,2.5237889203116266,2.598279870891344,2.674005632933626,2.7509378874023898,2.8290505183949497,2.9083194380649897,2.9887224228204654,3.0702389609395766,3.1528501114540743,3.2365383739440414,3.321287568751403,3.4070827270342483,3.493909990037685,3.5817565169388073,3.6706104006256917,3.7604605907868,3.8512968237131835,3.9431095582479165,4.035889917352607,4.129629634797819,4.224321006521303,4.319956846234325,4.41653044489125,4.514035533670636],[2.4711819412072185,2.413539385149369,2.356810296815376,2.301000129566269,2.2461147357894413,2.1921604023492645,2.1391438896654265,2.0870724748260034,2.0359539991891658,1.9857969209792112,1.9366103734394442,1.8884042291664092,1.8411891713170012,1.7949767724516401,1.7497795818522077,1.705611222231448,1.6624864968287834,1.6204215079627573,1.5794337881777232,1.5395424451751503,1.5007683217484116,1.4631341719311064,1.426664854505127,1.3913875448721338,1.357331966039918,1.324530639072964,1.2930191527532828,1.2628364513292731,1.2340251380191802,1.2066317902898638,1.1807072807474361,1.156307094644507,1.1334916314260002,1.112326473325215,1.0928825987672992,1.0752365123293686,1.059470256509036,1.0456712640826151,1.033932004245982,1.0243493722885924,1.0170237729438387,1.0120578538116523,1.0095548594613795,1.0096166006840845,1.012341067445327,1.0178197570163765,1.0261348365031995,1.0373563046518868,1.0515393523050576,1.068722134724796,1.0889241549268163,1.1121454129111181,1.138366405661988,1.167548977917341,1.1996379388345582,1.2345632896675494,1.272242863310347,1.3125851624916824,1.3554921972459957,1.4008621567822224,1.4485917965310167,1.4985784688924466,1.5507217691331203,1.6049248019635813,1.6610950981879549,1.7191452250299255,1.7789931399918815,1.8405623384967074,1.9037818421192545,1.9685860686262242,2.0349146185726923,2.1027120067060485,2.1719273604201823,2.242514102248232,2.314429628971954,2.387634996342948,2.462094615579204,2.5377759656162384,2.614649323446258,2.692687513667604,2.7718656774983828,2.8521610609049963,2.9335528210940707,3.0160218503641367,3.099550616170842,3.1841230161956418,3.2697242471991155,3.356340686468516,3.4439597847219643,3.53256996939904,3.6221605573428475,3.7127216759568435,3.8042441919977206,3.8967196472411842,3.990140200329062,4.0844985741732796,4.179788008354148,4.276002216007296,4.37313534474533,4.4711819412072185],[2.4294813747632165,2.37128747824564,2.313987791876346,2.257586825942404,2.202089434563882,2.147500847931231,2.093826708086785,2.041073108689612,1.9892466392619004,1.9383544344821295,1.8884042291664092,1.8394044196657766,1.7913641325049006,1.7442933011977475,1.6982027522993466,1.6531043018906397,1.609010863846003,1.5659365714002278,1.5238969137123797,1.482908889315391,1.4429911785375347,1.4041643371769488,1.366451013890272,1.3298761939016661,1.2944674717205245,1.260255355533583,1.2272736057518243,1.1955596097636598,1.165154794163509,1.1361050744424868,1.1084613401545682,1.0822799706659845,1.0576233724643398,1.0345605233094668,1.0131675008951158,0.9935279638419416,0.9757335405812483,0.9598840671455561,0.9460875987374515,0.9344601037552056,0.9251247354930984,0.9182105702990601,0.9138507073739203,0.9121796513934616,0.9133299509471705,0.9174281465339048,0.9245901882072506,0.934916602120041,0.9484877940749862,0.9653599467427041,0.9855619669447243,1.0090938546810468,1.035926703130142,1.066004329621392,1.0992463283520866,1.1355521731693927,1.174805914019724,1.2168810104042234,1.2616449137334036,1.3089631193314821,1.35870252799763,1.410734063383916,1.4649345721960612,1.5211880860357938,1.579386549700528,1.639430127157742,1.701227189976133,1.764694079535047,1.8297547181407317,1.8963401280333563,1.9643879027253153,2.033841662850377,2.104650518854569,2.176768555246774,2.250154345432573,2.3247705020235547,2.4005832646087364,2.4775621250013833,2.5556794886921,2.6349103704567267,2.7152321216386235,2.796624186439653,2.879067884531541,2.9625462173813566,3.047043695830034,3.132546186642781,3.2190407759452224,3.3065156476564157,3.3949599752213313,3.484363825126005,3.5747180708457655,3.666014316029578,3.758244825861329,3.851402465662543,3.945480645911029,4.040473272947721,4.136374704730283,4.233179711068265,4.330883437841601,4.429481374763217],[2.388948492413342,2.3301935332435457,2.272312230296532,2.2153080094856294,2.159184568793793,2.1039459051668796,2.04959634457226,1.996140575651863,1.943583687463821,1.8919312118827332,1.8411891713170012,1.7913641325049006,1.7424632672715628,1.6944944212698159,1.6474661918922329,1.6013880167336672,1.556270274207348,1.5121243981781438,1.4689630087790073,1.4268000619264094,1.3856510204527628,1.3455330502330078,1.3064652452010437,1.2684688857286808,1.2315677354682382,1.1957883824228714,1.161160630673638,1.127717949802207,1.0954979895094525,1.064543167095059,1.0349013351051117,1.0066265352356707,0.9797798420095405,0.9544302951277996,0.9306559117909281,0.9085447584512779,0.8881960438853653,0.8697211704868757,0.8532446467678592,0.8389047205371063,0.8268535404322094,0.8172565985484861,0.8102911600346612,0.8061433660181113,0.805003731662615,0.8070608830468394,0.8124936086244932,0.8214616399870941,0.8340959713625684,0.850489871039448,0.8706918912414682,0.894702031968629,0.9224717409971952,0.9539077500386346,0.9888790648650212,1.0272259538848374,1.068769628644374,1.1133214630649646,1.1606909419828295,1.2106919242705931,1.2631471447795306,1.317891111414324,1.374771675537381,1.4336505893399107,1.4944033443098643,1.5569185380535544,1.621096961794466,1.6868505490802477,1.754101282710418,1.8227801229838998,1.8928259953778872,1.964184858196321,2.0368088588931164,2.1106555801685873,2.185687372321862,2.2618707657712687,2.339175956435751,2.417576356312155,2.497048201748159,2.577570212371955,2.6591232942496417,2.7416902815062807,2.825255711309457,2.9098056277427014,2.9953274106730614,3.081809626235667,3.169241896017291,3.2576147824230777,3.3469196880604564,3.4371487672765975,3.5282948482463694,3.6203513642314986,3.71331229282358,3.807172102148018,3.901925703146678,3.9975684071776314,4.094095888273508,4.191504149488451,4.289789492839506,4.388948492413342],[2.3495986285907358,2.2902730415905115,2.231799199232614,2.174179286984002,2.1174156710953085,2.06151091742311,2.0064678126170836,1.9522893880200791,1.8989789466877274,1.846540094003928,1.7949767724516401,1.7442933011977475,1.6944944212698159,1.645585347245629,1.5975718265487389,1.550460207651458,1.5042575187387968,1.4589715586928191,1.4146110026290382,1.371185524670114,1.3287059411959206,1.2871843784861157,1.2466344694997198,1.2070715855498042,1.16851310987061,1.1309787615862021,1.0944909804271195,1.0590753847603267,1.024761318151218,0.9915825028020218,0.9595778218075204,0.9287922561552115,0.8992780065394955,0.8710958338526532,0.8443166546850175,0.8190234275607252,0.7953133589569212,0.7733004405038795,0.7531182925129332,0.7349232229694468,0.7188973004813732,0.7052510675898003,0.6942252750067368,0.6860907048654024,0.6811448255497904,0.6797038182590656,0.6820886776773399,0.6886049187767856,0.6995171034938963,0.715021690813225,0.7352237110152453,0.7601231640999568,0.7896150197868868,0.8235028190914814,0.8615220000772472,0.9033670477720127,0.9487169674916649,0.9972555780370405,1.0486854110241437,1.1027356843197569,1.159165647211871,1.2177647571593977,1.278350945554385,1.3407679044114666,1.4048820134193116,1.470579280947644,1.5377625005193194,1.6063487136102026,1.6762670036299592,1.7474566096863087,1.8198653310848498,1.8934481868380864,1.9681662938512359,2.0439859299220684,2.1208777514851924,2.1988161401736406,2.2777786562568747,2.357745580610831,2.438699530001267,2.5206251331151126,2.603508756993346,2.687338275356311,2.7721028718241323,2.85779287227415,2.944399601590852,3.0319152608921733,3.120332821993104,3.209645936421331,3.299848856753303,3.390936368411236,3.482903730367564,3.5757466234554047,3.6694611051917962,3.7640435701928423,3.8594907154029077,3.955799509479146,4.05296716577188,4.150991118424534,4.249869001186472,4.349598628590735],[2.3114478166160017,2.251542245499442,2.192465088973896,2.134217120115377,2.0767991786030837,2.020212178017097,1.9644571141124345,1.9095350742245467,1.8554472479899733,1.8021949396006074,1.7497795818522077,1.6982027522993466,1.6474661918922329,1.5975718265487389,1.5485217922113859,1.5003184640589784,1.4529644906924795,1.406462834303107,1.3608168180686215,1.3160301823262097,1.272107151456898,1.2290525139135817,1.1868717184682414,1.1455709905923779,1.1051574739849124,1.065639403715727,1.027026319388894,0.9893293293268767,0.9525614402890553,0.9167379720250816,0.881877082541248,0.848000439067923,0.8151340824296648,0.7833095503872614,0.7525653507814847,0.7229489111658947,0.6945191825654059,0.6673501470843526,0.641535579741098,0.6171955513220946,0.5944853325128681,0.573607549399083,0.5548285634396922,0.5384998666442519,0.5250842161515821,0.5151830895924053,0.5095549617173113,0.5091017962853974,0.5147892881957172,0.5274752266266018,0.547677246828622,0.5753953488017778,0.6101118972954984,0.6509691031314527,0.6970012714105871,0.7473064383738044,0.8011261292705144,0.8578588664699953,0.9170418928334264,0.9783237163512517,1.041437975564519,1.1061820443875625,1.1724006521348578,1.2399737280199514,1.308807497024481,1.378827977044111,1.4499762170539277,1.5222047895003716,1.5954751865426704,1.669755870420036,1.74502080030791,1.8212483089759235,1.8984202384177857,1.9765212688838434,2.055538393614717,2.1354605042879427,2.216278061299448,2.2979828295793525,2.380567665428733,2.46402634337609,2.548353414649442,2.633544090795895,2.71959414743442,2.806499844227833,2.8942578579983724,2.98286522655482,3.072319301296214,3.162617707043748,3.2537583078549015,3.3457391778118035,3.438558575964244,3.5322149247576498,3.6267067913962636,3.722032871688193,3.8181919759968945,3.915183016986921,4.013004998903256,4.111657008165815,4.211138205095401,4.311447816616002],[2.27451281005838,2.214018165157433,2.154327126743487,2.0954388665940105,2.037352482181352,1.9800669881113784,1.9235813063450327,1.867894254995089,1.813004535448674,1.7589107175146803,1.705611222231448,1.6531043018906397,1.6013880167336672,1.550460207651458,1.5003184640589784,1.4509600859122638,1.402382038573536,1.3545808988899173,1.3075527904064221,1.261293305047001,1.2157974078156284,1.1710593200175508,1.1270723750699683,1.083828839002046,1.0413196849988258,0.9995343074629456,0.9584601554989349,0.9180822575983366,0.8783825972261503,0.8393392806899937,0.8009254102497849,0.7631075301852412,0.7258434394221087,0.689079038822541,0.6527436605034938,0.6167429205904517,0.5809473497299131,0.5451734290616347,0.5091500216800462,0.4724541944830837,0.43437500878432533,0.39357716698359585,0.34703917548023655,0.28445212413313126,0.2769238038401394,0.36066817626130454,0.41527430481110056,0.45701382729764617,0.4901933080748472,0.5165476231605022,0.5367496433625224,0.5507993686809077,0.5580239283077473,0.5566884462252419,0.542486358079487,0.49914602606236175,0.5470783867593938,0.6500694785105396,0.7370115104179393,0.8182133926227091,0.896696618725508,0.9737964863265107,1.0502239341121398,1.1264018951844585,1.202601506449038,1.27900628676612,1.3557457054892068,1.432914146492816,1.5105822776599886,1.5888041981285728,1.667622108972822,1.7470694659130186,1.8271731666892457,1.9079551049938843,1.989433297361936,2.071622715301856,2.154535909709116,2.2381834861810797,2.322574471532702,2.4077165997348207,2.493616537370233,2.5802800631336957,2.6677122120212307,2.7559173921088895,2.844899479851658,2.9346618984024126,3.025207682398933,3.1165395318851825,3.208659857446195,3.3015708181910437,3.3952743538783166,3.4897722122163506,3.585065972166806,3.681157063920791,3.7780467860911764,3.8757363205651894,3.9742267453818894,4.073519045935406,4.173614124753393,4.27451281005838],[2.238811102517082,2.1777186247457614,2.117403409839981,2.0578628213513555,1.999093976554292,1.9410937166294013,1.883858572351323,1.8273847244596158,1.7716679577130676,1.7167036074042235,1.6624864968287834,1.609010863846003,1.556270274207348,1.5042575187387968,1.4529644906924795,1.402382038573536,1.3524997884105896,1.3033059276487653,1.2547869404234002,1.2069272806587434,1.159708964840474,1.1131110598477647,1.0671090319995957,1.0216739100599237,0.9767711950965284,0.9323594200870342,0.888388215751171,0.844795665369288,0.801504610714318,0.7584173669546642,0.7154079445137026,0.6723102117048521,0.6288991364139221,0.5848595422496544,0.5397306841356485,0.4927994685910022,0.4428700007018342,0.3876751924138437,0.3218823441974489,0.2238460635270686,0.2697229231661722,0.3626118170081314,0.4285773957945154,0.48177099045757577,0.5268058349876288,0.5658680210809282,0.6001742360374083,0.6304562232185318,0.6571631184830429,0.6805569144671215,0.7007589346691419,0.7177691790891034,0.7314663242286328,0.7415883774515497,0.7476862028991103,0.7490280572098511,0.7443972530838383,0.7316076988248181,0.7060461604424748,0.6535613070045566,0.6480884877694929,0.7865288088439124,0.8927256974643487,0.9883245461563797,1.0786580544495883,1.165993310398275,1.2515262089163208,1.3359698434846297,1.4197849591795995,1.5032867323924908,1.5867001952374924,1.6701914794011863,1.7538865744601972,1.8378831652461205,1.922258409986025,2.007074225399559,2.0923809807669937,2.178220143110707,2.2646262113629163,2.351628156759666,2.4392505129819755,2.527514213150673,2.6164372407800784,2.706035141945943,2.79632143251293,2.8873079250359135,2.9790049934862717,3.071421789358863,3.1645664194015577,3.2584460927883794,3.3530672437678595,3.448435634480745,3.544556441631333,3.641434329927081,3.739073514609199,3.83747781493813,3.9366507001392343,4.0365953290319005,4.137314584341722,4.238811102517082],[2.204360945350724,2.1426622767806363,2.08171293762513,2.0215082572737533,1.9620431109253993,1.9033118618484464,1.8453082944227484,1.7880255361658008,1.73145596652579,1.6755911096891523,1.6204215079627573,1.5659365714002278,1.5121243981781438,1.4589715586928191,1.406462834303107,1.3545808988899173,1.3033059276487653,1.2526151123492428,1.2024820550412836,1.1528760018784767,1.1037608638286558,1.055093949105412,1.0068242991868743,0.9588904695914446,0.911217516577318,0.8637128209247211,0.8162601614818594,0.7687110694767748,0.7208717968219992,0.6724828852464381,0.6231855498444331,0.5724628973141949,0.5195286639336284,0.4630925908292241,0.4007810998108084,0.32728361446721643,0.22393073614880699,0.2293188827621303,0.34068322115174154,0.4167484726620226,0.4776922022744315,0.5294461222084301,0.5747420757886585,0.6151004860964241,0.6514609823864279,0.6844413217767265,0.7144614264126512,0.7418090495830335,0.7666767610240315,0.7891832761591,0.8093852963611202,0.827282821630092,0.8428191505931346,0.8558755678267926,0.8662595035949083,0.8736832046086502,0.8777267487226866,0.8777723788189615,0.8728804656427736,0.8615305861128155,0.8409908969044468,0.8053296857982065,0.7343693878126346,0.7693852816033524,0.9131422003258024,1.0270437260734346,1.1297592574958908,1.226599371004336,1.3199376447889422,1.4110643377232217,1.5007657135292662,1.5895586655088674,1.6778019785676839,1.7657551109768088,1.8536118108237116,1.9415205468803483,2.029597540298515,2.1179354102979855,2.2066091006205637,2.295680055747848,2.3851992342017088,2.4752093277685567,2.565746425480556,2.6568412811841187,2.748520292829311,2.840806268646541,2.9337190334402945,3.027275913329659,3.1214921269557827,3.2163811039223535,3.3119547460527885,3.408223643293467,3.505197253337518,3.6028840519985064,3.7012916598282444,3.8004269493092373,3.900296136061632,4.0009048568170495,4.1022582363765965,4.204360945350723],[2.171181362818346,2.108868624206898,2.0472756417723286,1.986395464916175,1.926220439541131,1.8667421142059484,1.807951130438967,1.7498370939209977,1.6923884224255494,1.6355921653377168,1.5794337881777232,1.5238969137123797,1.4689630087790073,1.4146110026290382,1.3608168180686215,1.3075527904064221,1.2547869404234002,1.2024820550412836,1.1505945111824363,1.09907275143442,1.0478552795485077,0.9968679810543251,0.9460204746296101,0.895201036745653,0.8442693656049879,0.7930459623410638,0.7412960041079437,0.6887038141474783,0.6348303201123295,0.5790373975628516,0.5203412891238526,0.45709286106965336,0.3861447460875766,0.2999061604740544,0.16324000292101004,0.25365814319494007,0.35772772117233226,0.4335184162026628,0.4955469568668807,0.5488881184460076,0.5960369433066515,0.6384370548752254,0.6770077959964083,0.7123715644840012,0.7449666130815995,0.7751086585329459,0.8030268858172765,0.828885971845785,0.8527998825835146,0.8748404673907948,0.8950424875928151,0.9134059431895751,0.9298960728558863,0.944441027231418,0.9569268403511278,0.9671888353038218,0.9749978271102637,0.9800380990267112,0.9818713983095688,0.9798753271450351,0.9731305426884319,0.9601934215133456,0.9385689212531676,0.9031822666268776,0.839516729053525,0.7895026291836363,0.96657282714072,1.0932154531582836,1.2045676085444006,1.3082200770026406,1.4073202258456798,1.5035171887991976,1.5977947232383873,1.6907909536028933,1.7829449522400542,1.874572395908018,1.965908107452723,2.0571315857407213,2.148383132569476,2.2397744714676997,2.3313959837576523,2.4233217839097096,2.5156133681725965,2.6083222939587536,2.7014921843458164,2.795160252412056,2.889358477376513,2.9841145239305225,3.0794524692679346,3.175393384137319,3.271955801701353,3.3691560991932263,3.4670088110927146,3.565526888014726,3.6647219121857466,3.7646042779249687,3.8651833437040537,3.966467560964248,4.068464583802857,4.171181362818346],[2.139292164027413,2.0763580395932064,2.0141124140904028,1.9525457904938126,1.8916476715211181,1.8314064197105693,1.771809092557485,1.7128412472070251,1.6544867077302348,1.5967272860717177,1.5395424451751503,1.482908889315391,1.4268000619264094,1.371185524670114,1.3160301823262097,1.261293305047001,1.2069272806587434,1.1528760018784767,1.09907275143442,1.0454373835137067,0.9918724977571981,0.9382581352969148,0.8844442448227928,0.8302396719934706,0.7753955145921341,0.7195789121978687,0.6623296437124007,0.602983529642413,0.5405254787309969,0.4732732113007468,0.3980700219661374,0.30753475969710836,0.1712154901295745,0.23345612299291985,0.34703454839513403,0.42805603097733635,0.49393399