{"data":[{"type":"contour","x":[-10.0,-9.797979797979798,-9.595959595959595,-9.393939393939394,-9.191919191919192,-8.98989898989899,-8.787878787878787,-8.585858585858587,-8.383838383838384,-8.181818181818182,-7.979797979797979,-7.777777777777778,-7.575757575757576,-7.373737373737374,-7.171717171717171,-6.96969696969697,-6.767676767676768,-6.565656565656566,-6.363636363636363,-6.161616161616162,-5.959595959595959,-5.757575757575758,-5.555555555555555,-5.353535353535354,-5.151515151515151,-4.94949494949495,-4.747474747474747,-4.545454545454546,-4.343434343434343,-4.141414141414141,-3.9393939393939394,-3.737373737373737,-3.5353535353535355,-3.333333333333333,-3.1313131313131315,-2.929292929292929,-2.7272727272727275,-2.525252525252525,-2.3232323232323235,-2.121212121212121,-1.9191919191919187,-1.717171717171718,-1.5151515151515156,-1.3131313131313131,-1.1111111111111107,-0.9090909090909083,-0.7070707070707076,-0.5050505050505052,-0.30303030303030276,-0.10101010101010033,0.10101010101010033,0.30303030303030276,0.5050505050505052,0.7070707070707076,0.9090909090909083,1.1111111111111107,1.3131313131313131,1.5151515151515156,1.717171717171718,1.9191919191919187,2.121212121212121,2.3232323232323235,2.525252525252526,2.7272727272727266,2.929292929292929,3.1313131313131315,3.333333333333334,3.5353535353535346,3.737373737373737,3.9393939393939394,4.141414141414142,4.343434343434344,4.545454545454545,4.747474747474747,4.94949494949495,5.151515151515152,5.353535353535353,5.555555555555555,5.757575757575758,5.95959595959596,6.161616161616163,6.363636363636363,6.565656565656564,6.767676767676768,6.969696969696969,7.171717171717173,7.373737373737374,7.575757575757574,7.777777777777779,7.979797979797979,8.181818181818183,8.383838383838384,8.585858585858585,8.787878787878789,8.98989898989899,9.19191919191919,9.393939393939394,9.595959595959595,9.7979797979798,10.0],"y":[-10.0,-9.797979797979798,-9.595959595959595,-9.393939393939394,-9.191919191919192,-8.98989898989899,-8.787878787878787,-8.585858585858587,-8.383838383838384,-8.181818181818182,-7.979797979797979,-7.777777777777778,-7.575757575757576,-7.373737373737374,-7.171717171717171,-6.96969696969697,-6.767676767676768,-6.565656565656566,-6.363636363636363,-6.161616161616162,-5.959595959595959,-5.757575757575758,-5.555555555555555,-5.353535353535354,-5.151515151515151,-4.94949494949495,-4.747474747474747,-4.545454545454546,-4.343434343434343,-4.141414141414141,-3.9393939393939394,-3.737373737373737,-3.5353535353535355,-3.333333333333333,-3.1313131313131315,-2.929292929292929,-2.7272727272727275,-2.525252525252525,-2.3232323232323235,-2.121212121212121,-1.9191919191919187,-1.717171717171718,-1.5151515151515156,-1.3131313131313131,-1.1111111111111107,-0.9090909090909083,-0.7070707070707076,-0.5050505050505052,-0.30303030303030276,-0.10101010101010033,0.10101010101010033,0.30303030303030276,0.5050505050505052,0.7070707070707076,0.9090909090909083,1.1111111111111107,1.3131313131313131,1.5151515151515156,1.717171717171718,1.9191919191919187,2.121212121212121,2.3232323232323235,2.525252525252526,2.7272727272727266,2.929292929292929,3.1313131313131315,3.333333333333334,3.5353535353535346,3.737373737373737,3.9393939393939394,4.141414141414142,4.343434343434344,4.545454545454545,4.747474747474747,4.94949494949495,5.151515151515152,5.353535353535353,5.555555555555555,5.757575757575758,5.95959595959596,6.161616161616163,6.363636363636363,6.565656565656564,6.767676767676768,6.969696969696969,7.171717171717173,7.373737373737374,7.575757575757574,7.777777777777779,7.979797979797979,8.181818181818183,8.383838383838384,8.585858585858585,8.787878787878789,8.98989898989899,9.19191919191919,9.393939393939394,9.595959595959595,9.7979797979798,10.0],"z":[[-16.79506882534416,-17.648321899517743,-30.012126585582973,-8.80214973873274,-20.162241517923423,-24.845063949591868,-2.182915146799925,-21.004635179533548,-19.51390984790144,-3.0654796084199174,-20.545755323482894,-14.32574259922522,-7.016892159918909,-19.121810054341122,-9.496262443653464,-9.790859120058416,-17.025793936116923,-5.164683959860334,-11.532112142865936,-14.50373324939786,-1.4088176820346898,-12.394735517168796,-11.754948974213784,-1.7406286976538934,-12.530534428554736,-8.93512658097459,-4.287150636838193,-12.081060523709473,-6.1611880223046125,-6.257292591399804,-11.17269573669647,-3.5171674964514605,-7.691374500408643,-9.914205463860853,-1.0604841368537647,-8.63608650282392,-8.39621969308012,-1.1718275363804893,-9.138844732053524,-6.692170086234921,-3.15722991866524,-9.243749410431327,-4.860289685217089,-4.882330103298592,-8.98896816856368,-2.9463600823444676,-6.338178239513142,-8.405373156656786,-0.9869614130375574,-7.516281563752165,-7.516281563752165,-0.9869614130375574,-8.405373156656786,-6.338178239513142,-2.9463600823444676,-8.98896816856368,-4.882330103298592,-4.860289685217089,-9.243749410431327,-3.15722991866524,-6.692170086234921,-9.138844732053524,-1.1718275363805584,-8.396219693080157,-8.63608650282392,-1.0604841368537647,-9.914205463860803,-7.691374500408589,-3.5171674964514605,-11.17269573669647,-6.257292591399876,-6.161188022304472,-12.081060523709464,-4.287150636838193,-8.93512658097459,-12.53053442855477,-1.7406286976537975,-11.754948974213784,-12.394735517168796,-1.408817682034584,-14.50373324939782,-11.532112142865936,-5.164683959860556,-17.025793936116923,-9.790859120058204,-9.496262443653022,-19.121810054341122,-7.016892159918644,-14.325742599225007,-20.545755323482894,-3.0654796084205507,-19.51390984790144,-21.00463517953337,-2.182915146799566,-24.845063949591868,-20.16224151792315,-8.80214973873274,-30.012126585582973,-17.648321899518134,-16.79506882534416],[-17.648321899517743,-29.785364799360885,-6.507561575458844,-22.27736528529949,-22.88956717024336,-2.9904359460659697,-23.259350075755755,-14.96650484894093,-9.966525480637602,-21.363779057583763,-7.117959528860166,-14.2645884101012,-17.46543922016881,-0.16230777534108065,-16.041631597279995,-12.4269659586216,-5.372262608337733,-15.668469522091304,-7.016433022416696,-9.222790989799112,-13.637190654445924,-1.858255102265486,-11.347126586643077,-10.483249286833468,-2.5875025992087,-11.870731638365566,-6.725972930939593,-6.023970363368227,-11.033059056072762,-2.828039615171333,-8.301449370864919,-9.139306983682607,-0.8278326443299265,-9.392994981312503,-6.520923490301622,-3.9481608477309558,-9.367015233022238,-3.506151993217583,-6.327758005575075,-8.36093125077378,-0.4002855920297516,-7.842434997570193,-6.558518504287202,-2.5258349617270084,-8.438790642640628,-4.172208600288071,-5.041216986836861,-8.123843966020553,-1.4304769082874367,-6.956411040228648,-6.956411040228648,-1.4304769082874367,-8.123843966020553,-5.041216986836861,-4.172208600288071,-8.438790642640628,-2.5258349617270084,-6.558518504287202,-7.842434997570193,-0.4002855920297516,-8.36093125077378,-6.327758005575075,-3.5061519932174923,-9.367015233022238,-3.9481608477309558,-6.520923490301622,-9.392994981312526,-0.8278326443298547,-9.139306983682607,-8.301449370864919,-2.828039615171258,-11.033059056072752,-6.023970363368157,-6.725972930939593,-11.870731638365566,-2.5875025992087877,-10.483249286833518,-11.347126586643077,-1.858255102265486,-13.637190654445869,-9.22279098979919,-7.016433022416696,-15.66846952209128,-5.372262608337733,-12.426965958621757,-16.041631597280197,-0.16230777534108065,-17.465439220168907,-14.264588410101396,-7.117959528860166,-21.363779057583745,-9.966525480637602,-14.966504848941437,-23.259350075755876,-2.9904359460659697,-22.88956717024372,-22.27736528529949,-6.507561575458844,-29.78536479936081,-17.648321899517743],[-30.012126585582973,-6.507561575458844,-22.90708041791495,-21.68577677885022,-6.024414470784632,-23.984639693565665,-10.99237278025683,-14.418718132801867,-20.02507038389184,-0.5584581768380451,-18.036749516079,-12.96586873099628,-7.677245919733788,-17.279516175953205,-4.853549188056972,-12.639637305933901,-13.255439932856579,-2.5481997385655895,-14.094718925277109,-7.412007669585356,-7.998636944749053,-12.488042321748086,-1.204992364241071,-10.869407720962013,-8.710286749427345,-4.149300494230654,-11.110127231014738,-3.8491081028633976,-7.820999879857091,-9.130000077145391,-1.0289588402014436,-9.417309545980848,-5.637309531493486,-5.040990383718272,-8.955684904526214,-1.4725985583579972,-7.585842559977927,-6.784839369239827,-2.5389367591275067,-8.382060501716381,-3.4787148058324835,-5.701579639705635,-7.457217018717191,-0.2759890535598498,-7.52521033050337,-5.103078655724758,-3.784665341501794,-7.765602353256886,-1.809923960153037,-6.434408165070202,-6.434408165070202,-1.809923960153037,-7.765602353256886,-3.784665341501794,-5.103078655724758,-7.52521033050337,-0.2759890535598498,-7.457217018717191,-5.701579639705635,-3.4787148058324835,-8.382060501716381,-2.5389367591275067,-6.784839369239789,-7.585842559977894,-1.4725985583579972,-8.955684904526214,-5.040990383718328,-5.637309531493541,-9.417309545980848,-1.0289588402014436,-9.13000007714536,-7.8209998798571485,-3.8491081028634695,-11.110127231014738,-4.149300494230654,-8.710286749427288,-10.869407720961934,-1.204992364241071,-12.488042321748086,-7.99863694474913,-7.41200766958519,-14.094718925277109,-2.5481997385652746,-13.255439932856579,-12.639637305933901,-4.853549188056519,-17.279516175953205,-7.6772459197335525,-12.96586873099628,-18.036749516079,-0.5584581768377557,-20.02507038389184,-14.418718132801391,-10.99237278025654,-23.984639693565665,-6.024414470784278,-21.68577677885022,-22.90708041791495,-6.507561575458451,-30.012126585582973],[-8.80214973873274,-22.27736528529949,-21.68577677885022,-7.013971021453556,-24.1069723097828,-8.397206140332901,-16.895295944654354,-18.080001943003843,-4.367518650336043,-19.284910924975733,-7.86512818138037,-12.89668750487647,-15.199678678756277,-2.516171321328376,-15.593322288840296,-7.309118684512832,-9.922974131087525,-12.92099483834888,-1.2155618283580658,-12.775361996091561,-6.792308763123769,-7.707855134154288,-11.140464924257216,-0.29077054942242453,-10.634259876851477,-6.352701806911442,-6.053493846995727,-9.773884913716511,-0.3841769297265185,-9.020075255387958,-6.013436865520945,-4.812583157263981,-8.75470064926122,-0.9012918658741642,-7.8192652638717135,-5.789891966641775,-3.8747910085537156,-8.03224265132835,-1.3296781663824064,-6.946506978695275,-5.694708470574735,-3.1564355566407145,-7.570097556963419,-1.7238519505450949,-6.338297492730998,-5.741515337816851,-2.592493567597827,-7.344776292197463,-2.130229230448124,-5.9479315650216655,-5.9479315650216655,-2.130229230448124,-7.344776292197463,-2.592493567597827,-5.741515337816851,-6.338297492730998,-1.7238519505450949,-7.570097556963419,-3.1564355566407145,-5.694708470574735,-6.946506978695275,-1.3296781663824064,-8.03224265132834,-3.8747910085536375,-5.789891966641775,-7.8192652638717135,-0.9012918658740711,-8.754700649261235,-4.812583157263981,-6.013436865520945,-9.020075255387987,-0.3841769297264481,-9.77388491371653,-6.053493846995727,-6.352701806911442,-10.634259876851504,-0.2907705494223429,-11.140464924257216,-7.707855134154288,-6.7923087631236925,-12.775361996091583,-1.2155618283580658,-12.920994838349003,-9.922974131087525,-7.309118684512832,-15.593322288840382,-2.516171321328376,-15.199678678756381,-12.896687504876649,-7.86512818138037,-19.28491092497576,-4.367518650336043,-18.08000194300414,-16.895295944654567,-8.397206140332901,-24.10697230978277,-7.013971021453556,-21.68577677885022,-22.277365285299723,-8.80214973873274],[-20.162241517923423,-22.88956717024336,-6.024414470784632,-24.1069723097828,-7.505716352921442,-17.961601577251585,-16.55692988422477,-7.491121298680094,-19.213982561861403,-3.5206985878118573,-15.734465970810385,-11.754659546177127,-8.112300165573503,-15.229117656041613,-0.7760149771719055,-13.649580453891058,-8.132706206949553,-8.226458559386463,-12.022458329927852,-1.1000466757055474,-11.791135096172777,-5.404663853425275,-8.063091421894585,-9.461814816616718,-2.3839836422728675,-10.190089132383653,-3.3396610887816673,-7.774727774067585,-7.422580078946447,-3.2802225089099206,-8.845181178842559,-1.7530040295450946,-7.460498557527993,-5.79191169689212,-3.939790554151721,-7.736488131214849,-0.49677151971775163,-7.183101642424441,-4.469295779875934,-4.475066498006271,-6.83362770964133,-0.5490056877014319,-6.980662287627546,-3.364842574518366,-4.9712026634504936,-6.100097168060102,-1.484306418418313,-6.874642106349764,-2.3961619424465237,-5.494770756743847,-5.494770756743847,-2.3961619424465237,-6.874642106349764,-1.484306418418313,-6.100097168060102,-4.9712026634504936,-3.364842574518366,-6.980662287627546,-0.5490056877014319,-6.83362770964133,-4.475066498006271,-4.469295779875934,-7.18310164242447,-0.49677151971780686,-7.736488131214849,-3.939790554151721,-5.791911696892057,-7.460498557527965,-1.7530040295450946,-8.845181178842559,-3.280222508910044,-7.422580078946411,-7.7747277740675385,-3.3396610887816673,-10.190089132383653,-2.3839836422729404,-9.461814816616757,-8.063091421894585,-5.404663853425275,-11.791135096172821,-1.1000466757056357,-12.022458329927852,-8.226458559386234,-8.132706206949553,-13.649580453891058,-0.7760149771716919,-15.229117656041613,-8.1123001655733,-11.754659546177127,-15.734465970810385,-3.5206985878116024,-19.213982561861403,-7.491121298679821,-16.556929884224598,-17.961601577251585,-7.505716352921745,-24.1069723097828,-6.024414470784632,-22.889567170243172,-20.162241517923423],[-24.845063949591868,-2.9904359460659697,-23.984639693565665,-8.397206140332901,-17.961601577251585,-15.995041201483803,-8.97370152858241,-18.788649769723357,-0.5220749935513375,-16.96811682533908,-8.374759811287955,-11.680175145969821,-13.140895685078492,-4.624779135559501,-14.269311672743815,-2.3932476142867545,-12.070060869399589,-7.8582013470383645,-7.511749022228491,-10.812896983620595,-1.9177634969714985,-10.97074067065124,-3.36070221829909,-8.674610047201067,-7.2261666267434626,-4.735858143051395,-9.02305333282848,-0.20413404352657538,-8.610793918629582,-3.8767076874836714,-6.325512544101564,-6.677910226150413,-2.8541329408503655,-7.725964366252099,-0.9430077001001768,-6.957222075275198,-4.221278149841826,-4.688331345059794,-6.316709424239742,-1.5183415337631283,-6.860170762715534,-1.8122125952390287,-5.826275232421137,-4.576056815943096,-3.515052668560215,-6.199783521893775,-0.47541951060297055,-6.36754635339957,-2.6123176325319397,-5.072839787958849,-5.072839787958849,-2.6123176325319397,-6.36754635339957,-0.47541951060297055,-6.199783521893775,-3.515052668560215,-4.576056815943096,-5.826275232421137,-1.8122125952390287,-6.860170762715534,-1.5183415337631283,-6.316709424239742,-4.688331345059832,-4.2212781498418686,-6.957222075275198,-0.9430077001001768,-7.725964366252092,-2.8541329408503127,-6.677910226150413,-6.325512544101564,-3.8767076874836173,-8.610793918629595,-0.20413404352651085,-9.02305333282848,-4.735858143051395,-7.226166626743414,-8.674610047201028,-3.36070221829909,-10.97074067065124,-1.9177634969715782,-10.812896983620528,-7.511749022228491,-7.858201347038498,-12.070060869399589,-2.3932476142868495,-14.269311672743807,-4.624779135559501,-13.14089568507861,-11.680175145969981,-8.374759811287955,-16.968116825339166,-0.5220749935513375,-18.788649769723417,-8.973701528582666,-15.995041201483803,-17.961601577251372,-8.397206140332901,-23.984639693565665,-2.99043594606633,-24.845063949591868],[-2.182915146799925,-23.259350075755755,-10.99237278025683,-16.895295944654354,-16.55692988422477,-8.97370152858241,-18.584573538251398,-0.9779494560453045,-17.367116115684443,-5.8555858517750154,-13.632660395339682,-10.675792094870332,-8.361805268968117,-13.074095938589235,-2.60079625322751,-13.067886278680817,-2.7012706623032714,-11.02625006466606,-6.812774519582315,-7.5591052417851134,-9.288510764132374,-3.391784758547684,-9.987138716604298,-0.7551525655165384,-9.044045778805586,-4.265624381212595,-6.811183340088231,-6.697630031001529,-3.777571056837372,-7.8189133346842405,-0.484058261455741,-7.609912196913115,-2.5559160344632605,-6.239082320797816,-4.920774322184399,-4.018088756059161,-6.325087753759394,-1.3453361648420035,-6.64165175406523,-1.3539277265590108,-5.902140462925041,-3.6838200600130735,-4.2792486259408795,-5.324860304085416,-2.054563259083346,-6.068164832260903,-0.4229750661231556,-5.834849802584755,-2.783105146340848,-4.68017111433364,-4.68017111433364,-2.783105146340848,-5.834849802584755,-0.4229750661231556,-6.068164832260903,-2.054563259083346,-5.324860304085416,-4.2792486259408795,-3.6838200600130735,-5.902140462925041,-1.3539277265590108,-6.64165175406523,-1.3453361648420505,-6.325087753759414,-4.018088756059161,-4.920774322184399,-6.239082320797843,-2.5559160344633107,-7.609912196913115,-0.484058261455741,-7.8189133346842254,-3.777571056837425,-6.697630031001567,-6.811183340088231,-4.265624381212595,-9.044045778805604,-0.7551525655166764,-9.987138716604298,-3.391784758547684,-9.288510764132335,-7.5591052417851765,-6.812774519582315,-11.02625006466599,-2.7012706623032714,-13.067886278680817,-2.600796253227796,-13.074095938589235,-8.361805268967942,-10.67579209487034,-13.632660395339682,-5.855585851774792,-17.367116115684443,-0.9779494560450429,-18.584573538251263,-8.97370152858241,-16.556929884224953,-16.895295944654354,-10.99237278025683,-23.259350075755876,-2.182915146799925],[-21.004635179533548,-14.96650484894093,-14.418718132801867,-18.080001943003843,-7.491121298680094,-18.788649769723357,-0.9779494560453045,-17.442001328191072,-4.541531244286326,-14.527443924850676,-8.687459362977954,-10.598219732635147,-11.278733904711437,-6.2091420115479545,-12.313906657719887,-1.8644792777900812,-11.93911273888534,-2.019608909249909,-10.408603559425098,-5.1375658872673275,-8.042963162072882,-7.3028518400306,-5.189227282480643,-8.444352952898688,-2.1860520862167987,-8.59351075134346,-0.6640527263988282,-7.8651453260198725,-3.114480676532577,-6.4348596534705695,-4.986245375819488,-4.515574559358734,-6.172336209302366,-2.335245103037414,-6.6358702056500665,-0.11723534786862326,-6.403451665965313,-1.9357456798560557,-5.555207249310894,-3.6537598647957528,-4.212862884101865,-4.907837746873149,-2.5270182956611147,-5.61458430391717,-0.6645050421836857,-5.737689163131317,-1.2035684695289064,-5.286891602460257,-2.912736583971817,-4.314909709794065,-4.314909709794065,-2.912736583971817,-5.286891602460257,-1.2035684695289064,-5.737689163131317,-0.6645050421836857,-5.61458430391717,-2.5270182956611147,-4.907837746873149,-4.212862884101865,-3.6537598647957528,-5.555207249310894,-1.9357456798560126,-6.4034516659653065,-0.11723534786862326,-6.6358702056500665,-2.33524510303746,-6.17233620930239,-4.515574559358734,-4.986245375819488,-6.434859653470602,-3.1144806765325255,-7.865145326019858,-0.6640527263988282,-8.59351075134346,-2.1860520862168604,-8.444352952898715,-5.189227282480643,-7.3028518400306,-8.042963162072976,-5.137565887267262,-10.408603559425098,-2.0196089092500693,-11.93911273888534,-1.864479277789994,-12.31390665771983,-6.2091420115479545,-11.278733904711553,-10.598219732635293,-8.687459362977954,-14.527443924850772,-4.541531244286326,-17.442001328191047,-0.9779494560455656,-18.788649769723357,-7.491121298679821,-18.080001943003843,-14.418718132801867,-14.96650484894069,-21.004635179533548],[-19.51390984790144,-9.966525480637602,-20.02507038389184,-4.367518650336043,-19.213982561861403,-0.5220749935513375,-17.367116115684443,-4.541531244286326,-14.776678029350071,-7.609887423015524,-11.722823558244734,-9.714814069269785,-8.460253090572046,-10.899852602832803,-5.209045464373341,-11.251124236230563,-2.1493543931950576,-10.884405415367551,-0.5805570792182306,-9.93324649266813,-2.8835553773877276,-8.538598551984805,-4.700789677475565,-6.840219767502339,-6.007385276411623,-4.969965112308352,-6.807252499279792,-3.046925990383613,-7.127512582932096,-1.1742809424199132,-7.012953740848972,-0.5623558112306083,-6.5208364201777185,-2.0953470309429307,-5.716273274617883,-3.374486124229738,-4.668321640353401,-4.365771451265902,-3.4468478362340806,-5.049764047253703,-2.1201556088466953,-5.419762057780129,-0.7533166391920583,-5.47998674387731,-0.5929004308001093,-5.243930703606903,-1.8626346787536792,-4.732971691010883,-3.005219912689192,-3.9753074072433887,-3.9753074072433887,-3.005219912689192,-4.732971691010883,-1.8626346787536792,-5.243930703606903,-0.5929004308001093,-5.47998674387731,-0.7533166391920583,-5.419762057780129,-2.1201556088466953,-5.049764047253703,-3.4468478362340806,-4.365771451265858,-4.668321640353373,-3.374486124229738,-5.716273274617883,-2.095347030942887,-6.520836420177709,-0.5623558112306083,-7.012953740848972,-1.1742809424199636,-7.127512582932085,-3.0469259903835617,-6.807252499279792,-4.969965112308352,-6.007385276411582,-6.840219767502301,-4.700789677475565,-8.538598551984805,-2.8835553773876645,-9.933246492668161,-0.5805570792182306,-10.88440541536756,-2.1493543931950576,-11.251124236230588,-5.209045464373503,-10.899852602832803,-8.460253090571893,-9.714814069269643,-11.722823558244734,-7.609887423015343,-14.776678029350071,-4.541531244286553,-17.367116115684503,-0.5220749935513375,-19.21398256186141,-4.367518650336043,-20.02507038389184,-9.966525480637886,-19.51390984790144],[-3.0654796084199174,-21.363779057583763,-0.5584581768380451,-19.284910924975733,-3.5206985878118573,-16.96811682533908,-5.8555858517750154,-14.527443924850676,-7.609887423015524,-12.05779954350423,-8.83862592654536,-9.635943511395782,-9.601534672217037,-7.321881940503963,-9.960122736838573,-5.160527305261261,-9.975317551581158,-3.1835104028458954,-9.705640096552418,-1.4110498723490192,-9.20585949293049,-0.1461961212628494,-8.526069286476135,-1.4853541239881551,-7.711126343369555,-2.6096782313926328,-6.800394375798731,-3.5270408669570803,-5.8277370757481615,-4.248589608846653,-4.821710113541337,-4.787579023839568,-3.805906366821815,-5.158379292631046,-2.7994142629703234,-5.375658051822379,-1.817354684712619,-5.453728130568836,-0.8714672113701144,-5.406051486297886,-0.029278679593133912,-5.244888383597322,-0.8780676016273462,-4.981080442949245,-1.669634080224198,-4.623956346709809,-2.399684073222316,-4.181349486552259,-3.0643539798126493,-3.6597174660409157,-3.6597174660409157,-3.0643539798126493,-4.181349486552259,-2.399684073222316,-4.623956346709809,-1.669634080224198,-4.981080442949245,-0.8780676016273462,-5.244888383597322,-0.029278679593133912,-5.406051486297886,-0.8714672113701144,-5.453728130568826,-1.8173546847125805,-5.375658051822379,-2.7994142629703234,-5.158379292631023,-3.8059063668217794,-4.787579023839568,-4.821710113541337,-4.248589608846615,-5.82773707574819,-3.5270408669571243,-6.800394375798731,-2.6096782313926328,-7.7111263433695685,-1.4853541239882129,-8.526069286476135,-0.1461961212628494,-9.205859492930484,-1.4110498723490865,-9.705640096552418,-3.1835104028457546,-9.975317551581158,-5.160527305261187,-9.960122736838489,-7.321881940503963,-9.601534672217154,-9.635943511395848,-8.83862592654536,-12.057799543504354,-7.609887423015524,-14.527443924850573,-5.855585851774795,-16.96811682533908,-3.5206985878121153,-19.284910924975733,-0.5584581768380451,-21.363779057583745,-3.0654796084199174],[-20.545755323482894,-7.117959528860166,-18.036749516079,-7.86512818138037,-15.734465970810385,-8.374759811287955,-13.632660395339682,-8.687459362977954,-11.722823558244734,-8.83862592654536,-9.994815666478079,-8.858931480503538,-8.437391080119093,-8.774781830742945,-7.038627483958406,-8.60875462702511,-5.786272356199083,-8.380010867615656,-4.66801833695915,-8.104677554987136,-3.671717920483546,-7.796200178694906,-2.785546787323525,-7.465664510249551,-1.9981240644538758,-7.122087830811249,-1.2985968569338378,-6.7726802046845025,-0.6766955356610622,-6.42307678595137,-0.12276549044724983,-6.077542425264047,-0.37221963813990355,-5.739150048748565,-0.8166588573912945,-5.409934427461212,-1.218335018309198,-5.0910230561460095,-1.584432976509191,-4.7827459220765975,-1.9215618382567017,-4.484725972266193,-2.2357788205925684,-4.195952080761444,-2.5326126214049047,-3.9148362761239275,-2.817084516939096,-3.6392569127067835,-3.093725673002266,-3.3665893620680194,-3.3665893620680194,-3.093725673002266,-3.6392569127067835,-2.817084516939096,-3.9148362761239275,-2.5326126214049047,-4.195952080761444,-2.2357788205925684,-4.484725972266193,-1.9215618382567017,-4.7827459220765975,-1.584432976509191,-5.091023056146019,-1.2183350183092356,-5.409934427461212,-0.8166588573912945,-5.739150048748569,-0.3722196381399455,-6.077542425264047,-0.12276549044724983,-6.423076785951367,-0.6766955356611092,-6.772680204684507,-1.2985968569338378,-7.122087830811249,-1.9981240644539284,-7.465664510249568,-2.785546787323525,-7.796200178694906,-3.6717179204836023,-8.104677554987106,-4.66801833695915,-8.380010867615724,-5.786272356199083,-8.608754627025155,-7.038627483958532,-8.774781830742945,-8.437391080118964,-8.858931480503472,-9.994815666478079,-8.83862592654521,-11.722823558244734,-8.687459362978135,-13.632660395339816,-8.374759811287955,-15.734465970810257,-7.86512818138037,-18.036749516079,-7.117959528859893,-20.545755323482894],[-14.32574259922522,-14.2645884101012,-12.96586873099628,-12.89668750487647,-11.754659546177127,-11.680175145969821,-10.675792094870332,-10.598219732635147,-9.714814069269785,-9.635943511395782,-8.858931480503538,-8.780197806940249,-8.096821208121057,-8.019364917980113,-7.418465559250899,-7.343183563252396,-6.8150063118604205,-6.742595134250295,-6.278616014239709,-6.209608338294576,-5.802384575435828,-5.737180103537429,-5.380219413104008,-5.319110871191268,-5.006757629901541,-4.949952624047291,-4.677288870675393,-4.624928198221693,-4.3876876736150505,-4.339860600826968,-4.134354272476173,-4.09111121351529,-3.9141629370238418,-3.875525903985984,-3.7244170579416607,-3.690388197700007,-3.5628102932349632,-3.533378782829679,-3.4273931977144887,-3.4025407347787433,-3.316544856732629,-3.2962499532894447,-3.2289491401063346,-3.213190404853579,-3.1635752810326907,-3.1523338543538273,-3.1196625657067987,-3.1129238503267955,-3.096708989783302,-3.0944637957620955,-3.0944637957620955,-3.096708989783302,-3.1129238503267955,-3.1196625657067987,-3.1523338543538273,-3.1635752810326907,-3.213190404853579,-3.2289491401063346,-3.2962499532894447,-3.316544856732629,-3.4025407347787433,-3.4273931977144887,-3.533378782829704,-3.562810293234989,-3.690388197700007,-3.7244170579416607,-3.875525903986011,-3.9141629370238697,-4.09111121351529,-4.134354272476173,-4.339860600827001,-4.3876876736150185,-4.624928198221658,-4.677288870675393,-4.949952624047291,-5.006757629901543,-5.3191108711912305,-5.380219413104008,-5.737180103537429,-5.802384575435785,-6.2096083382946174,-6.278616014239709,-6.7425951342502,-6.8150063118604205,-7.343183563252346,-7.41846555925079,-8.019364917980113,-8.096821208121172,-8.780197806940308,-8.858931480503538,-9.635943511395913,-9.714814069269785,-10.598219732635005,-10.675792094870184,-11.680175145969821,-11.754659546177292,-12.89668750487647,-12.96586873099628,-14.264588410101405,-14.32574259922522],[-7.016892159918909,-17.46543922016881,-7.677245919733788,-15.199678678756277,-8.112300165573503,-13.140895685078492,-8.361805268968117,-11.278733904711437,-8.460253090572046,-9.601534672217037,-8.437391080119093,-8.096821208121057,-8.318710824450264,-6.751690411105713,-8.125907223659112,-5.553125155149424,-7.877305843583233,-4.488238676036199,-7.588257095953793,-3.544461369993668,-7.271496773372423,-2.7096791575268235,-6.937473149264735,-1.9723314927062359,-6.594641374325591,-1.3214761241976778,-6.249726289104223,-0.7468268384826142,-5.907955053056393,-0.23876963477044366,-5.573261186802468,-0.21163791069561205,-5.248461756904134,-0.6126799440477549,-4.93540951839611,-0.9720046901523889,-4.635121882798711,-1.2966527403052421,-4.347888606806232,-1.593088579625752,-4.0733601023269665,-1.8672330591719846,-3.8106182498591337,-2.124494882673516,-3.55823154834612,-2.3697995099318283,-3.31429634882415,-2.607614170035254,-3.0764657927836296,-2.8419679131259405,-2.8419679131259405,-3.0764657927836296,-2.607614170035254,-3.31429634882415,-2.3697995099318283,-3.55823154834612,-2.124494882673516,-3.8106182498591337,-1.8672330591719846,-4.0733601023269665,-1.593088579625752,-4.347888606806232,-1.296652740305274,-4.635121882798715,-0.9720046901523889,-4.93540951839611,-0.612679944047791,-5.2484617569041365,-0.21163791069561205,-5.573261186802468,-0.23876963477040286,-5.907955053056393,-0.7468268384826574,-6.249726289104223,-1.3214761241976778,-6.594641374325602,-1.9723314927062832,-6.937473149264735,-2.7096791575268235,-7.271496773372444,-3.5444613699936163,-7.588257095953793,-4.4882386760363095,-7.877305843583233,-5.553125155149424,-8.125907223659206,-6.751690411105713,-8.318710824450157,-8.096821208120998,-8.437391080119093,-9.601534672216925,-8.460253090572046,-11.278733904711553,-8.361805268968299,-13.140895685078492,-8.1123001655733,-15.199678678756277,-7.677245919733788,-17.465439220168722,-7.016892159918909],[-19.121810054341122,-0.16230777534108065,-17.279516175953205,-2.516171321328376,-15.229117656041613,-4.624779135559501,-13.074095938589235,-6.2091420115479545,-10.899852602832803,-7.321881940503963,-8.774781830742945,-8.019364917980113,-6.751690411105713,-8.359031781225097,-4.869440150332811,-8.397275491549017,-3.154707724322337,-8.18781784174928,-1.623776389820215,-7.7805317719781595,-0.2842920477836495,-7.2206521841288875,-0.8630674533414612,-6.5483176976567155,-1.8230464015044363,-5.798387574875728,-2.604412863179905,-5.000481500288057,-3.218721655440585,-4.17919452282636,-3.6792440324045605,-3.3544448160604654,-4.000062994166771,-2.5419175888637437,-4.195328414103431,-1.7535741496901343,-4.2786630466570275,-0.9982005045583092,-4.262708701744798,-0.2819747183800538,-4.158801201388021,-0.39096358245060947,-3.9767628910963926,-1.0179548452807907,-3.7248021725320335,-1.5972831301545427,-3.409510474210868,-2.127670577677623,-3.0359480416722975,-2.6078107344132118,-2.6078107344132118,-3.0359480416722975,-2.127670577677623,-3.409510474210868,-1.5972831301545427,-3.7248021725320335,-1.0179548452807907,-3.9767628910963926,-0.39096358245060947,-4.158801201388021,-0.2819747183800538,-4.262708701744798,-0.9982005045582789,-4.278663046657022,-1.7535741496901343,-4.195328414103431,-2.541917588863714,-4.00006299416675,-3.3544448160604654,-3.6792440324045605,-4.179194522826335,-3.2187216554406173,-5.000481500288077,-2.604412863179905,-5.798387574875728,-1.8230464015044816,-6.548317697656725,-0.8630674533414612,-7.2206521841288875,-0.2842920477835961,-7.780531771978167,-1.623776389820215,-8.187817841749242,-3.154707724322337,-8.397275491548983,-4.8694401503326965,-8.359031781225097,-6.751690411105823,-8.019364917980168,-8.774781830742945,-7.321881940504108,-10.899852602832803,-6.209142011547785,-13.074095938589169,-4.624779135559501,-15.229117656041657,-2.516171321328376,-17.279516175953205,-0.16230777534082153,-19.121810054341122],[-9.496262443653464,-16.041631597279995,-4.853549188056972,-15.593322288840296,-0.7760149771719055,-14.269311672743815,-2.60079625322751,-12.313906657719887,-5.209045464373341,-9.960122736838573,-7.038627483958406,-7.418465559250899,-8.125907223659112,-4.869440150332811,-8.542127960728898,-2.459424729512633,-8.38226356144368,-0.299419540914555,-7.754888655176141,-1.5338870299769292,-6.773451414860331,-2.9953114182762643,-5.549162609915713,-4.067182415283772,-4.185568402220962,-4.754668600949617,-2.774756330877604,-5.0808612224608405,-1.3950548792349502,-5.08196736092082,-0.11002570967284038,-4.802883881141151,-1.0314886065827316,-4.293340412768736,-1.9945133584921646,-3.6047236198212405,-2.7565363683515454,-2.787627949741034,-3.305781983722528,-1.890121303206164,-3.6393720580654945,-0.9566680366730944,-3.7615491571335347,-0.02761616237097039,-3.682100508933538,-0.8608699910246563,-3.415082010797466,-1.676566598203747,-2.97790130709635,-2.390778784943633,-2.390778784943633,-2.97790130709635,-1.676566598203747,-3.415082010797466,-0.8608699910246563,-3.682100508933538,-0.02761616237097039,-3.7615491571335347,-0.9566680366730944,-3.6393720580654945,-1.890121303206164,-3.305781983722528,-2.787627949741012,-2.756536368351534,-3.6047236198212405,-1.9945133584921646,-4.293340412768728,-1.0314886065827151,-4.802883881141151,-0.11002570967284038,-5.081967360920828,-1.3950548792349136,-5.080861222460824,-2.774756330877604,-4.754668600949617,-4.185568402220931,-4.067182415283772,-5.549162609915713,-2.9953114182762643,-6.773451414860315,-1.5338870299769811,-7.754888655176141,-0.29941954091467043,-8.38226356144368,-2.459424729512632,-8.542127960728955,-4.869440150332811,-8.125907223659024,-7.418465559250844,-7.038627483958406,-9.960122736838533,-5.209045464373341,-12.31390665771991,-2.600796253227701,-14.269311672743815,-0.7760149771721186,-15.593322288840296,-4.853549188056972,-16.041631597280094,-9.496262443653464],[-9.790859120058416,-12.4269659586216,-12.639637305933901,-7.309118684512832,-13.649580453891058,-2.3932476142867545,-13.067886278680817,-1.8644792777900812,-11.251124236230563,-5.160527305261261,-8.60875462702511,-7.343183563252396,-5.553125155149424,-8.397275491549017,-2.459424729512633,-8.418961763183544,-0.3626560366663522,-7.585119986709646,-2.6853297610288944,-6.121394572443868,-4.368162144834185,-4.272208452875375,-5.354389058197603,-2.2751264705993126,-5.660399010363446,-0.34101214973714206,-5.3608227386853615,-1.3594560150732868,-4.571542987013145,-2.703076526023844,-3.432610185271113,-3.615943843865099,-2.0926004129218136,-4.070866935638487,-0.695452422569611,-4.081624841147906,-0.6296684301826629,-3.6952970300861034,-1.775362761941988,-2.983777136708791,-2.660071253892515,-2.0353600644128,-3.2296896847888124,-0.9470254053381293,-3.4573069394634173,-0.18223674632038908,-3.341665255301804,-1.256964128293517,-2.9048693859340347,-2.189731922307858,-2.189731922307858,-2.9048693859340347,-1.256964128293517,-3.341665255301804,-0.18223674632038908,-3.4573069394634173,-0.9470254053381293,-3.2296896847888124,-2.0353600644128,-2.660071253892515,-2.983777136708791,-1.775362761941988,-3.6952970300860946,-0.6296684301826351,-4.081624841147906,-0.695452422569611,-4.070866935638493,-2.0926004129218407,-3.615943843865099,-3.432610185271113,-2.7030765260238727,-4.571542987013131,-1.3594560150732513,-5.3608227386853615,-0.34101214973714206,-5.660399010363455,-2.2751264705993517,-5.354389058197603,-4.272208452875375,-4.368162144834223,-6.12139457244387,-2.6853297610288944,-7.585119986709666,-0.3626560366663522,-8.418961763183534,-2.459424729512512,-8.397275491549017,-5.553125155149481,-7.343183563252447,-8.60875462702511,-5.160527305261403,-11.251124236230563,-1.8644792777899066,-13.067886278680831,-2.3932476142867545,-13.649580453891053,-7.309118684512832,-12.639637305933901,-12.426965958621443,-9.790859120058416],[-17.025793936116923,-5.372262608337733,-13.255439932856579,-9.922974131087525,-8.132706206949553,-12.070060869399589,-2.7012706623032714,-11.93911273888534,-2.1493543931950576,-9.975317551581158,-5.786272356199083,-6.8150063118604205,-7.877305843583233,-3.154707724322337,-8.38226356144368,-0.3626560366663522,-7.503445864644624,-3.2314317519543683,-5.610844564535908,-5.130856537544647,-3.1578888643607494,-5.937161894053132,-0.6016009872138368,-5.705636925037631,-1.662529348885051,-4.631212387235996,-3.3448963527751023,-2.9973121029308882,-4.283478602842144,-1.122257581315923,-4.4445254664517755,-0.6891549793756919,-3.906358046121084,-2.1836412013160214,-2.8317570979832305,-3.18425641095397,-1.4346798885322616,-3.601656960217404,-0.05353975292252506,-3.433188075573692,-1.4145015790542503,-2.75233785834788,-2.466944470406665,-1.6915832517063658,-3.0835862791766115,-0.42158336243378425,-3.2004416293494002,-0.8707751015800109,-2.8191998508470193,-2.0035993540763166,-2.0035993540763166,-2.8191998508470193,-0.8707751015800109,-3.2004416293494002,-0.42158336243378425,-3.0835862791766115,-1.6915832517063658,-2.466944470406665,-2.75233785834788,-1.4145015790542503,-3.433188075573692,-0.05353975292252506,-3.6016569602174107,-1.4346798885322862,-3.18425641095397,-2.8317570979832305,-2.1836412013160453,-3.9063580461210945,-0.6891549793756919,-4.4445254664517755,-1.1222575813158917,-4.283478602842158,-2.9973121029309007,-3.3448963527751023,-4.631212387235996,-1.6625293488850883,-5.705636925037635,-0.6016009872138368,-5.937161894053132,-3.157888864360709,-5.13085653754468,-5.610844564535908,-3.2314317519542732,-7.503445864644624,-0.3626560366662947,-8.382263561443688,-3.154707724322337,-7.8773058435831596,-6.8150063118603725,-5.786272356199083,-9.975317551581128,-2.1493543931950576,-11.939112738885338,-2.7012706623031857,-12.070060869399589,-8.132706206949706,-9.922974131087525,-13.255439932856579,-5.372262608337952,-17.025793936116923],[-5.164683959860334,-15.668469522091304,-2.5481997385655895,-12.92099483834888,-8.226458559386463,-7.8582013470383645,-11.02625006466606,-2.019608909249909,-10.884405415367551,-3.1835104028458954,-8.380010867615656,-6.742595134250295,-4.488238676036199,-8.18781784174928,-0.299419540914555,-7.585119986709646,-3.2314317519543683,-5.422543656091993,-5.459040074806654,-2.431106408628414,-6.125508854041066,-0.6103913095818913,-5.344319970875741,-3.044004012152722,-3.51207354154058,-4.446049248832234,-1.179452806852972,-4.673361567496867,-1.085392914343713,-3.8460466545391907,-2.8130497296196486,-2.2819483871024397,-3.710170377065959,-0.40418743811473357,-3.6905196710225114,-1.3561208713054622,-2.8623615804886047,-2.643414528127422,-1.482155629724173,-3.2351017950479988,-0.11158368396276953,-3.0674112270383396,-1.569847750418575,-2.2304989378137146,-2.597687991706728,-0.9382430022553098,-3.0027997102821975,-0.519225930006395,-2.7230503803639605,-1.8313758400232212,-1.8313758400232212,-2.7230503803639605,-0.519225930006395,-3.0027997102821975,-0.9382430022553098,-2.597687991706728,-2.2304989378137146,-1.569847750418575,-3.0674112270383396,-0.11158368396276953,-3.2351017950479988,-1.482155629724173,-2.643414528127438,-2.8623615804886193,-1.3561208713054622,-3.6905196710225114,-0.4041874381147065,-3.7101703770659493,-2.2819483871024397,-2.8130497296196486,-3.846046654539185,-1.0853929143437293,-4.673361567496867,-1.179452806852972,-4.446049248832234,-3.5120735415405546,-3.04400401215269,-5.344319970875741,-0.6103913095818913,-6.1255088540410725,-2.4311064086283714,-5.459040074806654,-5.422543656092056,-3.2314317519543683,-7.585119986709654,-0.29941954091449746,-8.18781784174928,-4.488238676036252,-6.742595134250341,-8.380010867615656,-3.1835104028460393,-10.884405415367551,-2.0196089092500693,-11.026250064666138,-7.8582013470383645,-8.22645855938631,-12.92099483834888,-2.5481997385655895,-15.668469522091321,-5.164683959860334],[-11.532112142865936,-7.016433022416696,-14.094718925277109,-1.2155618283580658,-12.022458329927852,-7.511749022228491,-6.812774519582315,-10.408603559425098,-0.5805570792182306,-9.705640096552418,-4.66801833695915,-6.278616014239709,-7.588257095953793,-1.623776389820215,-7.754888655176141,-2.6853297610288944,-5.610844564535908,-5.459040074806654,-2.1816047180275135,-6.158051679370785,-1.3200355395036618,-4.928710735775424,-3.868441156842555,-2.4413902200002298,-4.87983820705968,-0.38675392355159743,-4.300102443340342,-2.6878671719482328,-2.532591289812846,-3.875141997465087,-0.2542978803394482,-3.7599879114591115,-1.8111345897019206,-2.543877088992395,-3.0966646016970927,-0.7084437737613763,-3.3229689582546866,-1.1511462019530343,-2.5359549166549082,-2.498607469265391,-1.0559906278181383,-2.9913879884576735,-0.6356837608137316,-2.55087172123696,-2.037653061463803,-1.3599526341680128,-2.7600491035330657,-0.20292350830552738,-2.6183957285153054,-1.672118072811992,-1.672118072811992,-2.6183957285153054,-0.20292350830552738,-2.7600491035330657,-1.3599526341680128,-2.037653061463803,-2.55087172123696,-0.6356837608137316,-2.9913879884576735,-1.0559906278181383,-2.498607469265391,-2.5359549166549082,-1.1511462019530456,-3.3229689582546866,-0.7084437737613763,-3.0966646016970927,-2.5438770889923776,-1.8111345897019093,-3.759987911459