{"data":[{"type":"contour","x":[0.0,0.10101010101010101,0.20202020202020202,0.30303030303030304,0.40404040404040403,0.5050505050505051,0.6060606060606061,0.7070707070707071,0.8080808080808081,0.9090909090909091,1.0101010101010102,1.1111111111111112,1.2121212121212122,1.3131313131313131,1.4141414141414141,1.5151515151515151,1.6161616161616161,1.7171717171717171,1.8181818181818181,1.9191919191919191,2.0202020202020203,2.121212121212121,2.2222222222222223,2.323232323232323,2.4242424242424243,2.525252525252525,2.6262626262626263,2.727272727272727,2.8282828282828283,2.9292929292929295,3.0303030303030303,3.1313131313131315,3.2323232323232323,3.3333333333333335,3.4343434343434343,3.5353535353535355,3.6363636363636362,3.7373737373737375,3.8383838383838382,3.9393939393939394,4.040404040404041,4.141414141414141,4.242424242424242,4.343434343434343,4.444444444444445,4.545454545454546,4.646464646464646,4.747474747474747,4.848484848484849,4.94949494949495,5.05050505050505,5.151515151515151,5.252525252525253,5.353535353535354,5.454545454545454,5.555555555555555,5.656565656565657,5.757575757575758,5.858585858585859,5.959595959595959,6.0606060606060606,6.161616161616162,6.262626262626263,6.363636363636363,6.4646464646464645,6.565656565656566,6.666666666666667,6.767676767676767,6.8686868686868685,6.96969696969697,7.070707070707071,7.171717171717172,7.2727272727272725,7.373737373737374,7.474747474747475,7.575757575757576,7.6767676767676765,7.777777777777778,7.878787878787879,7.97979797979798,8.080808080808081,8.181818181818182,8.282828282828282,8.383838383838384,8.484848484848484,8.585858585858587,8.686868686868687,8.787878787878787,8.88888888888889,8.98989898989899,9.090909090909092,9.191919191919192,9.292929292929292,9.393939393939394,9.494949494949495,9.595959595959595,9.696969696969697,9.797979797979798,9.8989898989899,10.0],"y":[0.0,0.10101010101010101,0.20202020202020202,0.30303030303030304,0.40404040404040403,0.5050505050505051,0.6060606060606061,0.7070707070707071,0.8080808080808081,0.9090909090909091,1.0101010101010102,1.1111111111111112,1.2121212121212122,1.3131313131313131,1.4141414141414141,1.5151515151515151,1.6161616161616161,1.7171717171717171,1.8181818181818181,1.9191919191919191,2.0202020202020203,2.121212121212121,2.2222222222222223,2.323232323232323,2.4242424242424243,2.525252525252525,2.6262626262626263,2.727272727272727,2.8282828282828283,2.9292929292929295,3.0303030303030303,3.1313131313131315,3.2323232323232323,3.3333333333333335,3.4343434343434343,3.5353535353535355,3.6363636363636362,3.7373737373737375,3.8383838383838382,3.9393939393939394,4.040404040404041,4.141414141414141,4.242424242424242,4.343434343434343,4.444444444444445,4.545454545454546,4.646464646464646,4.747474747474747,4.848484848484849,4.94949494949495,5.05050505050505,5.151515151515151,5.252525252525253,5.353535353535354,5.454545454545454,5.555555555555555,5.656565656565657,5.757575757575758,5.858585858585859,5.959595959595959,6.0606060606060606,6.161616161616162,6.262626262626263,6.363636363636363,6.4646464646464645,6.565656565656566,6.666666666666667,6.767676767676767,6.8686868686868685,6.96969696969697,7.070707070707071,7.171717171717172,7.2727272727272725,7.373737373737374,7.474747474747475,7.575757575757576,7.6767676767676765,7.777777777777778,7.878787878787879,7.97979797979798,8.080808080808081,8.181818181818182,8.282828282828282,8.383838383838384,8.484848484848484,8.585858585858587,8.686868686868687,8.787878787878787,8.88888888888889,8.98989898989899,9.090909090909092,9.191919191919192,9.292929292929292,9.393939393939394,9.494949494949495,9.595959595959595,9.696969696969697,9.797979797979798,9.8989898989899,10.0],"z":[[0.75,0.75,0.75,0.75,0.75,0.75,0.75,0.75,0.75,0.75,0.75,0.75,0.75,0.75,0.75,0.75,0.75,0.75,0.75,0.75,0.75,0.75,0.75,0.75,0.75,0.75,0.75,0.75,0.75,0.75,0.75,0.75,0.75,0.75,0.75,0.75,0.75,0.75,0.75,0.75,0.75,0.75,0.75,0.75,0.75,0.75,0.75,0.75,0.75,0.75,0.75,0.75,0.75,0.75,0.75,0.75,0.75,0.75,0.75,0.75,0.75,0.75,0.75,0.75,0.75,0.75,0.75,0.75,0.75,0.75,0.75,0.75,0.75,0.75,0.75,0.75,0.75,0.75,0.75,0.75,0.75,0.75,0.75,0.75,0.75,0.75,0.75,0.75,0.75,0.75,0.75,0.75,0.75,0.75,0.75,0.75,0.75,0.75,0.75,0.75],[0.75,0.7397969594939292,0.7295939189878584,0.7193908784817876,0.7091878379757167,0.6989847974696459,0.6887817569635751,0.6785787164575043,0.6683756759514335,0.6581726354453628,0.6479695949392918,0.6377665544332211,0.6275635139271503,0.6173604734210795,0.6071574329150087,0.5969543924089379,0.5867513519028671,0.5765483113967962,0.5663452708907255,0.5561422303846546,0.5459391898785838,0.535736149372513,0.5255331088664422,0.5153300683603714,0.5051270278543005,0.4949239873482298,0.48472094684215894,0.4745179063360882,0.46431486583001735,0.4541118253239465,0.4439087848178757,0.4337057443118049,0.4235027038057341,0.4132996632996633,0.4030966227935925,0.3928935822875217,0.3826905417814509,0.37248750127538005,0.36228446076930926,0.35208142026323846,0.3418783797571676,0.3316753392510969,0.32147229874502603,0.31126925823895524,0.3010662177328844,0.29086317722681354,0.2806601367207428,0.270457096214672,0.26025405570860116,0.2500510152025303,0.23984797469645958,0.22964493419038878,0.21944189368431788,0.2092388531782471,0.1990358126721764,0.1888327721661055,0.1786297316600347,0.16842669115396391,0.158223650647893,0.14802061014182233,0.13781756963575142,0.12761452912968063,0.11741148862360984,0.10720844811753905,0.09700540761146825,0.08680236710539746,0.07659932659932656,0.06639628609325587,0.05619324558718497,0.04599020508111418,0.035787164575043384,0.02558412406897248,0.015381083562901798,0.005178043056831005,-0.0050249974492398986,-0.015228037955310691,-0.025431078461381484,-0.03563411896745228,-0.04583715947352307,-0.056040199979593974,-0.06624324048566477,-0.07644628099173556,-0.08664932149780624,-0.09685236200387715,-0.10705540250994794,-0.11725844301601884,-0.12746148352208952,-0.13766452402816032,-0.14786756453423122,-0.15807060504030201,-0.16827364554637292,-0.1784766860524436,-0.1886797265585144,-0.1988827670645853,-0.20908580757065598,-0.21928884807672677,-0.22949188858279768,-0.23969492908886847,-0.24989796959493937,-0.26010101010101017],[0.75,0.7295939189878584,0.7091878379757167,0.6887817569635751,0.6683756759514335,0.6479695949392918,0.6275635139271503,0.6071574329150087,0.5867513519028671,0.5663452708907255,0.5459391898785838,0.5255331088664422,0.5051270278543005,0.48472094684215894,0.46431486583001735,0.4439087848178757,0.4235027038057341,0.4030966227935925,0.3826905417814509,0.36228446076930926,0.3418783797571676,0.32147229874502603,0.3010662177328844,0.2806601367207428,0.26025405570860116,0.23984797469645958,0.21944189368431788,0.1990358126721764,0.1786297316600347,0.158223650647893,0.13781756963575142,0.11741148862360984,0.09700540761146825,0.07659932659932656,0.05619324558718497,0.035787164575043384,0.015381083562901798,-0.0050249974492398986,-0.025431078461381484,-0.04583715947352307,-0.06624324048566477,-0.08664932149780624,-0.10705540250994794,-0.12746148352208952,-0.14786756453423122,-0.16827364554637292,-0.1886797265585144,-0.20908580757065598,-0.22949188858279768,-0.24989796959493937,-0.27030405060708085,-0.29071013161922243,-0.31111621263136424,-0.3315222936435058,-0.3519283746556472,-0.372334455667789,-0.3927405366799306,-0.41314661769207217,-0.433552698704214,-0.45395877971635534,-0.47436486072849715,-0.49477094174063874,-0.5151770227527803,-0.5355831037649219,-0.5559891847770635,-0.5763952657892051,-0.5968013468013469,-0.6172074278134883,-0.6376135088256301,-0.6580195898377716,-0.6784256708499132,-0.698831751862055,-0.7192378328741964,-0.739643913886338,-0.7600499948984798,-0.7804560759106214,-0.800862156922763,-0.8212682379349046,-0.8416743189470461,-0.862080399959188,-0.8824864809713295,-0.9028925619834711,-0.9232986429956125,-0.9437047240077543,-0.9641108050198959,-0.9845168860320377,-1.004922967044179,-1.0253290480563206,-1.0457351290684624,-1.066141210080604,-1.0865472910927458,-1.1069533721048872,-1.1273594531170288,-1.1477655341291706,-1.168171615141312,-1.1885776961534535,-1.2089837771655954,-1.229389858177737,-1.2497959391898787,-1.2702020202020203],[0.75,0.7193908784817876,0.6887817569635751,0.6581726354453628,0.6275635139271503,0.5969543924089379,0.5663452708907254,0.535736149372513,0.5051270278543005,0.47451790633608815,0.4439087848178757,0.4132996632996633,0.38269054178145084,0.3520814202632384,0.32147229874502603,0.2908631772268136,0.26025405570860116,0.22964493419038878,0.1990358126721763,0.16842669115396391,0.13781756963575142,0.10720844811753905,0.07659932659932656,0.04599020508111418,0.015381083562901687,-0.015228037955310691,-0.04583715947352318,-0.07644628099173545,-0.10705540250994794,-0.13766452402816043,-0.1682736455463728,-0.1988827670645853,-0.22949188858279768,-0.26010101010101017,-0.29071013161922243,-0.3213192531374349,-0.3519283746556474,-0.3825374961738599,-0.41314661769207217,-0.44375573921028466,-0.47436486072849715,-0.5049739822467094,-0.5355831037649219,-0.5661922252831344,-0.5968013468013469,-0.6274104683195594,-0.6580195898377716,-0.6886287113559841,-0.7192378328741966,-0.7498469543924091,-0.7804560759106214,-0.8110651974288339,-0.8416743189470464,-0.8722834404652589,-0.9028925619834709,-0.9335016835016834,-0.9641108050198959,-0.9947199265381084,-1.0253290480563209,-1.0559381695745331,-1.0865472910927456,-1.117156412610958,-1.1477655341291706,-1.1783746556473829,-1.2089837771655954,-1.2395928986838078,-1.2702020202020203,-1.3008111417202324,-1.3314202632384449,-1.3620293847566574,-1.3926385062748698,-1.4232476277930823,-1.4538567493112948,-1.4844658708295073,-1.5150749923477198,-1.5456841138659323,-1.5762932353841443,-1.6069023569023568,-1.6375114784205693,-1.6681205999387818,-1.6987297214569943,-1.7293388429752068,-1.7599479644934188,-1.7905570860116318,-1.8211662075298438,-1.8517753290480568,-1.8823844505662688,-1.9129935720844808,-1.9436026936026938,-1.9742118151209058,-2.0048209366391188,-2.035430058157331,-2.0660391796755433,-2.096648301193756,-2.1272574227119683,-2.1578665442301803,-2.1884756657483933,-2.2190847872666053,-2.2496939087848182,-2.2803030303030303],[0.75,0.7091878379757167,0.6683756759514335,0.6275635139271503,0.5867513519028671,0.5459391898785838,0.5051270278543005,0.46431486583001735,0.4235027038057341,0.3826905417814509,0.3418783797571676,0.3010662177328844,0.26025405570860116,0.21944189368431788,0.1786297316600347,0.13781756963575142,0.09700540761146825,0.05619324558718497,0.015381083562901798,-0.025431078461381484,-0.06624324048566477,-0.10705540250994794,-0.14786756453423122,-0.1886797265585144,-0.22949188858279768,-0.27030405060708085,-0.31111621263136424,-0.3519283746556472,-0.3927405366799306,-0.433552698704214,-0.47436486072849715,-0.5151770227527803,-0.5559891847770635,-0.5968013468013469,-0.6376135088256301,-0.6784256708499132,-0.7192378328741964,-0.7600499948984798,-0.800862156922763,-0.8416743189470461,-0.8824864809713295,-0.9232986429956125,-0.9641108050198959,-1.004922967044179,-1.0457351290684624,-1.0865472910927458,-1.1273594531170288,-1.168171615141312,-1.2089837771655954,-1.2497959391898787,-1.2906081012141617,-1.3314202632384449,-1.3722324252627285,-1.4130445872870117,-1.4538567493112944,-1.494668911335578,-1.5354810733598612,-1.5762932353841443,-1.617105397408428,-1.6579175594327107,-1.6987297214569943,-1.7395418834812775,-1.7803540455055606,-1.8211662075298438,-1.861978369554127,-1.9027905315784102,-1.9436026936026938,-1.9844148556269765,-2.02522701765126,-2.0660391796755433,-2.1068513416998265,-2.14766350372411,-2.188475665748393,-2.229287827772676,-2.2700999897969596,-2.3109121518212428,-2.351724313845526,-2.392536475869809,-2.4333486378940923,-2.474160799918376,-2.514972961942659,-2.5557851239669422,-2.596597285991225,-2.6374094480155086,-2.6782216100397918,-2.7190337720640754,-2.759845934088358,-2.8006580961126413,-2.841470258136925,-2.882282420161208,-2.9230945821854917,-2.9639067442097744,-3.0047189062340576,-3.045531068258341,-3.086343230282624,-3.127155392306907,-3.1679675543311907,-3.208779716355474,-3.2495918783797575,-3.2904040404040407],[0.75,0.6989847974696459,0.6479695949392918,0.5969543924089379,0.5459391898785838,0.49492398734822973,0.4439087848178757,0.39289358228752164,0.3418783797571676,0.2908631772268136,0.23984797469645946,0.1888327721661054,0.13781756963575142,0.08680236710539735,0.03578716457504327,-0.015228037955310691,-0.06624324048566477,-0.11725844301601884,-0.1682736455463728,-0.21928884807672688,-0.27030405060708107,-0.3213192531374349,-0.3723344556677892,-0.4233496581981431,-0.47436486072849715,-0.5253800632588512,-0.5763952657892053,-0.6274104683195592,-0.6784256708499135,-0.7294408733802675,-0.7804560759106214,-0.8314712784409757,-0.8824864809713295,-0.9335016835016836,-0.9845168860320377,-1.0355320885623918,-1.0865472910927456,-1.1375624936231,-1.1885776961534538,-1.2395928986838078,-1.2906081012141621,-1.341623303744516,-1.3926385062748698,-1.4436537088052241,-1.4946689113355784,-1.5456841138659323,-1.5966993163962862,-1.6477145189266404,-1.6987297214569943,-1.7497449239873486,-1.8007601265177025,-1.8517753290480563,-1.9027905315784106,-1.953805734108765,-2.0048209366391183,-2.0558361391694726,-2.106851341699827,-2.1578665442301808,-2.208881746760535,-2.259896949290889,-2.3109121518212428,-2.361927354351597,-2.4129425568819514,-2.4639577594123048,-2.514972961942659,-2.5659881644730134,-2.617003367003367,-2.668018569533721,-2.7190337720640754,-2.7700489745944292,-2.8210641771247835,-2.872079379655138,-2.9230945821854912,-2.9741097847158455,-3.0251249872462,-3.0761401897765537,-3.1271553923069075,-3.178170594837262,-3.2291857973676157,-3.2802009998979704,-3.3312162024283243,-3.382231404958678,-3.433246607489032,-3.484261810019386,-3.5352770125497397,-3.5862922150800944,-3.6373074176104483,-3.688322620140802,-3.739337822671157,-3.79035302520151,-3.8413682277318646,-3.8923834302622184,-3.9433986327925723,-3.994413835322927,-4.045429037853281,-4.096444240383634,-4.147459442913989,-4.1984746454443425,-4.249489847974697,-4.300505050505051],[0.75,0.6887817569635751,0.6275635139271503,0.5663452708907254,0.5051270278543005,0.4439087848178757,0.38269054178145084,0.32147229874502603,0.26025405570860116,0.1990358126721763,0.13781756963575142,0.07659932659932656,0.015381083562901687,-0.04583715947352318,-0.10705540250994794,-0.1682736455463728,-0.22949188858279768,-0.29071013161922243,-0.3519283746556474,-0.41314661769207217,-0.47436486072849715,-0.5355831037649219,-0.5968013468013469,-0.6580195898377716,-0.7192378328741966,-0.7804560759106214,-0.8416743189470464,-0.9028925619834709,-0.9641108050198959,-1.0253290480563209,-1.0865472910927456,-1.1477655341291706,-1.2089837771655954,-1.2702020202020203,-1.3314202632384449,-1.3926385062748698,-1.4538567493112948,-1.5150749923477198,-1.5762932353841443,-1.6375114784205693,-1.6987297214569943,-1.7599479644934188,-1.8211662075298438,-1.8823844505662688,-1.9436026936026938,-2.0048209366391188,-2.0660391796755433,-2.1272574227119683,-2.1884756657483933,-2.2496939087848182,-2.3109121518212428,-2.3721303948576677,-2.4333486378940927,-2.4945668809305177,-2.555785123966942,-2.6170033670033668,-2.6782216100397918,-2.7394398530762167,-2.8006580961126417,-2.8618763391490663,-2.9230945821854912,-2.984312825221916,-3.045531068258341,-3.1067493112947657,-3.1679675543311907,-3.2291857973676157,-3.2904040404040407,-3.3516222834404648,-3.4128405264768897,-3.4740587695133147,-3.5352770125497397,-3.5964952555861647,-3.6577134986225897,-3.7189317416590146,-3.7801499846954396,-3.8413682277318646,-3.9025864707682887,-3.9638047138047137,-4.025022956841139,-4.086241199877564,-4.147459442913989,-4.208677685950414,-4.269895928986838,-4.3311141720232635,-4.392332415059688,-4.4535506580961135,-4.514768901132538,-4.575987144168962,-4.6372053872053876,-4.698423630241812,-4.7596418732782375,-4.820860116314662,-4.882078359351087,-4.943296602387512,-5.0045148454239365,-5.065733088460361,-5.1269513314967865,-5.188169574533211,-5.2493878175696365,-5.3106060606060606],[0.75,0.6785787164575043,0.6071574329150087,0.535736149372513,0.46431486583001735,0.39289358228752164,0.32147229874502603,0.25005101520253037,0.1786297316600347,0.10720844811753905,0.03578716457504327,-0.03563411896745239,-0.10705540250994794,-0.1784766860524436,-0.24989796959493926,-0.3213192531374349,-0.3927405366799306,-0.46416182022242625,-0.5355831037649219,-0.6070043873074176,-0.6784256708499135,-0.7498469543924089,-0.8212682379349048,-0.8926895214774002,-0.9641108050198959,-1.0355320885623915,-1.1069533721048872,-1.1783746556473829,-1.2497959391898785,-1.3212172227323742,-1.3926385062748698,-1.4640597898173655,-1.5354810733598612,-1.6069023569023568,-1.6783236404448525,-1.7497449239873482,-1.8211662075298438,-1.8925874910723395,-1.9640087746148351,-2.035430058157331,-2.106851341699827,-2.178272625242322,-2.249693908784818,-2.3211151923273134,-2.3925364758698096,-2.463957759412305,-2.5353790429548004,-2.606800326497296,-2.6782216100397918,-2.749642893582288,-2.821064177124783,-2.8924854606672787,-2.9639067442097744,-3.0353280277522705,-3.1067493112947657,-3.1781705948372614,-3.249591878379757,-3.321013161922253,-3.3924344454647484,-3.4638557290072436,-3.5352770125497397,-3.606698296092236,-3.678119579634731,-3.7495408631772262,-3.8209621467197223,-3.8923834302622184,-3.9638047138047137,-4.035225997347209,-4.106647280889705,-4.178068564432201,-4.249489847974696,-4.320911131517192,-4.392332415059688,-4.463753698602184,-4.535174982144679,-4.606596265687175,-4.67801754922967,-4.749438832772166,-4.820860116314662,-4.892281399857158,-4.963702683399654,-5.035123966942149,-5.106545250484644,-5.17796653402714,-5.249387817569636,-5.320809101112132,-5.392230384654627,-5.463651668197122,-5.535072951739619,-5.606494235282113,-5.67791551882461,-5.749336802367106,-5.820758085909601,-5.892179369452097,-5.963600652994592,-6.035021936537087,-6.1064432200795835,-6.177864503622079,-6.249285787164576,-6.320707070707071],[0.75,0.6683756759514335,0.5867513519028671,0.5051270278543005,0.4235027038057341,0.3418783797571676,0.26025405570860116,0.1786297316600347,0.09700540761146825,0.015381083562901798,-0.06624324048566477,-0.14786756453423122,-0.22949188858279768,-0.31111621263136424,-0.3927405366799306,-0.47436486072849715,-0.5559891847770635,-0.6376135088256301,-0.7192378328741964,-0.800862156922763,-0.8824864809713295,-0.9641108050198959,-1.0457351290684624,-1.1273594531170288,-1.2089837771655954,-1.2906081012141617,-1.3722324252627285,-1.4538567493112944,-1.5354810733598612,-1.617105397408428,-1.6987297214569943,-1.7803540455055606,-1.861978369554127,-1.9436026936026938,-2.02522701765126,-2.1068513416998265,-2.188475665748393,-2.2700999897969596,-2.351724313845526,-2.4333486378940923,-2.514972961942659,-2.596597285991225,-2.6782216100397918,-2.759845934088358,-2.841470258136925,-2.9230945821854917,-3.0047189062340576,-3.086343230282624,-3.1679675543311907,-3.2495918783797575,-3.3312162024283234,-3.4128405264768897,-3.494464850525457,-3.5760891745740233,-3.6577134986225888,-3.739337822671156,-3.8209621467197223,-3.9025864707682887,-3.984210794816856,-4.065835118865421,-4.147459442913989,-4.229083766962555,-4.310708091011121,-4.392332415059688,-4.473956739108254,-4.55558106315682,-4.6372053872053876,-4.718829711253953,-4.80045403530252,-4.882078359351087,-4.963702683399653,-5.04532700744822,-5.126951331496786,-5.208575655545352,-5.290199979593919,-5.3718243036424855,-5.453448627691052,-5.535072951739618,-5.616697275788185,-5.698321599836752,-5.779945923885318,-5.8615702479338845,-5.94319457198245,-6.024818896031017,-6.1064432200795835,-6.188067544128151,-6.269691868176716,-6.3513161922252825,-6.43294051627385,-6.514564840322416,-6.596189164370983,-6.677813488419549,-6.759437812468115,-6.841062136516682,-6.922686460565248,-7.004310784613814,-7.085935108662381,-7.167559432710948,-7.249183756759515,-7.330808080808081],[0.75,0.6581726354453628,0.5663452708907255,0.47451790633608815,0.3826905417814509,0.2908631772268136,0.1990358126721763,0.10720844811753905,0.015381083562901798,-0.07644628099173545,-0.1682736455463728,-0.26010101010101017,-0.3519283746556474,-0.44375573921028466,-0.5355831037649219,-0.6274104683195592,-0.7192378328741964,-0.8110651974288337,-0.9028925619834709,-0.9947199265381081,-1.0865472910927456,-1.1783746556473829,-1.2702020202020203,-1.3620293847566574,-1.4538567493112948,-1.5456841138659319,-1.6375114784205693,-1.7293388429752063,-1.8211662075298438,-1.9129935720844813,-2.0048209366391183,-2.096648301193756,-2.188475665748393,-2.2803030303030303,-2.3721303948576673,-2.4639577594123048,-2.555785123966942,-2.6476124885215793,-2.7394398530762163,-2.8312672176308538,-2.9230945821854912,-3.0149219467401283,-3.1067493112947657,-3.198576675849403,-3.2904040404040407,-3.382231404958678,-3.4740587695133147,-3.565886134067952,-3.6577134986225897,-3.749540863177227,-3.8413682277318637,-3.933195592286501,-4.025022956841139,-4.116850321395776,-4.208677685950413,-4.30050505050505,-4.392332415059688,-4.484159779614325,-4.575987144168963,-4.667814508723599,-4.759641873278237,-4.851469237832874,-4.943296602387512,-5.035123966942148,-5.126951331496786,-5.218778696051423,-5.3106060606060606,-5.402433425160697,-5.494260789715335,-5.586088154269972,-5.6779155188246095,-5.769742883379247,-5.861570247933884,-5.953397612488521,-6.0452249770431585,-6.137052341597796,-6.228879706152433,-6.32070707070707,-6.4125344352617075,-6.504361799816345,-6.5961891643709825,-6.688016528925619,-6.7798438934802565,-6.871671258034894,-6.9634986225895315,-7.055325987144169,-7.147153351698806,-7.238980716253443,-7.330808080808081,-7.422635445362717,-7.514462809917356,-7.606290174471992,-7.698117539026629,-7.789944903581267,-7.881772268135904,-7.97359963269054,-8.06542699724518,-8.157254361799815,-8.249081726354454,-8.34090909090909],[0.75,0.6479695949392918,0.5459391898785838,0.4439087848178757,0.3418783797571676,0.23984797469645946,0.13781756963575142,0.03578716457504327,-0.06624324048566477,-0.1682736455463728,-0.27030405060708107,-0.3723344556677892,-0.47436486072849715,-0.5763952657892053,-0.6784256708499135,-0.7804560759106214,-0.8824864809713295,-0.9845168860320377,-1.0865472910927456,-1.1885776961534538,-1.2906081012141621,-1.3926385062748698,-1.4946689113355784,-1.5966993163962862,-1.6987297214569943,-1.8007601265177025,-1.9027905315784106,-2.0048209366391183,-2.106851341699827,-2.208881746760535,-2.3109121518212428,-2.4129425568819514,-2.514972961942659,-2.617003367003367,-2.7190337720640754,-2.8210641771247835,-2.9230945821854912,-3.0251249872462,-3.1271553923069075,-3.2291857973676157,-3.3312162024283243,-3.433246607489032,-3.5352770125497397,-3.6373074176104483,-3.739337822671157,-3.8413682277318646,-3.9433986327925723,-4.045429037853281,-4.147459442913989,-4.249489847974697,-4.351520253035405,-4.453550658096113,-4.555581063156821,-4.65761146821753,-4.759641873278237,-4.861672278338945,-4.963702683399654,-5.0657330884603615,-5.16776349352107,-5.269793898581778,-5.3718243036424855,-5.473854708703194,-5.575885113763903,-5.6779155188246095,-5.779945923885318,-5.881976328946027,-5.984006734006734,-6.086037139067442,-6.188067544128151,-6.2900979491888585,-6.392128354249567,-6.494158759310276,-6.5961891643709825,-6.698219569431691,-6.8002499744924,-6.902280379553107,-7.004310784613815,-7.106341189674524,-7.208371594735231,-7.310401999795941,-7.412432404856649,-7.514462809917356,-7.616493214978064,-7.718523620038772,-7.820554025099479,-7.922584430160189,-8.024614835220897,-8.126645240281604,-8.228675645342314,-8.33070605040302,-8.43273645546373,-8.534766860524437,-8.636797265585145,-8.738827670645854,-8.840858075706562,-8.942888480767268,-9.044918885827977,-9.146949290888685,-9.248979695949394,-9.351010101010102],[0.75,0.6377665544332211,0.5255331088664422,0.4132996632996633,0.3010662177328844,0.1888327721661054,0.07659932659932656,-0.03563411896745239,-0.14786756453423122,-0.26010101010101017,-0.3723344556677892,-0.48456790123456805,-0.5968013468013469,-0.7090347923681257,-0.8212682379349048,-0.9335016835016836,-1.0457351290684624,-1.1579685746352413,-1.2702020202020203,-1.3824354657687992,-1.4946689113355784,-1.6069023569023568,-1.719135802469136,-1.8313692480359145,-1.9436026936026938,-2.0558361391694726,-2.1680695847362514,-2.2803030303030303,-2.3925364758698096,-2.5047699214365884,-2.617003367003367,-2.729236812570146,-2.841470258136925,-2.953703703703704,-3.0659371492704826,-3.178170594837262,-3.2904040404040407,-3.4026374859708195,-3.5148709315375983,-3.627104377104377,-3.739337822671157,-3.851571268237935,-3.9638047138047137,-4.0760381593714925,-4.188271604938272,-4.300505050505051,-4.412738496071829,-4.524971941638609,-4.6372053872053876,-4.749438832772166,-4.861672278338945,-4.973905723905724,-5.086139169472503,-5.198372615039283,-5.3106060606060606,-5.422839506172839,-5.535072951739619,-5.647306397306398,-5.759539842873177,-5.871773288439955,-5.984006734006734,-6.096240179573513,-6.208473625140292,-6.320707070707071,-6.43294051627385,-6.545173961840629,-6.657407407407408,-6.769640852974186,-6.881874298540965,-6.994107744107745,-7.106341189674524,-7.2185746352413025,-7.330808080808081,-7.443041526374859,-7.555274971941639,-7.667508417508419,-7.779741863075197,-7.891975308641976,-8.004208754208754,-8.116442199775534,-8.228675645342314,-8.340909090909092,-8.45314253647587,-8.56537598204265,-8.677609427609427,-8.789842873176207,-8.902076318742985,-9.014309764309765,-9.126543209876544,-9.238776655443322,-9.351010101010102,-9.46324354657688,-9.575476992143658,-9.68771043771044,-9.799943883277217,-9.912177328843995,-10.024410774410775,-10.136644219977553,-10.248877665544333,-10.36111111111111],[0.75,0.6275635139271503,0.5051270278543005,0.38269054178145084,0.26025405570860116,0.13781756963575142,0.015381083562901687,-0.10705540250994794,-0.22949188858279768,-0.3519283746556474,-0.47436486072849715,-0.5968013468013469,-0.7192378328741966,-0.8416743189470464,-0.9641108050198959,-1.0865472910927456,-1.2089837771655954,-1.3314202632384449,-1.4538567493112948,-1.5762932353841443,-1.6987297214569943,-1.8211662075298438,-1.9436026936026938,-2.0660391796755433,-2.1884756657483933,-2.3109121518212428,-2.4333486378940927,-2.555785123966942,-2.6782216100397918,-2.8006580961126417,-2.9230945821854912,-3.045531068258341,-3.1679675543311907,-3.2904040404040407,-3.4128405264768897,-3.5352770125497397,-3.6577134986225897,-3.7801499846954396,-3.9025864707682887,-4.025022956841139,-4.147459442913989,-4.269895928986838,-4.392332415059688,-4.514768901132538,-4.6372053872053876,-4.7596418732782375,-4.882078359351087,-5.0045148454239365,-5.1269513314967865,-5.2493878175696365,-5.3718243036424855,-5.4942607897153355,-5.6166972757881855,-5.739133761861035,-5.861570247933884,-5.9840067340067336,-6.1064432200795835,-6.2288797061524335,-6.351316192225283,-6.4737526782981325,-6.5961891643709825,-6.718625650443832,-6.841062136516682,-6.9634986225895315,-7.085935108662381,-7.208371594735231,-7.330808080808081,-7.4532445668809295,-7.5756810529537795,-7.698117539026629,-7.820554025099479,-7.942990511172329,-8.06542699724518,-8.18786348331803,-8.31029996939088,-8.43273645546373,-8.555172941536577,-8.677609427609427,-8.800045913682277,-8.922482399755127,-9.044918885827977,-9.167355371900827,-9.289791857973675,-9.412228344046527,-9.534664830119375,-9.657101316192227,-9.779537802265075,-9.901974288337923,-10.024410774410775,-10.146847260483623,-10.269283746556475,-10.391720232629323,-10.514156718702173,-10.636593204775023,-10.759029690847873,-10.881466176920721,-11.003902662993573,-11.126339149066421,-11.248775635139273,-11.371212121212121],[0.75,0.6173604734210795,0.48472094684215894,0.3520814202632384,0.21944189368431788,0.08680236710539735,-0.04583715947352318,-0.1784766860524436,-0.31111621263136424,-0.44375573921028466,-0.5763952657892053,-0.7090347923681257,-0.8416743189470464,-0.9743138455259668,-1.1069533721048872,-1.2395928986838078,-1.3722324252627285,-1.5048719518416487,-1.6375114784205693,-1.77015100499949,-1.9027905315784106,-2.035430058157331,-2.1680695847362514,-2.3007091113151716,-2.4333486378940927,-2.565988164473013,-2.6986276910519336,-2.8312672176308538,-2.9639067442097744,-3.0965462707886955,-3.2291857973676157,-3.3618253239465368,-3.494464850525457,-3.627104377104377,-3.7597439036832974,-3.8923834302622184,-4.025022956841139,-4.15766248342006,-4.29030200999898,-4.4229415365779,-4.555581063156821,-4.6882205897357405,-4.820860116314662,-4.953499642893583,-5.086139169472503,-5.218778696051424,-5.351418222630343,-5.484057749209264,-5.6166972757881855,-5.749336802367106,-5.881976328946026,-6.014615855524946,-6.147255382103867,-6.279894908682788,-6.4125344352617075,-6.545173961840629,-6.677813488419549,-6.81045301499847,-6.943092541577391,-7.07573206815631,-7.208371594735231,-7.341011121314152,-7.4736506478930735,-7.606290174471992,-7.738929701050914,-7.871569227629834,-8.004208754208754,-8.136848280787675,-8.269487807366595,-8.402127333945517,-8.534766860524437,-8.667406387103357,-8.800045913682277,-8.932685440261197,-9.06532496684012,-9.19796449341904,-9.33060401999796,-9.46324354657688,-9.5958830731558,-9.728522599734722,-9.861162126313642,-9.993801652892563,-10.126441179471481,-10.259080706050403,-10.391720232629323,-10.524359759208245,-10.656999285787165,-10.789638812366084,-10.922278338945006,-11.054917865523926,-11.187557392102848,-11.320196918681768,-11.452836445260687,-11.585475971839609,-11.718115498418529,-11.850755024997449,-11.983394551576371,-12.11603407815529,-12.248673604734211,-12.381313131313131],[0.75,0.6071574329150087,0.46431486583001735,0.32147229874502603,0.1786297316600347,0.03578716457504327,-0.10705540250994794,-0.24989796959493926,-0.3927405366799306,-0.5355831037649219,-0.6784256708499135,-0.8212682379349048,-0.9641108050198959,-1.1069533721048872,-1.2497959391898785,-1.3926385062748698,-1.5354810733598612,-1.6783236404448525,-1.8211662075298438,-1.9640087746148351,-2.106851341699827,-2.249693908784818,-2.3925364758698096,-2.5353790429548004,-2.6782216100397918,-2.821064177124783,-2.9639067442097744,-3.1067493112947657,-3.249591878379757,-3.3924344454647484,-3.5352770125497397,-3.678119579634731,-3.8209621467197223,-3.9638047138047137,-4.106647280889705,-4.249489847974696,-4.392332415059688,-4.535174982144679,-4.67801754922967,-4.820860116314662,-4.963702683399654,-5.106545250484644,-5.249387817569636,-5.392230384654627,-5.535072951739619,-5.67791551882461,-5.820758085909601,-5.963600652994592,-6.1064432200795835,-6.249285787164576,-6.392128354249566,-6.5349709213345575,-6.677813488419549,-6.820656055504541,-6.9634986225895315,-7.106341189674523,-7.249183756759514,-7.392026323844506,-7.534868890929497,-7.677711458014487,-7.820554025099479,-7.963396592184472,-8.106239159269462,-8.249081726354452,-8.391924293439445,-8.534766860524437,-8.677609427609427,-8.820451994694418,-8.96329456177941,-9.106137128864402,-9.248979695949393,-9.391822263034385,-9.534664830119375,-9.677507397204367,-9.820349964289358,-9.96319253137435,-10.10603509845934,-10.248877665544333,-10.391720232629323,-10.534562799714315,-10.677405366799308,-10.820247933884298,-10.963090500969288,-11.10593306805428,-11.248775635139271,-11.391618202224263,-11.534460769309254,-11.677303336394244,-11.820145903479238,-11.962988470564227,-12.10583103764922,-12.248673604734211,-12.391516171819202,-12.534358738904194,-12.677201305989184,-12.820043873074175,-12.962886440159167,-13.105729007244157,-13.248571574329151,-13.391414141414142],[0.75,0.5969543924089379,0.4439087848178757,0.2908631772268136,0.13781756963575142,-0.015228037955310691,-0.1682736455463728,-0.3213192531374349,-0.47436486072849715,-0.6274104683195592,-0.7804560759106214,-0.9335016835016836,-1.0865472910927456,-1.2395928986838078,-1.3926385062748698,-1.5456841138659319,-1.6987297214569943,-1.8517753290480563,-2.0048209366391183,-2.1578665442301803,-2.3109121518212428,-2.4639577594123048,-2.617003367003367,-2.770048974594429,-2.9230945821854912,-3.0761401897765532,-3.2291857973676157,-3.3822314049586772,-3.5352770125497397,-3.688322620140802,-3.8413682277318637,-3.994413835322926,-4.147459442913989,-4.300505050505051,-4.453550658096113,-4.606596265687175,-4.759641873278237,-4.912687480869299,-5.065733088460361,-5.218778696051423,-5.3718243036424855,-5.524869911233547,-5.6779155188246095,-5.830961126415672,-5.984006734006734,-6.137052341597797,-6.290097949188858,-6.44314355677992,-6.5961891643709825,-6.749234771962045,-6.9022803795531065,-7.055325987144169,-7.208371594735231,-7.361417202326294,-7.5144628099173545,-7.667508417508417,-7.820554025099479,-7.973599632690542,-8.126645240281604,-8.279690847872665,-8.432736455463727,-8.58578206305479,-8.738827670645852,-8.891873278236915,-9.044918885827977,-9.19796449341904,-9.351010101010102,-9.504055708601163,-9.657101316192225,-9.810146923783288,-9.96319253137435,-10.116238138965413,-10.269283746556473,-10.422329354147536,-10.575374961738598,-10.72842056932966,-10.881466176920721,-11.034511784511784,-11.187557392102846,-11.340602999693909,-11.493648607284971,-11.646694214876034,-11.799739822467094,-11.952785430058158,-12.105831037649219,-12.258876645240283,-12.411922252831344,-12.564967860422405,-12.718013468013469,-12.87105907560453,-13.024104683195594,-13.177150290786654,-13.330195898377715,-13.48324150596878,-13.63628711355984,-13.789332721150902,-13.942378328741965,-14.095423936333027,-14.24846954392409,-14.401515151515152],[0.75,0.5867513519028671,0.4235027038057341,0.26025405570860116,0.09700540761146825,-0.06624324048566477,-0.22949188858279768,-0.3927405366799306,-0.5559891847770635,-0.7192378328741964,-0.8824864809713295,-1.0457351290684624,-1.2089837771655954,-1.3722324252627285,-1.5354810733598612,-1.6987297214569943,-1.861978369554127,-2.02522701765126,-2.188475665748393,-2.351724313845526,-2.514972961942659,-2.6782216100397918,-2.841470258136925,-3.0047189062340576,-3.1679675543311907,-3.3312162024283234,-3.494464850525457,-3.6577134986225888,-3.8209621467197223,-3.984210794816856,-4.147459442913989,-4.310708091011121,-4.473956739108254,-4.6372053872053876,-4.80045403530252,-4.963702683399653,-5.126951331496786,-5.290199979593919,-5.453448627691052,-5.616697275788185,-5.779945923885318,-5.94319457198245,-6.1064432200795835,-6.269691868176716,-6.43294051627385,-6.596189164370983,-6.759437812468115,-6.922686460565248,-7.085935108662381,-7.249183756759515,-7.412432404856647,-7.5756810529537795,-7.738929701050914,-7.902178349148047,-8.065426997245178,-8.228675645342312,-8.391924293439445,-8.555172941536577,-8.718421589633712,-8.881670237730843,-9.044918885827977,-9.20816753392511,-9.371416182022243,-9.534664830119375,-9.697913478216508,-9.86116212631364,-10.024410774410775,-10.187659422507906,-10.35090807060504,-10.514156718702173,-10.677405366799306,-10.84065401489644,-11.003902662993571,-11.167151311090704,-11.330399959187838,-11.493648607284971,-11.656897255382104,-11.820145903479236,-11.98339455157637,-12.146643199673504,-12.309891847770636,-12.473140495867769,-12.6363891439649,-12.799637792062034,-12.962886440159167,-13.126135088256301,-13.289383736353432,-13.452632384450565,-13.6158810325477,-13.779129680644832,-13.942378328741967,-14.105626976839098,-14.26887562493623,-14.432124273033365,-14.595372921130496,-14.758621569227628,-14.921870217324763,-15.085118865421896,-15.24836751351903,-15.411616161616163],[0.75,0.5765483113967962,0.4030966227935925,0.22964493419038878,0.05619324558718497,-0.11725844301601884,-0.29071013161922243,-0.46416182022242625,-0.6376135088256301,-0.8110651974288337,-0.9845168860320377,-1.1579685746352413,-1.3314202632384449,-1.5048719518416487,-1.6783236404448525,-1.8517753290480563,-2.02522701765126,-2.1986787062544635,-2.3721303948576673,-2.545582083460871,-2.7190337720640754,-2.8924854606672787,-3.0659371492704826,-3.239388837873686,-3.4128405264768897,-3.5862922150800935,-3.7597439036832974,-3.933195592286501,-4.106647280889705,-4.280098969492909,-4.453550658096113,-4.627002346699316,-4.80045403530252,-4.973905723905724,-5.147357412508927,-5.320809101112132,-5.494260789715335,-5.667712478318539,-5.841164166921742,-6.014615855524946,-6.188067544128151,-6.361519232731353,-6.5349709213345575,-6.708422609937761,-6.881874298540965,-7.05532598714417,-7.228777675747372,-7.4022293643505765,-7.5756810529537795,-7.749132741556984,-7.922584430160187,-8.096036118763392,-8.269487807366595,-8.4429394959698,-8.616391184573002,-8.789842873176205,-8.96329456177941,-9.136746250382615,-9.310197938985818,-9.48364962758902,-9.657101316192225,-9.830553004795428,-10.004004693398633,-10.177456382001836,-10.35090807060504,-10.524359759208243,-10.697811447811448,-10.871263136414651,-11.044714825017854,-11.218166513621059,-11.391618202224263,-11.565069890827466,-11.73852157943067,-11.911973268033874,-12.085424956637079,-12.258876645240282,-12.432328333843484,-12.60578002244669,-12.779231711049892,-12.952683399653097,-13.126135088256301,-13.299586776859503,-13.473038465462706,-13.646490154065912,-13.819941842669115,-13.99339353127232,-14.166845219875523,-14.340296908478726,-14.51374859708193,-14.687200285685133,-14.86065197428834,-15.03410366289154,-15.207555351494744,-15.381007040097948,-15.554458728701153,-15.727910417304354,-15.901362105907559,-16.074813794510764,-16.24826548311397,-16.42171717171717],[0.75,0.5663452708907255,0.3826905417814509,0.1990358126721763,0.015381083562901798,-0.1682736455463728,-0.3519283746556474,-0.5355831037649219,-0.7192378328741964,-0.9028925619834709,-1.0865472910927456,-1.2702020202020203,-1.4538567493112948,-1.6375114784205693,-1.8211662075298438,-2.0048209366391183,-2.188475665748393,-2.3721303948576673,-2.555785123966942,-2.7394398530762163,-2.9230945821854912,-3.1067493112947657,-3.2904040404040407,-3.4740587695133147,-3.6577134986225897,-3.8413682277318637,-4.025022956841139,-4.208677685950413,-4.392332415059688,-4.575987144168963,-4.759641873278237,-4.943296602387512,-5.126951331496786,-5.3106060606060606,-5.494260789715335,-5.6779155188246095,-5.861570247933884,-6.0452249770431585,-6.228879706152433,-6.4125344352617075,-6.5961891643709825,-6.7798438934802565,-6.9634986225895315,-7.147153351698806,-7.330808080808081,-7.514462809917356,-7.698117539026629,-7.881772268135904,-8.06542699724518,-8.249081726354454,-8.432736455463727,-8.616391184573002,-8.800045913682277,-8.983700642791552,-9.167355371900825,-9.3510101010101,-9.534664830119375,-9.71831955922865,-9.901974288337925,-10.085629017447198,-10.269283746556473,-10.452938475665748,-10.636593204775023,-10.820247933884296,-11.003902662993571,-11.187557392102846,-11.371212121212121,-11.554866850321394,-11.73852157943067,-11.922176308539944,-12.105831037649219,-12.289485766758494,-12.473140495867767,-12.656795224977042,-12.840449954086317,-13.024104683195592,-13.207759412304865,-13.39141414141414,-13.575068870523415,-13.75872359963269,-13.942378328741965,-14.126033057851238,-14.309687786960513,-14.493342516069788,-14.676997245179063,-14.860651974288338,-15.044306703397613,-15.227961432506886,-15.411616161616163,-15.595270890725434,-15.778925619834713,-15.962580348943984,-16.14623507805326,-16.329889807162534,-16.51354453627181,-16.69719926538108,-16.88085399449036,-17.06450872359963,-17.24816345270891,-17.43181818181818],[0.75,0.5561422303846546,0.36228446076930926,0.16842669115396391,-0.025431078461381484,-0.21928884807672688,-0.41314661769207217,-0.6070043873074176,-0.800862156922763,-0.9947199265381081,-1.1885776961534538,-1.3824354657687992,-1.5762932353841443,-1.77015100499949,-1.9640087746148351,-2.1578665442301803,-2.351724313845526,-2.545582083460871,-2.7394398530762163,-2.933297622691562,-3.1271553923069075,-3.3210131619222523,-3.5148709315375983,-3.7087287011529435,-3.9025864707682887,-4.096444240383634,-4.29030200999898,-4.484159779614324,-4.67801754922967,-4.871875318845016,-5.065733088460361,-5.259590858075707,-5.453448627691052,-5.647306397306397,-5.841164166921742,-6.035021936537088,-6.228879706152433,-6.422737475767779,-6.616595245383124,-6.810453014998469,-7.004310784613815,-7.198168554229159,-7