{"data":[{"type":"contour","x":[0.0,0.10101010101010101,0.20202020202020202,0.30303030303030304,0.40404040404040403,0.5050505050505051,0.6060606060606061,0.7070707070707071,0.8080808080808081,0.9090909090909091,1.0101010101010102,1.1111111111111112,1.2121212121212122,1.3131313131313131,1.4141414141414141,1.5151515151515151,1.6161616161616161,1.7171717171717171,1.8181818181818181,1.9191919191919191,2.0202020202020203,2.121212121212121,2.2222222222222223,2.323232323232323,2.4242424242424243,2.525252525252525,2.6262626262626263,2.727272727272727,2.8282828282828283,2.9292929292929295,3.0303030303030303,3.1313131313131315,3.2323232323232323,3.3333333333333335,3.4343434343434343,3.5353535353535355,3.6363636363636362,3.7373737373737375,3.8383838383838382,3.9393939393939394,4.040404040404041,4.141414141414141,4.242424242424242,4.343434343434343,4.444444444444445,4.545454545454546,4.646464646464646,4.747474747474747,4.848484848484849,4.94949494949495,5.05050505050505,5.151515151515151,5.252525252525253,5.353535353535354,5.454545454545454,5.555555555555555,5.656565656565657,5.757575757575758,5.858585858585859,5.959595959595959,6.0606060606060606,6.161616161616162,6.262626262626263,6.363636363636363,6.4646464646464645,6.565656565656566,6.666666666666667,6.767676767676767,6.8686868686868685,6.96969696969697,7.070707070707071,7.171717171717172,7.2727272727272725,7.373737373737374,7.474747474747475,7.575757575757576,7.6767676767676765,7.777777777777778,7.878787878787879,7.97979797979798,8.080808080808081,8.181818181818182,8.282828282828282,8.383838383838384,8.484848484848484,8.585858585858587,8.686868686868687,8.787878787878787,8.88888888888889,8.98989898989899,9.090909090909092,9.191919191919192,9.292929292929292,9.393939393939394,9.494949494949495,9.595959595959595,9.696969696969697,9.797979797979798,9.8989898989899,10.0],"y":[0.0,0.10101010101010101,0.20202020202020202,0.30303030303030304,0.40404040404040403,0.5050505050505051,0.6060606060606061,0.7070707070707071,0.8080808080808081,0.9090909090909091,1.0101010101010102,1.1111111111111112,1.2121212121212122,1.3131313131313131,1.4141414141414141,1.5151515151515151,1.6161616161616161,1.7171717171717171,1.8181818181818181,1.9191919191919191,2.0202020202020203,2.121212121212121,2.2222222222222223,2.323232323232323,2.4242424242424243,2.525252525252525,2.6262626262626263,2.727272727272727,2.8282828282828283,2.9292929292929295,3.0303030303030303,3.1313131313131315,3.2323232323232323,3.3333333333333335,3.4343434343434343,3.5353535353535355,3.6363636363636362,3.7373737373737375,3.8383838383838382,3.9393939393939394,4.040404040404041,4.141414141414141,4.242424242424242,4.343434343434343,4.444444444444445,4.545454545454546,4.646464646464646,4.747474747474747,4.848484848484849,4.94949494949495,5.05050505050505,5.151515151515151,5.252525252525253,5.353535353535354,5.454545454545454,5.555555555555555,5.656565656565657,5.757575757575758,5.858585858585859,5.959595959595959,6.0606060606060606,6.161616161616162,6.262626262626263,6.363636363636363,6.4646464646464645,6.565656565656566,6.666666666666667,6.767676767676767,6.8686868686868685,6.96969696969697,7.070707070707071,7.171717171717172,7.2727272727272725,7.373737373737374,7.474747474747475,7.575757575757576,7.6767676767676765,7.777777777777778,7.878787878787879,7.97979797979798,8.080808080808081,8.181818181818182,8.282828282828282,8.383838383838384,8.484848484848484,8.585858585858587,8.686868686868687,8.787878787878787,8.88888888888889,8.98989898989899,9.090909090909092,9.191919191919192,9.292929292929292,9.393939393939394,9.494949494949495,9.595959595959595,9.696969696969697,9.797979797979798,9.8989898989899,10.0],"z":[[-15.0,-14.8989898989899,-14.797979797979798,-14.696969696969697,-14.595959595959595,-14.494949494949495,-14.393939393939394,-14.292929292929292,-14.191919191919192,-14.090909090909092,-13.98989898989899,-13.88888888888889,-13.787878787878787,-13.686868686868687,-13.585858585858587,-13.484848484848484,-13.383838383838384,-13.282828282828284,-13.181818181818182,-13.080808080808081,-12.97979797979798,-12.878787878787879,-12.777777777777779,-12.676767676767676,-12.575757575757576,-12.474747474747474,-12.373737373737374,-12.272727272727273,-12.171717171717171,-12.070707070707071,-11.969696969696969,-11.868686868686869,-11.767676767676768,-11.666666666666666,-11.565656565656566,-11.464646464646464,-11.363636363636363,-11.262626262626263,-11.161616161616163,-11.06060606060606,-10.959595959595958,-10.858585858585858,-10.757575757575758,-10.656565656565657,-10.555555555555555,-10.454545454545453,-10.353535353535353,-10.252525252525253,-10.151515151515152,-10.05050505050505,-9.94949494949495,-9.848484848484848,-9.747474747474747,-9.646464646464647,-9.545454545454547,-9.444444444444445,-9.343434343434343,-9.242424242424242,-9.141414141414142,-9.040404040404042,-8.93939393939394,-8.838383838383837,-8.737373737373737,-8.636363636363637,-8.535353535353536,-8.434343434343434,-8.333333333333332,-8.232323232323232,-8.131313131313131,-8.030303030303031,-7.929292929292929,-7.828282828282828,-7.7272727272727275,-7.626262626262626,-7.525252525252525,-7.424242424242424,-7.3232323232323235,-7.222222222222222,-7.121212121212121,-7.02020202020202,-6.919191919191919,-6.818181818181818,-6.717171717171718,-6.616161616161616,-6.515151515151516,-6.4141414141414135,-6.313131313131313,-6.212121212121213,-6.111111111111111,-6.01010101010101,-5.909090909090908,-5.808080808080808,-5.707070707070708,-5.6060606060606055,-5.505050505050505,-5.404040404040405,-5.303030303030303,-5.202020202020202,-5.1010101010101,-5.0],[-14.8989898989899,-14.797979797979798,-14.696969696969697,-14.595959595959595,-14.494949494949495,-14.393939393939394,-14.292929292929292,-14.191919191919192,-14.090909090909092,-13.98989898989899,-13.88888888888889,-13.787878787878787,-13.686868686868687,-13.585858585858587,-13.484848484848484,-13.383838383838384,-13.282828282828284,-13.181818181818182,-13.080808080808081,-12.97979797979798,-12.878787878787879,-12.777777777777779,-12.676767676767676,-12.575757575757576,-12.474747474747474,-12.373737373737374,-12.272727272727273,-12.171717171717171,-12.070707070707071,-11.969696969696969,-11.868686868686869,-11.767676767676768,-11.666666666666666,-11.565656565656566,-11.464646464646464,-11.363636363636363,-11.262626262626263,-11.16161616161616,-11.06060606060606,-10.959595959595958,-10.858585858585858,-10.757575757575758,-10.656565656565657,-10.555555555555555,-10.454545454545453,-10.353535353535353,-10.252525252525253,-10.151515151515152,-10.05050505050505,-9.949494949494948,-9.848484848484848,-9.747474747474747,-9.646464646464647,-9.545454545454545,-9.444444444444445,-9.343434343434343,-9.242424242424242,-9.141414141414142,-9.04040404040404,-8.93939393939394,-8.838383838383837,-8.737373737373737,-8.636363636363637,-8.535353535353536,-8.434343434343434,-8.333333333333332,-8.232323232323232,-8.131313131313131,-8.030303030303031,-7.929292929292929,-7.828282828282828,-7.727272727272727,-7.626262626262626,-7.525252525252525,-7.424242424242424,-7.323232323232323,-7.222222222222222,-7.121212121212121,-7.02020202020202,-6.919191919191919,-6.818181818181818,-6.717171717171718,-6.616161616161618,-6.515151515151516,-6.414141414141415,-6.313131313131313,-6.212121212121213,-6.1111111111111125,-6.01010101010101,-5.90909090909091,-5.808080808080808,-5.707070707070708,-5.606060606060607,-5.505050505050505,-5.404040404040405,-5.3030303030303045,-5.202020202020202,-5.101010101010102,-5.0,-4.8989898989899],[-14.797979797979798,-14.696969696969697,-14.595959595959595,-14.494949494949495,-14.393939393939394,-14.292929292929292,-14.191919191919192,-14.090909090909092,-13.98989898989899,-13.88888888888889,-13.787878787878787,-13.686868686868687,-13.585858585858587,-13.484848484848484,-13.383838383838384,-13.282828282828284,-13.181818181818182,-13.080808080808081,-12.97979797979798,-12.878787878787879,-12.777777777777779,-12.676767676767676,-12.575757575757576,-12.474747474747474,-12.373737373737374,-12.272727272727273,-12.171717171717171,-12.070707070707071,-11.969696969696969,-11.868686868686869,-11.767676767676768,-11.666666666666666,-11.565656565656566,-11.464646464646464,-11.363636363636363,-11.262626262626263,-11.161616161616163,-11.06060606060606,-10.959595959595958,-10.858585858585858,-10.757575757575758,-10.656565656565657,-10.555555555555555,-10.454545454545453,-10.353535353535353,-10.252525252525253,-10.151515151515152,-10.05050505050505,-9.949494949494948,-9.848484848484848,-9.747474747474747,-9.646464646464647,-9.545454545454545,-9.444444444444443,-9.343434343434343,-9.242424242424242,-9.141414141414142,-9.04040404040404,-8.939393939393938,-8.838383838383837,-8.737373737373737,-8.636363636363637,-8.535353535353535,-8.434343434343434,-8.333333333333332,-8.232323232323232,-8.131313131313131,-8.030303030303031,-7.929292929292929,-7.828282828282828,-7.727272727272727,-7.626262626262625,-7.525252525252525,-7.424242424242424,-7.323232323232323,-7.222222222222221,-7.121212121212121,-7.02020202020202,-6.919191919191919,-6.818181818181818,-6.717171717171716,-6.616161616161616,-6.515151515151516,-6.4141414141414135,-6.313131313131313,-6.212121212121211,-6.111111111111111,-6.01010101010101,-5.909090909090908,-5.808080808080808,-5.707070707070706,-5.6060606060606055,-5.505050505050505,-5.404040404040403,-5.303030303030303,-5.202020202020202,-5.1010101010101,-5.0,-4.898989898989898,-4.797979797979798],[-14.696969696969697,-14.595959595959595,-14.494949494949495,-14.393939393939394,-14.292929292929292,-14.191919191919192,-14.09090909090909,-13.98989898989899,-13.88888888888889,-13.787878787878787,-13.686868686868687,-13.585858585858587,-13.484848484848484,-13.383838383838384,-13.282828282828284,-13.181818181818182,-13.080808080808081,-12.97979797979798,-12.878787878787879,-12.777777777777779,-12.676767676767676,-12.575757575757576,-12.474747474747474,-12.373737373737374,-12.272727272727273,-12.171717171717171,-12.070707070707071,-11.969696969696969,-11.868686868686869,-11.767676767676768,-11.666666666666666,-11.565656565656566,-11.464646464646464,-11.363636363636363,-11.262626262626263,-11.16161616161616,-11.06060606060606,-10.959595959595958,-10.858585858585858,-10.757575757575758,-10.656565656565657,-10.555555555555557,-10.454545454545455,-10.353535353535353,-10.252525252525253,-10.151515151515152,-10.050505050505052,-9.94949494949495,-9.848484848484848,-9.747474747474747,-9.646464646464647,-9.545454545454547,-9.444444444444445,-9.343434343434343,-9.242424242424242,-9.141414141414142,-9.040404040404042,-8.93939393939394,-8.838383838383837,-8.737373737373737,-8.636363636363637,-8.535353535353536,-8.434343434343434,-8.333333333333334,-8.232323232323232,-8.131313131313131,-8.030303030303031,-7.92929292929293,-7.828282828282829,-7.7272727272727275,-7.626262626262626,-7.525252525252525,-7.424242424242425,-7.3232323232323235,-7.222222222222222,-7.121212121212121,-7.020202020202021,-6.919191919191919,-6.818181818181818,-6.717171717171716,-6.616161616161616,-6.515151515151516,-6.414141414141415,-6.313131313131313,-6.212121212121213,-6.111111111111111,-6.01010101010101,-5.90909090909091,-5.808080808080808,-5.707070707070708,-5.6060606060606055,-5.505050505050505,-5.404040404040405,-5.303030303030303,-5.202020202020202,-5.101010101010102,-5.0,-4.8989898989899,-4.797979797979798,-4.696969696969697],[-14.595959595959595,-14.494949494949495,-14.393939393939394,-14.292929292929292,-14.191919191919192,-14.09090909090909,-13.98989898989899,-13.88888888888889,-13.787878787878787,-13.686868686868687,-13.585858585858587,-13.484848484848484,-13.383838383838384,-13.282828282828284,-13.181818181818182,-13.080808080808081,-12.97979797979798,-12.878787878787879,-12.777777777777779,-12.676767676767676,-12.575757575757576,-12.474747474747474,-12.373737373737374,-12.272727272727273,-12.171717171717171,-12.070707070707071,-11.969696969696969,-11.868686868686869,-11.767676767676768,-11.666666666666666,-11.565656565656566,-11.464646464646464,-11.363636363636363,-11.262626262626263,-11.161616161616163,-11.06060606060606,-10.959595959595958,-10.858585858585858,-10.757575757575758,-10.656565656565657,-10.555555555555555,-10.454545454545455,-10.353535353535353,-10.252525252525253,-10.151515151515152,-10.05050505050505,-9.94949494949495,-9.848484848484848,-9.747474747474747,-9.646464646464647,-9.545454545454547,-9.444444444444445,-9.343434343434343,-9.242424242424242,-9.141414141414142,-9.040404040404042,-8.93939393939394,-8.838383838383837,-8.737373737373737,-8.636363636363637,-8.535353535353536,-8.434343434343434,-8.333333333333332,-8.232323232323232,-8.131313131313131,-8.030303030303031,-7.929292929292929,-7.828282828282829,-7.7272727272727275,-7.626262626262626,-7.525252525252525,-7.424242424242424,-7.3232323232323235,-7.222222222222222,-7.121212121212121,-7.02020202020202,-6.919191919191919,-6.818181818181818,-6.717171717171716,-6.616161616161616,-6.515151515151514,-6.4141414141414135,-6.313131313131313,-6.212121212121211,-6.111111111111111,-6.010101010101009,-5.909090909090908,-5.808080808080808,-5.707070707070706,-5.6060606060606055,-5.505050505050503,-5.404040404040403,-5.303030303030303,-5.202020202020201,-5.1010101010101,-5.0,-4.898989898989898,-4.797979797979798,-4.6969696969696955,-4.595959595959595],[-14.494949494949495,-14.393939393939394,-14.292929292929292,-14.191919191919192,-14.09090909090909,-13.98989898989899,-13.88888888888889,-13.787878787878787,-13.686868686868687,-13.585858585858587,-13.484848484848484,-13.383838383838384,-13.282828282828284,-13.181818181818182,-13.080808080808081,-12.97979797979798,-12.878787878787879,-12.777777777777779,-12.676767676767676,-12.575757575757576,-12.474747474747474,-12.373737373737374,-12.272727272727273,-12.171717171717171,-12.070707070707071,-11.969696969696969,-11.868686868686869,-11.767676767676768,-11.666666666666666,-11.565656565656566,-11.464646464646464,-11.363636363636363,-11.262626262626263,-11.16161616161616,-11.06060606060606,-10.959595959595958,-10.858585858585858,-10.757575757575758,-10.656565656565657,-10.555555555555555,-10.454545454545453,-10.353535353535353,-10.252525252525253,-10.151515151515152,-10.05050505050505,-9.949494949494948,-9.848484848484848,-9.747474747474747,-9.646464646464647,-9.545454545454545,-9.444444444444445,-9.343434343434343,-9.242424242424242,-9.141414141414142,-9.040404040404042,-8.93939393939394,-8.838383838383837,-8.737373737373737,-8.636363636363637,-8.535353535353536,-8.434343434343434,-8.333333333333332,-8.232323232323232,-8.131313131313131,-8.030303030303031,-7.929292929292929,-7.828282828282828,-7.7272727272727275,-7.626262626262626,-7.525252525252525,-7.424242424242424,-7.323232323232323,-7.222222222222222,-7.121212121212121,-7.02020202020202,-6.919191919191919,-6.818181818181818,-6.717171717171718,-6.616161616161616,-6.515151515151516,-6.4141414141414135,-6.313131313131313,-6.212121212121213,-6.111111111111111,-6.01010101010101,-5.909090909090908,-5.808080808080808,-5.707070707070708,-5.6060606060606055,-5.505050505050505,-5.404040404040403,-5.303030303030303,-5.202020202020202,-5.1010101010101,-5.0,-4.8989898989899,-4.797979797979798,-4.696969696969697,-4.595959595959595,-4.494949494949495],[-14.393939393939394,-14.292929292929292,-14.191919191919192,-14.09090909090909,-13.98989898989899,-13.88888888888889,-13.787878787878787,-13.686868686868687,-13.585858585858587,-13.484848484848484,-13.383838383838384,-13.282828282828284,-13.181818181818182,-13.080808080808081,-12.97979797979798,-12.878787878787879,-12.777777777777779,-12.676767676767676,-12.575757575757576,-12.474747474747474,-12.373737373737374,-12.272727272727273,-12.171717171717171,-12.070707070707071,-11.969696969696969,-11.868686868686869,-11.767676767676768,-11.666666666666668,-11.565656565656566,-11.464646464646464,-11.363636363636363,-11.262626262626263,-11.161616161616163,-11.06060606060606,-10.959595959595958,-10.858585858585858,-10.757575757575758,-10.656565656565657,-10.555555555555555,-10.454545454545453,-10.353535353535353,-10.252525252525253,-10.151515151515152,-10.05050505050505,-9.949494949494948,-9.848484848484848,-9.747474747474747,-9.646464646464647,-9.545454545454545,-9.444444444444443,-9.343434343434343,-9.242424242424242,-9.141414141414142,-9.04040404040404,-8.93939393939394,-8.838383838383837,-8.737373737373737,-8.636363636363637,-8.535353535353535,-8.434343434343434,-8.333333333333332,-8.232323232323232,-8.131313131313131,-8.030303030303031,-7.929292929292929,-7.828282828282828,-7.727272727272727,-7.626262626262626,-7.525252525252525,-7.424242424242424,-7.323232323232323,-7.222222222222221,-7.121212121212121,-7.02020202020202,-6.919191919191919,-6.818181818181818,-6.717171717171718,-6.616161616161616,-6.515151515151516,-6.4141414141414135,-6.313131313131313,-6.212121212121213,-6.1111111111111125,-6.01010101010101,-5.90909090909091,-5.808080808080808,-5.707070707070708,-5.606060606060607,-5.505050505050505,-5.404040404040405,-5.303030303030303,-5.202020202020202,-5.101010101010102,-5.0,-4.8989898989899,-4.797979797979799,-4.696969696969697,-4.595959595959597,-4.494949494949495,-4.3939393939393945],[-14.292929292929292,-14.191919191919192,-14.090909090909092,-13.98989898989899,-13.88888888888889,-13.787878787878787,-13.686868686868687,-13.585858585858587,-13.484848484848484,-13.383838383838384,-13.282828282828284,-13.181818181818182,-13.080808080808081,-12.97979797979798,-12.878787878787879,-12.777777777777779,-12.676767676767676,-12.575757575757576,-12.474747474747474,-12.373737373737374,-12.272727272727273,-12.171717171717171,-12.070707070707071,-11.969696969696969,-11.868686868686869,-11.767676767676768,-11.666666666666666,-11.565656565656566,-11.464646464646464,-11.363636363636363,-11.262626262626263,-11.16161616161616,-11.06060606060606,-10.959595959595958,-10.858585858585858,-10.757575757575758,-10.656565656565657,-10.555555555555555,-10.454545454545455,-10.353535353535353,-10.252525252525253,-10.151515151515152,-10.050505050505052,-9.94949494949495,-9.848484848484848,-9.747474747474747,-9.646464646464647,-9.545454545454547,-9.444444444444445,-9.343434343434343,-9.242424242424242,-9.141414141414142,-9.040404040404042,-8.93939393939394,-8.83838383838384,-8.737373737373737,-8.636363636363637,-8.535353535353536,-8.434343434343434,-8.333333333333334,-8.232323232323232,-8.131313131313131,-8.030303030303031,-7.92929292929293,-7.828282828282829,-7.7272727272727275,-7.626262626262626,-7.525252525252526,-7.424242424242425,-7.3232323232323235,-7.222222222222222,-7.121212121212121,-7.020202020202021,-6.919191919191919,-6.818181818181818,-6.717171717171716,-6.616161616161616,-6.515151515151516,-6.4141414141414135,-6.313131313131313,-6.212121212121211,-6.111111111111111,-6.01010101010101,-5.909090909090908,-5.808080808080808,-5.707070707070706,-5.6060606060606055,-5.505050505050505,-5.404040404040403,-5.303030303030303,-5.202020202020201,-5.1010101010101,-5.0,-4.898989898989898,-4.797979797979798,-4.696969696969697,-4.595959595959595,-4.494949494949495,-4.393939393939393,-4.292929292929292],[-14.191919191919192,-14.090909090909092,-13.98989898989899,-13.88888888888889,-13.787878787878787,-13.686868686868687,-13.585858585858587,-13.484848484848484,-13.383838383838384,-13.282828282828284,-13.181818181818182,-13.080808080808081,-12.97979797979798,-12.878787878787879,-12.777777777777779,-12.676767676767676,-12.575757575757576,-12.474747474747474,-12.373737373737374,-12.272727272727273,-12.171717171717171,-12.070707070707071,-11.969696969696969,-11.868686868686869,-11.767676767676768,-11.666666666666668,-11.565656565656566,-11.464646464646465,-11.363636363636363,-11.262626262626263,-11.161616161616163,-11.06060606060606,-10.959595959595958,-10.858585858585858,-10.757575757575758,-10.656565656565657,-10.555555555555555,-10.454545454545453,-10.353535353535353,-10.252525252525253,-10.151515151515152,-10.050505050505052,-9.94949494949495,-9.848484848484848,-9.747474747474747,-9.646464646464647,-9.545454545454547,-9.444444444444445,-9.343434343434343,-9.242424242424242,-9.141414141414142,-9.040404040404042,-8.93939393939394,-8.838383838383837,-8.737373737373737,-8.636363636363637,-8.535353535353536,-8.434343434343434,-8.333333333333332,-8.232323232323232,-8.131313131313131,-8.030303030303031,-7.929292929292929,-7.828282828282829,-7.7272727272727275,-7.626262626262626,-7.525252525252525,-7.424242424242425,-7.3232323232323235,-7.222222222222222,-7.121212121212121,-7.02020202020202,-6.919191919191919,-6.818181818181818,-6.717171717171716,-6.616161616161616,-6.515151515151516,-6.4141414141414135,-6.313131313131313,-6.212121212121211,-6.111111111111111,-6.01010101010101,-5.90909090909091,-5.808080808080808,-5.707070707070708,-5.6060606060606055,-5.505050505050505,-5.404040404040405,-5.303030303030303,-5.202020202020202,-5.1010101010101,-5.0,-4.8989898989899,-4.797979797979798,-4.696969696969697,-4.595959595959597,-4.494949494949495,-4.3939393939393945,-4.292929292929292,-4.191919191919192],[-14.090909090909092,-13.98989898989899,-13.88888888888889,-13.787878787878787,-13.686868686868687,-13.585858585858587,-13.484848484848484,-13.383838383838384,-13.282828282828284,-13.181818181818182,-13.080808080808081,-12.97979797979798,-12.878787878787879,-12.777777777777779,-12.676767676767676,-12.575757575757576,-12.474747474747474,-12.373737373737374,-12.272727272727273,-12.171717171717171,-12.070707070707071,-11.969696969696969,-11.868686868686869,-11.767676767676768,-11.666666666666666,-11.565656565656566,-11.464646464646464,-11.363636363636363,-11.262626262626263,-11.16161616161616,-11.06060606060606,-10.959595959595958,-10.858585858585858,-10.757575757575758,-10.656565656565657,-10.555555555555555,-10.454545454545455,-10.353535353535353,-10.252525252525253,-10.151515151515152,-10.05050505050505,-9.94949494949495,-9.848484848484848,-9.747474747474747,-9.646464646464647,-9.545454545454545,-9.444444444444445,-9.343434343434343,-9.242424242424242,-9.141414141414142,-9.040404040404042,-8.93939393939394,-8.838383838383837,-8.737373737373737,-8.636363636363637,-8.535353535353536,-8.434343434343434,-8.333333333333332,-8.232323232323232,-8.131313131313131,-8.030303030303031,-7.929292929292929,-7.828282828282828,-7.7272727272727275,-7.626262626262626,-7.525252525252525,-7.424242424242424,-7.3232323232323235,-7.222222222222222,-7.121212121212121,-7.02020202020202,-6.919191919191919,-6.818181818181818,-6.717171717171718,-6.616161616161616,-6.515151515151516,-6.414141414141415,-6.313131313131313,-6.212121212121213,-6.111111111111111,-6.01010101010101,-5.90909090909091,-5.80808080808081,-5.707070707070708,-5.606060606060607,-5.505050505050505,-5.404040404040405,-5.3030303030303045,-5.202020202020202,-5.101010101010102,-5.0,-4.8989898989899,-4.797979797979799,-4.696969696969697,-4.595959595959597,-4.494949494949497,-4.3939393939393945,-4.292929292929294,-4.191919191919192,-4.090909090909092],[-13.98989898989899,-13.88888888888889,-13.787878787878787,-13.686868686868687,-13.585858585858587,-13.484848484848484,-13.383838383838384,-13.282828282828284,-13.181818181818182,-13.080808080808081,-12.97979797979798,-12.878787878787879,-12.777777777777779,-12.676767676767676,-12.575757575757576,-12.474747474747474,-12.373737373737374,-12.272727272727273,-12.171717171717171,-12.070707070707071,-11.969696969696969,-11.868686868686869,-11.767676767676768,-11.666666666666668,-11.565656565656566,-11.464646464646464,-11.363636363636363,-11.262626262626263,-11.161616161616163,-11.06060606060606,-10.959595959595958,-10.858585858585858,-10.757575757575758,-10.656565656565657,-10.555555555555555,-10.454545454545453,-10.353535353535353,-10.252525252525253,-10.151515151515152,-10.05050505050505,-9.949494949494948,-9.848484848484848,-9.747474747474747,-9.646464646464647,-9.545454545454545,-9.444444444444443,-9.343434343434343,-9.242424242424242,-9.141414141414142,-9.04040404040404,-8.93939393939394,-8.838383838383837,-8.737373737373737,-8.636363636363637,-8.535353535353536,-8.434343434343434,-8.333333333333332,-8.232323232323232,-8.131313131313131,-8.030303030303031,-7.929292929292929,-7.828282828282828,-7.727272727272727,-7.626262626262626,-7.525252525252525,-7.424242424242424,-7.323232323232323,-7.222222222222222,-7.121212121212121,-7.02020202020202,-6.919191919191919,-6.818181818181818,-6.717171717171718,-6.616161616161616,-6.515151515151516,-6.4141414141414135,-6.313131313131313,-6.212121212121213,-6.111111111111111,-6.01010101010101,-5.909090909090908,-5.808080808080808,-5.707070707070708,-5.6060606060606055,-5.505050505050505,-5.404040404040403,-5.303030303030303,-5.202020202020202,-5.1010101010101,-5.0,-4.898989898989898,-4.797979797979798,-4.696969696969697,-4.595959595959595,-4.494949494949495,-4.3939393939393945,-4.292929292929292,-4.191919191919192,-4.09090909090909,-3.9898989898989896],[-13.88888888888889,-13.787878787878787,-13.686868686868687,-13.585858585858587,-13.484848484848484,-13.383838383838384,-13.282828282828284,-13.181818181818182,-13.080808080808081,-12.97979797979798,-12.878787878787879,-12.777777777777779,-12.676767676767676,-12.575757575757576,-12.474747474747474,-12.373737373737374,-12.272727272727273,-12.171717171717171,-12.070707070707071,-11.969696969696969,-11.868686868686869,-11.767676767676768,-11.666666666666666,-11.565656565656566,-11.464646464646464,-11.363636363636363,-11.262626262626263,-11.161616161616163,-11.06060606060606,-10.959595959595958,-10.858585858585858,-10.757575757575758,-10.656565656565657,-10.555555555555555,-10.454545454545455,-10.353535353535353,-10.252525252525253,-10.151515151515152,-10.05050505050505,-9.94949494949495,-9.848484848484848,-9.747474747474747,-9.646464646464647,-9.545454545454545,-9.444444444444445,-9.343434343434343,-9.242424242424242,-9.141414141414142,-9.04040404040404,-8.93939393939394,-8.83838383838384,-8.737373737373737,-8.636363636363637,-8.535353535353535,-8.434343434343434,-8.333333333333334,-8.232323232323232,-8.131313131313131,-8.03030303030303,-7.929292929292929,-7.828282828282829,-7.727272727272727,-7.626262626262626,-7.525252525252526,-7.424242424242424,-7.3232323232323235,-7.222222222222221,-7.121212121212121,-7.020202020202021,-6.919191919191919,-6.818181818181818,-6.717171717171716,-6.616161616161616,-6.515151515151516,-6.4141414141414135,-6.313131313131313,-6.212121212121213,-6.111111111111111,-6.01010101010101,-5.909090909090908,-5.808080808080808,-5.707070707070708,-5.606060606060607,-5.505050505050505,-5.404040404040405,-5.303030303030303,-5.202020202020202,-5.101010101010102,-5.0,-4.8989898989899,-4.797979797979798,-4.696969696969697,-4.595959595959597,-4.494949494949495,-4.3939393939393945,-4.292929292929294,-4.191919191919192,-4.090909090909092,-3.9898989898989896,-3.8888888888888893],[-13.787878787878787,-13.686868686868687,-13.585858585858587,-13.484848484848484,-13.383838383838384,-13.282828282828284,-13.181818181818182,-13.080808080808081,-12.97979797979798,-12.878787878787879,-12.777777777777779,-12.676767676767676,-12.575757575757576,-12.474747474747474,-12.373737373737374,-12.272727272727273,-12.171717171717171,-12.070707070707071,-11.969696969696969,-11.868686868686869,-11.767676767676768,-11.666666666666668,-11.565656565656566,-11.464646464646464,-11.363636363636363,-11.262626262626263,-11.161616161616163,-11.06060606060606,-10.959595959595958,-10.858585858585858,-10.757575757575758,-10.656565656565657,-10.555555555555555,-10.454545454545453,-10.353535353535353,-10.252525252525253,-10.151515151515152,-10.05050505050505,-9.94949494949495,-9.848484848484848,-9.747474747474747,-9.646464646464647,-9.545454545454547,-9.444444444444445,-9.343434343434343,-9.242424242424242,-9.141414141414142,-9.040404040404042,-8.93939393939394,-8.838383838383837,-8.737373737373737,-8.636363636363637,-8.535353535353536,-8.434343434343434,-8.333333333333334,-8.232323232323232,-8.131313131313131,-8.030303030303031,-7.929292929292929,-7.828282828282829,-7.7272727272727275,-7.626262626262626,-7.525252525252525,-7.424242424242425,-7.3232323232323235,-7.222222222222222,-7.121212121212121,-7.020202020202021,-6.919191919191919,-6.818181818181818,-6.717171717171716,-6.616161616161616,-6.515151515151516,-6.4141414141414135,-6.313131313131313,-6.212121212121211,-6.111111111111111,-6.01010101010101,-5.909090909090908,-5.808080808080808,-5.707070707070706,-5.6060606060606055,-5.505050505050505,-5.404040404040403,-5.303030303030303,-5.202020202020201,-5.1010101010101,-5.0,-4.898989898989898,-4.797979797979798,-4.6969696969696955,-4.595959595959595,-4.494949494949495,-4.393939393939393,-4.292929292929292,-4.191919191919192,-4.09090909090909,-3.9898989898989896,-3.8888888888888875,-3.787878787878787],[-13.686868686868687,-13.585858585858587,-13.484848484848484,-13.383838383838384,-13.282828282828284,-13.181818181818182,-13.080808080808081,-12.97979797979798,-12.878787878787879,-12.777777777777779,-12.676767676767676,-12.575757575757576,-12.474747474747474,-12.373737373737374,-12.272727272727273,-12.171717171717171,-12.070707070707071,-11.969696969696969,-11.868686868686869,-11.767676767676768,-11.666666666666666,-11.565656565656566,-11.464646464646464,-11.363636363636363,-11.262626262626263,-11.161616161616163,-11.06060606060606,-10.95959595959596,-10.858585858585858,-10.757575757575758,-10.656565656565657,-10.555555555555555,-10.454545454545455,-10.353535353535353,-10.252525252525253,-10.151515151515152,-10.05050505050505,-9.94949494949495,-9.848484848484848,-9.747474747474747,-9.646464646464647,-9.545454545454547,-9.444444444444445,-9.343434343434343,-9.242424242424242,-9.141414141414142,-9.040404040404042,-8.93939393939394,-8.838383838383837,-8.737373737373737,-8.636363636363637,-8.535353535353536,-8.434343434343434,-8.333333333333332,-8.232323232323232,-8.131313131313131,-8.030303030303031,-7.929292929292929,-7.828282828282828,-7.7272727272727275,-7.626262626262626,-7.525252525252525,-7.424242424242424,-7.3232323232323235,-7.222222222222222,-7.121212121212121,-7.02020202020202,-6.9191919191919204,-6.818181818181818,-6.717171717171716,-6.616161616161616,-6.515151515151516,-6.414141414141415,-6.313131313131313,-6.212121212121211,-6.111111111111111,-6.01010101010101,-5.90909090909091,-5.808080808080808,-5.707070707070706,-5.6060606060606055,-5.505050505050505,-5.404040404040405,-5.303030303030303,-5.202020202020202,-5.1010101010101,-5.0,-4.8989898989899,-4.797979797979798,-4.696969696969697,-4.595959595959595,-4.494949494949495,-4.3939393939393945,-4.292929292929292,-4.191919191919192,-4.090909090909092,-3.9898989898989896,-3.8888888888888893,-3.787878787878787,-3.686868686868687],[-13.585858585858587,-13.484848484848484,-13.383838383838384,-13.282828282828284,-13.181818181818182,-13.080808080808081,-12.97979797979798,-12.878787878787879,-12.777777777777779,-12.676767676767676,-12.575757575757576,-12.474747474747474,-12.373737373737374,-12.272727272727273,-12.171717171717171,-12.070707070707071,-11.969696969696969,-11.868686868686869,-11.767676767676768,-11.666666666666668,-11.565656565656566,-11.464646464646464,-11.363636363636363,-11.262626262626263,-11.161616161616163,-11.06060606060606,-10.959595959595958,-10.858585858585858,-10.757575757575758,-10.656565656565657,-10.555555555555555,-10.454545454545453,-10.353535353535353,-10.252525252525253,-10.151515151515152,-10.05050505050505,-9.94949494949495,-9.848484848484848,-9.747474747474747,-9.646464646464647,-9.545454545454545,-9.444444444444445,-9.343434343434343,-9.242424242424242,-9.141414141414142,-9.04040404040404,-8.93939393939394,-8.838383838383837,-8.737373737373737,-8.636363636363637,-8.535353535353536,-8.434343434343434,-8.333333333333332,-8.232323232323232,-8.131313131313131,-8.030303030303031,-7.929292929292929,-7.828282828282828,-7.727272727272727,-7.626262626262626,-7.525252525252525,-7.424242424242424,-7.323232323232323,-7.222222222222222,-7.121212121212121,-7.02020202020202,-6.919191919191919,-6.818181818181818,-6.717171717171718,-6.616161616161616,-6.515151515151516,-6.4141414141414135,-6.313131313131313,-6.212121212121213,-6.111111111111111,-6.01010101010101,-5.90909090909091,-5.808080808080808,-5.707070707070708,-5.6060606060606055,-5.505050505050505,-5.404040404040405,-5.3030303030303045,-5.202020202020202,-5.101010101010102,-5.0,-4.8989898989899,-4.797979797979799,-4.696969696969697,-4.595959595959597,-4.494949494949495,-4.3939393939393945,-4.292929292929294,-4.191919191919192,-4.090909090909092,-3.9898989898989914,-3.8888888888888893,-3.787878787878789,-3.686868686868687,-3.5858585858585865],[-13.484848484848484,-13.383838383838384,-13.282828282828284,-13.181818181818182,-13.080808080808081,-12.97979797979798,-12.878787878787879,-12.777777777777779,-12.676767676767676,-12.575757575757576,-12.474747474747474,-12.373737373737374,-12.272727272727273,-12.171717171717171,-12.070707070707071,-11.969696969696969,-11.868686868686869,-11.767676767676768,-11.666666666666668,-11.565656565656566,-11.464646464646464,-11.363636363636363,-11.262626262626263,-11.161616161616163,-11.06060606060606,-10.95959595959596,-10.858585858585858,-10.757575757575758,-10.656565656565657,-10.555555555555555,-10.454545454545455,-10.353535353535353,-10.252525252525253,-10.151515151515152,-10.05050505050505,-9.94949494949495,-9.848484848484848,-9.747474747474747,-9.646464646464647,-9.545454545454545,-9.444444444444445,-9.343434343434344,-9.242424242424242,-9.141414141414142,-9.04040404040404,-8.93939393939394,-8.83838383838384,-8.737373737373737,-8.636363636363637,-8.535353535353535,-8.434343434343434,-8.333333333333334,-8.232323232323232,-8.131313131313131,-8.030303030303031,-7.929292929292929,-7.828282828282829,-7.727272727272727,-7.626262626262626,-7.525252525252526,-7.424242424242424,-7.3232323232323235,-7.222222222222221,-7.121212121212121,-7.020202020202021,-6.919191919191919,-6.818181818181818,-6.717171717171718,-6.616161616161616,-6.515151515151516,-6.4141414141414135,-6.313131313131313,-6.212121212121213,-6.111111111111111,-6.01010101010101,-5.909090909090908,-5.808080808080808,-5.707070707070708,-5.6060606060606055,-5.505050505050505,-5.404040404040403,-5.303030303030303,-5.202020202020202,-5.1010101010101,-5.0,-4.898989898989898,-4.797979797979798,-4.696969696969697,-4.595959595959595,-4.494949494949495,-4.393939393939393,-4.292929292929292,-4.191919191919192,-4.09090909090909,-3.9898989898989896,-3.8888888888888893,-3.787878787878787,-3.686868686868687,-3.5858585858585847,-3.4848484848484844],[-13.383838383838384,-13.282828282828284,-13.181818181818182,-13.080808080808081,-12.97979797979798,-12.878787878787879,-12.777777777777779,-12.676767676767676,-12.575757575757576,-12.474747474747474,-12.373737373737374,-12.272727272727273,-12.171717171717171,-12.070707070707071,-11.969696969696969,-11.868686868686869,-11.767676767676768,-11.666666666666668,-11.565656565656566,-11.464646464646464,-11.363636363636363,-11.262626262626263,-11.161616161616163,-11.06060606060606,-10.959595959595958,-10.858585858585858,-10.757575757575758,-10.656565656565657,-10.555555555555555,-10.454545454545453,-10.353535353535353,-10.252525252525253,-10.151515151515152,-10.05050505050505,-9.94949494949495,-9.848484848484848,-9.747474747474747,-9.646464646464647,-9.545454545454547,-9.444444444444445,-9.343434343434343,-9.242424242424242,-9.141414141414142,-9.040404040404042,-8.93939393939394,-8.838383838383837,-8.737373737373737,-8.636363636363637,-8.535353535353536,-8.434343434343434,-8.333333333333334,-8.232323232323232,-8.131313131313131,-8.030303030303031,-7.92929292929293,-7.828282828282829,-7.7272727272727275,-7.626262626262626,-7.525252525252525,-7.424242424242425,-7.3232323232323235,-7.222222222222222,-7.121212121212121,-7.020202020202021,-6.919191919191919,-6.818181818181818,-6.717171717171716,-6.616161616161616,-6.515151515151516,-6.4141414141414135,-6.313131313131313,-6.212121212121211,-6.111111111111111,-6.01010101010101,-5.909090909090908,-5.808080808080808,-5.707070707070708,-5.6060606060606055,-5.505050505050505,-5.404040404040403,-5.303030303030303,-5.202020202020202,-5.101010101010102,-5.0,-4.8989898989899,-4.797979797979798,-4.696969696969697,-4.595959595959597,-4.494949494949495,-4.3939393939393945,-4.292929292929292,-4.191919191919192,-4.090909090909092,-3.9898989898989896,-3.8888888888888893,-3.787878787878789,-3.686868686868687,-3.5858585858585865,-3.4848484848484844,-3.383838383838384],[-13.282828282828284,-13.181818181818182,-13.080808080808081,-12.97979797979798,-12.878787878787879,-12.777777777777779,-12.676767676767676,-12.575757575757576,-12.474747474747474,-12.373737373737374,-12.272727272727273,-12.171717171717171,-12.070707070707071,-11.969696969696969,-11.868686868686869,-11.767676767676768,-11.666666666666668,-11.565656565656566,-11.464646464646464,-11.363636363636363,-11.262626262626263,-11.161616161616163,-11.06060606060606,-10.95959595959596,-10.858585858585858,-10.757575757575758,-10.656565656565657,-10.555555555555555,-10.454545454545455,-10.353535353535353,-10.252525252525253,-10.151515151515152,-10.05050505050505,-9.94949494949495,-9.848484848484848,-9.747474747474747,-9.646464646464647,-9.545454545454545,-9.444444444444445,-9.343434343434343,-9.242424242424242,-9.141414141414142,-9.040404040404042,-8.93939393939394,-8.838383838383837,-8.737373737373737,-8.636363636363637,-8.535353535353536,-8.434343434343434,-8.333333333333332,-8.232323232323232,-8.131313131313131,-8.030303030303031,-7.929292929292929,-7.828282828282829,-7.7272727272727275,-7.626262626262626,-7.525252525252525,-7.424242424242424,-7.3232323232323235,-7.222222222222222,-7.121212121212121,-7.02020202020202,-6.9191919191919204,-6.818181818181818,-6.717171717171716,-6.616161616161616,-6.515151515151516,-6.414141414141415,-6.313131313131313,-6.212121212121211,-6.111111111111111,-6.01010101010101,-5.90909090909091,-5.808080808080808,-5.707070707070706,-5.6060606060606055,-5.505050505050505,-5.404040404040405,-5.303030303030303,-5.202020202020201,-5.1010101010101,-5.0,-4.8989898989899,-4.797979797979799,-4.6969696969696955,-4.595959595959595,-4.494949494949495,-4.3939393939393945,-4.292929292929294,-4.19191919191919,-4.09090909090909,-3.9898989898989896,-3.8888888888888893,-3.787878787878789,-3.6868686868686886,-3.5858585858585847,-3.4848484848484844,-3.383838383838384,-3.2828282828282838],[-13.181818181818182,-13.080808080808081,-12.97979797979798,-12.878787878787879,-12.777777777777779,-12.676767676767676,-12.575757575757576,-12.474747474747474,-12.373737373737374,-12.272727272727273,-12.171717171717171,-12.070707070707071,-11.969696969696969,-11.868686868686869,-11.767676767676768,-11.666666666666668,-11.565656565656566,-11.464646464646464,-11.363636363636363,-11.262626262626263,-11.161616161616163,-11.06060606060606,-10.959595959595958,-10.858585858585858,-10.757575757575758,-10.656565656565657,-10.555555555555555,-10.454545454545455,-10.353535353535353,-10.252525252525253,-10.151515151515152,-10.05050505050505,-9.94949494949495,-9.848484848484848,-9.747474747474747,-9.646464646464647,-9.545454545454547,-9.444444444444445,-9.343434343434343,-9.242424242424242,-9.141414141414142,-9.040404040404042,-8.93939393939394,-8.838383838383837,-8.737373737373737,-8.636363636363637,-8.535353535353536,-8.434343434343434,-8.333333333333332,-8.232323232323232,-8.131313131313131,-8.030303030303031,-7.929292929292929,-7.828282828282828,-7.7272727272727275,-7.626262626262626,-7.525252525252525,-7.424242424242424,-7.323232323232323,-7.222222222222222,-7.121212121212121,-7.02020202020202,-6.919191919191919,-6.818181818181818,-6.717171717171718,-6.616161616161616,-6.515151515151516,-6.414141414141415,-6.313131313131313,-6.212121212121213,-6.111111111111111,-6.01010101010101,-5.90909090909091,-5.808080808080808,-5.707070707070708,-5.6060606060606055,-5.505050505050505,-5.404040404040405,-5.303030303030303,-5.202020202020202,-5.1010101010101,-5.0,-4.8989898989899,-4.797979797979798,-4.696969696969697,-4.595959595959595,-4.494949494949495,-4.3939393939393945,-4.292929292929292,-4.191919191919192,-4.09090909090909,-3.98989898