{"data":[{"type":"contour","x":[0.0,0.06060606060606061,0.12121212121212122,0.18181818181818182,0.24242424242424243,0.30303030303030304,0.36363636363636365,0.42424242424242425,0.48484848484848486,0.5454545454545454,0.6060606060606061,0.6666666666666666,0.7272727272727273,0.7878787878787878,0.8484848484848485,0.9090909090909091,0.9696969696969697,1.0303030303030303,1.0909090909090908,1.1515151515151516,1.2121212121212122,1.2727272727272727,1.3333333333333333,1.393939393939394,1.4545454545454546,1.5151515151515151,1.5757575757575757,1.6363636363636365,1.696969696969697,1.7575757575757576,1.8181818181818181,1.878787878787879,1.9393939393939394,2.0,2.0606060606060606,2.121212121212121,2.1818181818181817,2.242424242424242,2.303030303030303,2.3636363636363638,2.4242424242424243,2.484848484848485,2.5454545454545454,2.606060606060606,2.6666666666666665,2.727272727272727,2.787878787878788,2.8484848484848486,2.909090909090909,2.9696969696969697,3.0303030303030303,3.090909090909091,3.1515151515151514,3.212121212121212,3.272727272727273,3.3333333333333335,3.393939393939394,3.4545454545454546,3.515151515151515,3.5757575757575757,3.6363636363636362,3.696969696969697,3.757575757575758,3.8181818181818183,3.878787878787879,3.9393939393939394,4.0,4.0606060606060606,4.121212121212121,4.181818181818182,4.242424242424242,4.303030303030303,4.363636363636363,4.424242424242424,4.484848484848484,4.545454545454546,4.606060606060606,4.666666666666667,4.7272727272727275,4.787878787878788,4.848484848484849,4.909090909090909,4.96969696969697,5.03030303030303,5.090909090909091,5.151515151515151,5.212121212121212,5.2727272727272725,5.333333333333333,5.393939393939394,5.454545454545454,5.515151515151516,5.575757575757576,5.636363636363637,5.696969696969697,5.757575757575758,5.818181818181818,5.878787878787879,5.9393939393939394,6.0],"y":[0.0,0.06060606060606061,0.12121212121212122,0.18181818181818182,0.24242424242424243,0.30303030303030304,0.36363636363636365,0.42424242424242425,0.48484848484848486,0.5454545454545454,0.6060606060606061,0.6666666666666666,0.7272727272727273,0.7878787878787878,0.8484848484848485,0.9090909090909091,0.9696969696969697,1.0303030303030303,1.0909090909090908,1.1515151515151516,1.2121212121212122,1.2727272727272727,1.3333333333333333,1.393939393939394,1.4545454545454546,1.5151515151515151,1.5757575757575757,1.6363636363636365,1.696969696969697,1.7575757575757576,1.8181818181818181,1.878787878787879,1.9393939393939394,2.0,2.0606060606060606,2.121212121212121,2.1818181818181817,2.242424242424242,2.303030303030303,2.3636363636363638,2.4242424242424243,2.484848484848485,2.5454545454545454,2.606060606060606,2.6666666666666665,2.727272727272727,2.787878787878788,2.8484848484848486,2.909090909090909,2.9696969696969697,3.0303030303030303,3.090909090909091,3.1515151515151514,3.212121212121212,3.272727272727273,3.3333333333333335,3.393939393939394,3.4545454545454546,3.515151515151515,3.5757575757575757,3.6363636363636362,3.696969696969697,3.757575757575758,3.8181818181818183,3.878787878787879,3.9393939393939394,4.0,4.0606060606060606,4.121212121212121,4.181818181818182,4.242424242424242,4.303030303030303,4.363636363636363,4.424242424242424,4.484848484848484,4.545454545454546,4.606060606060606,4.666666666666667,4.7272727272727275,4.787878787878788,4.848484848484849,4.909090909090909,4.96969696969697,5.03030303030303,5.090909090909091,5.151515151515151,5.212121212121212,5.2727272727272725,5.333333333333333,5.393939393939394,5.454545454545454,5.515151515151516,5.575757575757576,5.636363636363637,5.696969696969697,5.757575757575758,5.818181818181818,5.878787878787879,5.9393939393939394,6.0],"z":[[-0.0,-0.29935720844811753,-0.5913682277318641,-0.8760330578512397,-1.1533516988062442,-1.423324150596878,-1.6859504132231407,-1.941230486685032,-2.189164370982553,-2.4297520661157024,-2.6629935720844813,-2.8888888888888884,-3.107438016528926,-3.318640955004591,-3.522497704315886,-3.7190082644628095,-3.9081726354453625,-4.089990817263544,-4.264462809917355,-4.431588613406795,-4.591368227731864,-4.743801652892562,-4.888888888888888,-5.0266299357208455,-5.15702479338843,-5.280073461891645,-5.395775941230487,-5.504132231404958,-5.605142332415059,-5.698806244260789,-5.785123966942148,-5.864095500459137,-5.935720844811754,-6.0,-6.056932966023875,-6.106519742883379,-6.148760330578512,-6.183654729109274,-6.211202938475665,-6.231404958677685,-6.244260789715335,-6.249770431588613,-6.24793388429752,-6.2387511478420565,-6.222222222222221,-6.198347107438016,-6.167125803489441,-6.128558310376491,-6.082644628099175,-6.029384756657484,-5.968778696051425,-5.900826446280991,-5.82552800734619,-5.742883379247015,-5.652892561983469,-5.555555555555555,-5.450872359963267,-5.338842975206612,-5.219467401285582,-5.092745638200185,-4.958677685950413,-4.817263544536273,-4.668503213957759,-4.5123966942148765,-4.348943985307621,-4.178145087235995,-4.0,-3.8145087235996336,-3.621671258034894,-3.421487603305785,-3.213957759412306,-2.999081726354458,-2.776859504132233,-2.5472910927456383,-2.310376492194674,-2.066115702479337,-1.81450872359963,-1.5555555555555536,-1.289256198347104,-1.0156106519742885,-0.7346189164370962,-0.4462809917355379,-0.15059687786960296,0.15243342516069802,0.46280991735537214,0.7805325987144158,1.1056014692378326,1.438016528925619,1.7777777777777786,2.124885215794304,2.4793388429752063,2.8411386593204817,3.2102846648301195,3.586776859504134,3.9706152433425217,4.361799816345275,4.760330578512395,5.166207529843891,5.579430670339761,6.0],[-0.29935720844811753,-0.5987144168962351,-0.8907254361799817,-1.1753902662993574,-1.4527089072543617,-1.7226813590449954,-1.9853076216712582,-2.24058769513315,-2.4885215794306705,-2.72910927456382,-2.962350780532599,-3.188246097337006,-3.4067952249770435,-3.6179981634527087,-3.8218549127640036,-4.0183654729109275,-4.2075298438934805,-4.389348025711662,-4.5638200183654725,-4.730945821854913,-4.890725436179981,-5.043158861340679,-5.1882460973370055,-5.325987144168963,-5.456382001836548,-5.579430670339763,-5.695133149678604,-5.803489439853076,-5.904499540863176,-5.998163452708907,-6.084481175390266,-6.163452708907254,-6.235078053259871,-6.299357208448118,-6.356290174471992,-6.405876951331496,-6.448117539026629,-6.483011937557391,-6.510560146923783,-6.530762167125802,-6.543617998163452,-6.54912764003673,-6.547291092745638,-6.538108356290174,-6.521579430670339,-6.497704315886134,-6.466483011937559,-6.427915518824609,-6.382001836547293,-6.328741965105602,-6.268135904499543,-6.200183654729109,-6.124885215794308,-6.042240587695133,-5.952249770431587,-5.854912764003673,-5.750229568411385,-5.63820018365473,-5.5188246097337,-5.392102846648303,-5.258034894398531,-5.116620752984391,-4.967860422405877,-4.8117539026629945,-4.648301193755739,-4.477502295684113,-4.299357208448118,-4.1138659320477515,-3.9210284664830115,-3.7208448117539024,-3.5133149678604236,-3.2984389348025753,-3.0762167125803503,-2.846648301193756,-2.6097337006427916,-2.3654729109274544,-2.1138659320477475,-1.854912764003671,-1.5886134067952216,-1.314967860422406,-1.0339761248852137,-0.7456382001836555,-0.4499540863177205,-0.1469237832874195,0.1634527089072546,0.4811753902662983,0.8062442607897151,1.1386593204775015,1.478420569329661,1.8255280073461866,2.179981634527089,2.541781450872364,2.910927456382002,3.2874196510560165,3.671258034894404,4.062442607897157,4.460973370064277,4.8668503213957734,5.280073461891643,5.700642791551882],[-0.5913682277318641,-0.8907254361799817,-1.1827364554637283,-1.467401285583104,-1.7447199265381084,-2.014692378328742,-2.277318640955005,-2.5325987144168964,-2.780532598714417,-3.0211202938475665,-3.2543617998163454,-3.4802571166207525,-3.69880624426079,-3.9100091827364554,-4.11386593204775,-4.310376492194674,-4.499540863177227,-4.681359044995409,-4.855831037649219,-5.02295684113866,-5.182736455463727,-5.335169880624425,-5.480257116620752,-5.617998163452709,-5.748393021120295,-5.871441689623509,-5.987144168962351,-6.095500459136822,-6.196510560146923,-6.290174471992653,-6.376492194674013,-6.455463728191001,-6.5270890725436175,-6.591368227731865,-6.648301193755739,-6.697887970615243,-6.740128558310376,-6.775022956841138,-6.80257116620753,-6.822773186409549,-6.835629017447198,-6.841138659320476,-6.839302112029385,-6.83011937557392,-6.813590449954086,-6.7897153351698805,-6.758494031221305,-6.719926538108355,-6.674012855831039,-6.620752984389348,-6.5601469237832895,-6.492194674012856,-6.416896235078054,-6.33425160697888,-6.244260789715334,-6.14692378328742,-6.042240587695131,-5.930211202938477,-5.810835629017447,-5.68411386593205,-5.550045913682277,-5.408631772268137,-5.259871441689624,-5.103764921946741,-4.940312213039485,-4.76951331496786,-4.591368227731865,-4.405876951331498,-4.213039485766759,-4.012855831037649,-3.8053259871441703,-3.590449954086322,-3.368227731864097,-3.1386593204775024,-2.9017447199265383,-2.657483930211201,-2.405876951331494,-2.1469237832874177,-1.8806244260789682,-1.6069788797061526,-1.3259871441689604,-1.037649219467402,-0.7419651056014671,-0.4389348025711661,-0.128558310376492,0.18916437098255168,0.5142332415059685,0.8466483011937549,1.1864095500459144,1.53351698806244,1.8879706152433422,2.2497704315886176,2.6189164370982554,2.99540863177227,3.3792470156106575,3.770431588613411,4.1689623507805305,4.574839302112027,4.988062442607896,5.408631772268135],[-0.8760330578512397,-1.1753902662993574,-1.467401285583104,-1.7520661157024795,-2.029384756657484,-2.2993572084481175,-2.5619834710743805,-2.8172635445362717,-3.065197428833793,-3.3057851239669422,-3.539026629935721,-3.7649219467401283,-3.983471074380166,-4.194674012855831,-4.398530762167126,-4.595041322314049,-4.784205693296602,-4.966023875114784,-5.140495867768595,-5.307621671258035,-5.467401285583104,-5.619834710743802,-5.764921946740128,-5.902662993572085,-6.03305785123967,-6.156106519742885,-6.271808999081727,-6.3801652892561975,-6.481175390266299,-6.574839302112029,-6.661157024793388,-6.740128558310377,-6.811753902662994,-6.87603305785124,-6.932966023875115,-6.982552800734619,-7.024793388429752,-7.059687786960514,-7.087235996326905,-7.107438016528925,-7.1202938475665745,-7.1258034894398525,-7.12396694214876,-7.114784205693296,-7.098255280073461,-7.074380165289256,-7.043158861340681,-7.0045913682277305,-6.9586776859504145,-6.9054178145087235,-6.844811753902665,-6.776859504132231,-6.70156106519743,-6.618916437098255,-6.528925619834709,-6.431588613406795,-6.3269054178145065,-6.214876033057852,-6.095500459136822,-5.968778696051425,-5.8347107438016526,-5.6932966023875125,-5.544536271808999,-5.388429752066116,-5.2249770431588605,-5.054178145087235,-4.87603305785124,-4.690541781450873,-4.497704315886134,-4.297520661157025,-4.089990817263546,-3.8751147842056977,-3.6528925619834727,-3.423324150596878,-3.186409550045914,-2.9421487603305767,-2.69054178145087,-2.4315886134067934,-2.165289256198344,-1.8916437098255283,-1.610651974288336,-1.3223140495867778,-1.0266299357208428,-0.7235996326905417,-0.4132231404958676,-0.09550045913682392,0.2295684113865929,0.5619834710743793,0.9017447199265388,1.2488521579430643,1.6033057851239665,1.9651056014692418,2.3342516069788797,2.710743801652894,3.094582185491282,3.4857667584940355,3.884297520661155,4.290174471992652,4.703397612488521,5.12396694214876],[-1.1533516988062442,-1.4527089072543617,-1.7447199265381084,-2.029384756657484,-2.3067033976124884,-2.576675849403122,-2.839302112029385,-3.0945821854912765,-3.3425160697887972,-3.5831037649219466,-3.8163452708907255,-4.042240587695133,-4.26078971533517,-4.471992653810835,-4.675849403122131,-4.872359963269053,-5.061524334251606,-5.243342516069788,-5.4178145087236,-5.584940312213039,-5.744719926538108,-5.897153351698806,-6.042240587695133,-6.17998163452709,-6.310376492194674,-6.4334251606978885,-6.5491276400367315,-6.657483930211201,-6.7584940312213035,-6.8521579430670325,-6.938475665748392,-7.017447199265382,-7.089072543617998,-7.153351698806244,-7.2102846648301195,-7.259871441689624,-7.302112029384757,-7.337006427915519,-7.364554637281909,-7.38475665748393,-7.397612488521579,-7.403122130394857,-7.401285583103764,-7.392102846648301,-7.375573921028465,-7.35169880624426,-7.3204775022956845,-7.2819100091827345,-7.235996326905418,-7.182736455463727,-7.122130394857669,-7.054178145087235,-6.9788797061524335,-6.896235078053259,-6.806244260789713,-6.708907254361799,-6.6042240587695105,-6.492194674012856,-6.372819100091826,-6.246097337006429,-6.1120293847566565,-5.970615243342516,-5.821854912764003,-5.66574839302112,-5.502295684113864,-5.331496786042239,-5.153351698806244,-4.967860422405877,-4.775022956841138,-4.574839302112029,-4.36730945821855,-4.152433425160702,-3.930211202938477,-3.7006427915518825,-3.4637281910009183,-3.219467401285581,-2.967860422405874,-2.708907254361798,-2.4426078971533483,-2.1689623507805327,-1.8879706152433404,-1.5996326905417821,-1.3039485766758472,-1.0009182736455462,-0.6905417814508721,-0.3728191000918284,-0.04775022956841157,0.2846648301193748,0.6244260789715343,0.9715335169880599,1.3259871441689621,1.6877869605142375,2.0569329660238753,2.43342516069789,2.8172635445362775,3.208448117539031,3.606978879706151,4.012855831037648,4.426078971533517,4.846648301193756],[-1.423324150596878,-1.7226813590449954,-2.014692378328742,-2.2993572084481175,-2.576675849403122,-2.846648301193756,-3.1092745638200183,-3.36455463728191,-3.612488521579431,-3.85307621671258,-4.086317722681359,-4.3122130394857665,-4.530762167125804,-4.741965105601469,-4.945821854912764,-5.142332415059688,-5.331496786042241,-5.513314967860422,-5.6877869605142335,-5.854912764003673,-6.014692378328742,-6.16712580348944,-6.3122130394857665,-6.449954086317724,-6.5803489439853085,-6.703397612488523,-6.819100091827365,-6.927456382001836,-7.028466483011937,-7.122130394857667,-7.208448117539026,-7.287419651056015,-7.359044995408632,-7.423324150596878,-7.480257116620753,-7.529843893480257,-7.5720844811753905,-7.606978879706152,-7.634527089072543,-7.654729109274563,-7.667584940312213,-7.673094582185491,-7.671258034894398,-7.662075298438935,-7.6455463728190995,-7.621671258034894,-7.590449954086319,-7.551882460973369,-7.505968778696053,-7.452708907254362,-7.392102846648303,-7.324150596877869,-7.248852157943068,-7.166207529843893,-7.076216712580347,-6.9788797061524335,-6.874196510560145,-6.76216712580349,-6.6427915518824605,-6.516069788797063,-6.382001836547291,-6.240587695133151,-6.0918273645546375,-5.935720844811755,-5.772268135904499,-5.601469237832873,-5.423324150596878,-5.237832874196512,-5.044995408631772,-4.844811753902663,-4.637281910009184,-4.422405876951336,-4.200183654729111,-3.9706152433425164,-3.7337006427915522,-3.489439853076215,-3.237832874196508,-2.9788797061524317,-2.712580348943982,-2.4389348025711666,-2.1579430670339743,-1.8696051423324158,-1.5739210284664809,-1.2708907254361799,-0.9605142332415058,-0.6427915518824621,-0.31772268135904524,0.014692378328741151,0.3544536271809007,0.7015610651974262,1.0560146923783285,1.4178145087236038,1.7869605142332416,2.163452708907256,2.5472910927456436,2.9384756657483972,3.337006427915517,3.7428833792470133,4.156106519742883,4.576675849403122],[-1.6859504132231407,-1.9853076216712582,-2.277318640955005,-2.5619834710743805,-2.839302112029385,-3.1092745638200183,-3.3719008264462813,-3.627180899908173,-3.8751147842056937,-4.115702479338843,-4.348943985307622,-4.574839302112029,-4.793388429752067,-5.004591368227732,-5.208448117539026,-5.404958677685951,-5.594123048668504,-5.775941230486685,-5.950413223140496,-6.117539026629936,-6.277318640955004,-6.429752066115702,-6.574839302112029,-6.712580348943986,-6.842975206611571,-6.966023875114786,-7.081726354453627,-7.190082644628099,-7.291092745638199,-7.38475665748393,-7.471074380165289,-7.550045913682277,-7.621671258034894,-7.685950413223141,-7.742883379247015,-7.7924701561065195,-7.8347107438016526,-7.869605142332414,-7.897153351698806,-7.917355371900825,-7.930211202938475,-7.935720844811753,-7.933884297520661,-7.924701561065197,-7.9081726354453625,-7.884297520661157,-7.853076216712582,-7.814508723599632,-7.768595041322316,-7.715335169880625,-7.654729109274566,-7.586776859504132,-7.511478420569331,-7.428833792470156,-7.33884297520661,-7.2415059687786965,-7.136822773186408,-7.024793388429753,-6.9054178145087235,-6.778696051423326,-6.644628099173554,-6.503213957759414,-6.3544536271809005,-6.198347107438018,-6.034894398530762,-5.864095500459136,-5.685950413223141,-5.500459136822775,-5.307621671258035,-5.107438016528926,-4.899908172635447,-4.685032139577599,-4.462809917355374,-4.233241505968779,-3.9963269054178148,-3.7520661157024775,-3.5004591368227707,-3.2415059687786942,-2.9752066115702447,-2.701561065197429,-2.420569329660237,-2.1322314049586786,-1.8365472910927436,-1.5335169880624426,-1.2231404958677685,-0.9054178145087248,-0.580348943985308,-0.2479338842975216,0.09182736455463791,0.43893480257116346,0.7933884297520657,1.155188246097341,1.5243342516069789,1.9008264462809934,2.284664830119381,2.6758494031221347,3.0743801652892544,3.4802571166207508,3.8934802571166203,4.314049586776859],[-1.941230486685032,-2.24058769513315,-2.5325987144168964,-2.8172635445362717,-3.0945821854912765,-3.36455463728191,-3.627180899908173,-3.882460973370064,-4.130394857667585,-4.370982552800735,-4.604224058769513,-4.83011937557392,-5.048668503213958,-5.259871441689623,-5.463728191000918,-5.660238751147841,-5.849403122130394,-6.031221303948576,-6.205693296602387,-6.372819100091827,-6.5325987144168955,-6.685032139577594,-6.83011937557392,-6.967860422405877,-7.098255280073462,-7.221303948576677,-7.337006427915519,-7.4453627180899895,-7.546372819100091,-7.640036730945821,-7.72635445362718,-7.805325987144169,-7.876951331496786,-7.941230486685032,-7.998163452708907,-8.047750229568411,-8.089990817263544,-8.124885215794306,-8.152433425160698,-8.172635445362717,-8.185491276400366,-8.191000918273645,-8.189164370982553,-8.179981634527088,-8.163452708907254,-8.139577594123049,-8.108356290174473,-8.069788797061523,-8.023875114784207,-7.9706152433425155,-7.910009182736457,-7.842056932966023,-7.7667584940312215,-7.684113865932047,-7.594123048668501,-7.496786042240587,-7.3921028466482985,-7.280073461891644,-7.160697887970614,-7.033976124885217,-6.8999081726354445,-6.758494031221304,-6.609733700642791,-6.453627180899908,-6.2901744719926524,-6.119375573921027,-5.941230486685032,-5.755739210284665,-5.562901744719926,-5.362718089990817,-5.155188246097338,-4.94031221303949,-4.718089990817265,-4.48852157943067,-4.251606978879706,-4.007346189164369,-3.755739210284662,-3.4967860422405854,-3.230486685032136,-2.9568411386593203,-2.675849403122128,-2.3875114784205698,-2.091827364554635,-1.788797061524334,-1.47842056932966,-1.1606978879706162,-0.8356290174471994,-0.503213957759413,-0.1634527089072535,0.18365472910927205,0.5381083562901743,0.8999081726354496,1.2690541781450875,1.645546372819102,2.02938475665749,2.4205693296602435,2.819100091827363,3.2249770431588596,3.638200183654729,4.058769513314968],[-2.189164370982553,-2.4885215794306705,-2.780532598714417,-3.065197428833793,-3.3425160697887972,-3.612488521579431,-3.8751147842056937,-4.130394857667585,-4.378328741965106,-4.618916437098255,-4.852157943067034,-5.078053259871441,-5.296602387511479,-5.507805325987144,-5.711662075298439,-5.9081726354453625,-6.0973370064279155,-6.279155188246097,-6.453627180899908,-6.620752984389348,-6.780532598714417,-6.932966023875115,-7.078053259871441,-7.2157943067033985,-7.346189164370983,-7.469237832874198,-7.58494031221304,-7.693296602387511,-7.794306703397612,-7.887970615243342,-7.974288337924701,-8.05325987144169,-8.124885215794308,-8.189164370982553,-8.246097337006429,-8.295684113865931,-8.337924701561064,-8.372819100091828,-8.400367309458218,-8.420569329660239,-8.433425160697887,-8.438934802571165,-8.437098255280073,-8.427915518824609,-8.411386593204774,-8.387511478420569,-8.356290174471994,-8.317722681359044,-8.271808999081728,-8.218549127640037,-8.157943067033978,-8.089990817263544,-8.014692378328743,-7.932047750229568,-7.842056932966022,-7.744719926538108,-7.64003673094582,-7.528007346189165,-7.408631772268135,-7.281910009182738,-7.147842056932966,-7.006427915518826,-6.857667584940312,-6.70156106519743,-6.538108356290174,-6.367309458218548,-6.189164370982553,-6.003673094582187,-5.810835629017447,-5.610651974288338,-5.403122130394859,-5.188246097337011,-4.966023875114786,-4.736455463728191,-4.499540863177227,-4.25528007346189,-4.003673094582183,-3.7447199265381066,-3.478420569329657,-3.2047750229568415,-2.923783287419649,-2.635445362718091,-2.339761248852156,-2.036730945821855,-1.7263544536271809,-1.4086317722681372,-1.0835629017447204,-0.751147842056934,-0.41138659320477444,-0.0642791551882489,0.29017447199265334,0.6519742883379287,1.0211202938475665,1.397612488521581,1.7814508723599687,2.1726354453627224,2.571166207529842,2.9770431588613384,3.390266299357208,3.810835629017447],[-2.4297520661157024,-2.72910927456382,-3.0211202938475665,-3.3057851239669422,-3.5831037649219466,-3.85307621671258,-4.115702479338843,-4.370982552800735,-4.618916437098255,-4.859504132231405,-5.092745638200183,-5.318640955004591,-5.537190082644628,-5.748393021120293,-5.952249770431589,-6.1487603305785115,-6.3379247015610645,-6.519742883379246,-6.694214876033058,-6.861340679522497,-7.0211202938475665,-7.1735537190082646,-7.318640955004591,-7.456382001836548,-7.586776859504132,-7.709825528007347,-7.82552800734619,-7.93388429752066,-8.034894398530762,-8.12855831037649,-8.21487603305785,-8.29384756657484,-8.365472910927457,-8.429752066115702,-8.486685032139578,-8.536271808999082,-8.578512396694215,-8.613406795224977,-8.640955004591367,-8.661157024793388,-8.674012855831037,-8.679522497704315,-8.677685950413222,-8.66850321395776,-8.651974288337923,-8.628099173553718,-8.596877869605143,-8.558310376492193,-8.512396694214877,-8.459136822773186,-8.398530762167127,-8.330578512396693,-8.255280073461892,-8.172635445362717,-8.082644628099171,-7.985307621671257,-7.880624426078969,-7.768595041322314,-7.649219467401284,-7.522497704315887,-7.388429752066115,-7.2470156106519745,-7.098255280073461,-6.9421487603305785,-6.7786960514233225,-6.607897153351697,-6.429752066115702,-6.2442607897153355,-6.051423324150596,-5.851239669421487,-5.643709825528008,-5.42883379247016,-5.206611570247935,-4.97704315886134,-4.740128558310376,-4.495867768595039,-4.244260789715332,-3.985307621671256,-3.7190082644628064,-3.445362718089991,-3.1643709825527986,-2.8760330578512403,-2.5803489439853053,-2.2773186409550044,-1.9669421487603302,-1.6492194674012866,-1.3241505968778697,-0.9917355371900833,-0.6519742883379238,-0.30486685032139826,0.04958677685950397,0.4113865932047793,0.7805325987144172,1.1570247933884317,1.5408631772268193,1.932047750229573,2.3305785123966927,2.736455463728189,3.1496786042240585,3.5702479338842976],[-2.6629935720844813,-2.962350780532599,-3.2543617998163454,-3.539026629935721,-3.8163452708907255,-4.086317722681359,-4.348943985307622,-4.604224058769513,-4.852157943067034,-5.092745638200183,-5.325987144168963,-5.55188246097337,-5.770431588613407,-5.9816345270890725,-6.185491276400367,-6.382001836547291,-6.571166207529844,-6.7529843893480255,-6.927456382001837,-7.0945821854912765,-7.254361799816345,-7.406795224977043,-7.55188246097337,-7.689623507805327,-7.820018365472912,-7.943067033976126,-8.058769513314967,-8.167125803489439,-8.268135904499541,-8.36179981634527,-8.44811753902663,-8.527089072543617,-8.598714416896236,-8.662993572084481,-8.719926538108357,-8.76951331496786,-8.811753902662993,-8.846648301193756,-8.874196510560147,-8.894398530762167,-8.907254361799815,-8.912764003673093,-8.910927456382002,-8.901744719926537,-8.885215794306703,-8.861340679522497,-8.830119375573922,-8.791551882460972,-8.745638200183656,-8.692378328741965,-8.631772268135906,-8.563820018365472,-8.488521579430671,-8.405876951331496,-8.31588613406795,-8.218549127640037,-8.113865932047748,-8.001836547291093,-7.882460973370064,-7.755739210284666,-7.621671258034894,-7.480257116620754,-7.331496786042241,-7.175390266299358,-7.011937557392102,-6.841138659320476,-6.662993572084481,-6.477502295684115,-6.284664830119375,-6.084481175390266,-5.876951331496787,-5.662075298438939,-5.439853076216714,-5.2102846648301195,-4.973370064279155,-4.729109274563818,-4.477502295684111,-4.218549127640035,-3.9522497704315853,-3.6786042240587697,-3.3976124885215775,-3.109274563820019,-2.8135904499540842,-2.5105601469237833,-2.200183654729109,-1.8824609733700655,-1.5573921028466486,-1.2249770431588622,-0.8852157943067027,-0.5381083562901772,-0.18365472910927494,0.17814508723600042,0.5472910927456383,0.9237832874196528,1.3076216712580404,1.698806244260794,2.0973370064279138,2.50321395775941,2.9164370982552796,3.3370064279155187],[-2.8888888888888884,-3.188246097337006,-3.4802571166207525,-3.7649219467401283,-4.042240587695133,-4.3122130394857665,-4.574839302112029,-4.83011937557392,-5.078053259871441,-5.318640955004591,-5.55188246097337,-5.777777777777777,-5.996326905417814,-6.20752984389348,-6.411386593204774,-6.607897153351698,-6.797061524334251,-6.978879706152433,-7.153351698806244,-7.320477502295684,-7.480257116620752,-7.63269054178145,-7.777777777777777,-7.915518824609734,-8.04591368227732,-8.168962350780532,-8.284664830119375,-8.393021120293845,-8.494031221303947,-8.587695133149676,-8.674012855831037,-8.752984389348025,-8.824609733700642,-8.88888888888889,-8.945821854912763,-8.995408631772268,-9.0376492194674,-9.072543617998162,-9.100091827364555,-9.120293847566574,-9.133149678604223,-9.138659320477501,-9.13682277318641,-9.127640036730945,-9.11111111111111,-9.087235996326903,-9.05601469237833,-9.01744719926538,-8.971533516988064,-8.918273645546371,-8.857667584940312,-8.78971533516988,-8.714416896235079,-8.631772268135904,-8.541781450872357,-8.444444444444443,-8.339761248852156,-8.2277318640955,-8.10835629017447,-7.981634527089073,-7.847566574839301,-7.706152433425161,-7.557392102846648,-7.401285583103765,-7.237832874196509,-7.0670339761248835,-6.888888888888888,-6.703397612488522,-6.510560146923782,-6.310376492194673,-6.1028466483011945,-5.887970615243346,-5.665748393021121,-5.436179981634527,-5.1992653810835625,-4.955004591368225,-4.703397612488518,-4.444444444444442,-4.178145087235992,-3.904499540863177,-3.6235078053259846,-3.3351698806244263,-3.0394857667584914,-2.7364554637281904,-2.4260789715335163,-2.1083562901744726,-1.7832874196510557,-1.4508723599632694,-1.1111111111111098,-0.7640036730945843,-0.40955004591368205,-0.04775022956840669,0.32139577594123114,0.6978879706152457,1.0817263544536333,1.472910927456387,1.8714416896235067,2.277318640955003,2.6905417814508725,3.1111111111111116],[-3.107438016528926,-3.4067952249770435,-3.69880624426079,-3.983471074380166,-4.26078971533517,-4.530762167125804,-4.793388429752067,-5.048668503213958,-5.296602387511479,-5.537190082644628,-5.770431588613407,-5.996326905417814,-6.214876033057852,-6.426078971533517,-6.629935720844812,-6.8264462809917354,-7.0156106519742885,-7.19742883379247,-7.371900826446281,-7.539026629935721,-7.69880624426079,-7.851239669421488,-7.996326905417814,-8.134067952249772,-8.264462809917356,-8.38751147842057,-8.503213957759414,-8.611570247933884,-8.712580348943984,-8.806244260789715,-8.892561983471074,-8.971533516988064,-9.043158861340679,-9.107438016528926,-9.1643709825528,-9.213957759412306,-9.25619834710744,-9.291092745638199,-9.318640955004591,-9.33884297520661,-9.351698806244261,-9.35720844811754,-9.355371900826446,-9.346189164370983,-9.329660238751147,-9.305785123966942,-9.274563820018367,-9.235996326905417,-9.1900826446281,-9.13682277318641,-9.07621671258035,-9.008264462809917,-8.932966023875116,-8.850321395775941,-8.760330578512395,-8.662993572084481,-8.558310376492193,-8.446280991735538,-8.326905417814508,-8.200183654729111,-8.066115702479339,-7.9247015610651985,-7.775941230486685,-7.6198347107438025,-7.4563820018365465,-7.285583103764921,-7.107438016528926,-6.9219467401285595,-6.72910927456382,-6.528925619834711,-6.321395775941232,-6.106519742883384,-5.884297520661159,-5.654729109274564,-5.4178145087236,-5.173553719008263,-4.921946740128556,-4.6629935720844795,-4.39669421487603,-4.123048668503214,-3.842056932966022,-3.553719008264464,-3.258034894398529,-2.955004591368228,-2.644628099173554,-2.32690541781451,-2.0018365472910933,-1.6694214876033069,-1.3296602387511474,-0.9825528007346218,-0.6280991735537196,-0.2662993572084442,0.10284664830119361,0.4793388429752081,0.8631772268135958,1.2543617998163494,1.6528925619834691,2.0587695133149655,2.471992653810835,2.892561983471074],[-3.318640955004591,-3.6179981634527087,-3.9100091827364554,-4.194674012855831,-4.471992653810835,-4.741965105601469,-5.004591368227732,-5.259871441689623,-5.507805325987144,-5.748393021120293,-5.9816345270890725,-6.20752984389348,-6.426078971533517,-6.637281910009182,-6.841138659320477,-7.037649219467401,-7.226813590449954,-7.408631772268135,-7.583103764921947,-7.750229568411386,-7.910009182736455,-8.062442607897154,-8.207529843893479,-8.345270890725438,-8.475665748393022,-8.598714416896236,-8.714416896235079,-8.822773186409549,-8.92378328741965,-9.01744719926538,-9.10376492194674,-9.18273645546373,-9.254361799816344,-9.318640955004591,-9.375573921028465,-9.425160697887971,-9.467401285583104,-9.502295684113864,-9.529843893480257,-9.550045913682276,-9.562901744719927,-9.568411386593205,-9.566574839302111,-9.557392102846649,-9.540863177226813,-9.516988062442607,-9.485766758494032,-9.447199265381082,-9.401285583103766,-9.348025711662075,-9.287419651056016,-9.219467401285582,-9.144168962350781,-9.061524334251606,-8.97153351698806,-8.874196510560147,-8.769513314967858,-8.657483930211203,-8.538108356290174,-8.411386593204776,-8.277318640955004,-8.135904499540864,-7.987144168962351,-7.831037649219468,-7.667584940312212,-7.496786042240586,-7.318640955004591,-7.133149678604225,-6.940312213039485,-6.740128558310376,-6.532598714416897,-6.317722681359049,-6.095500459136824,-5.8659320477502295,-5.629017447199265,-5.384756657483928,-5.133149678604221,-4.874196510560145,-4.607897153351695,-4.33425160697888,-4.053259871441687,-3.764921946740129,-3.469237832874194,-3.166207529843893,-2.855831037649219,-2.5381083562901754,-2.2130394857667586,-1.8806244260789722,-1.5408631772268127,-1.193755739210287,-0.8393021120293849,-0.4775022956841095,-0.10835629017447168,0.26813590449954283,0.6519742883379305,1.0431588613406841,1.4416896235078038,1.8475665748393002,2.2607897153351697,2.681359044995409],[-3.522497704315886,-3.8218549127640036,-4.11386593204775,-4.398530762167126,-4.675849403122131,-4.945821854912764,-5.208448117539026,-5.463728191000918,-5.711662075298439,-5.952249770431589,-6.185491276400367,-6.411386593204774,-6.629935720844812,-6.841138659320477,-7.044995408631772,-7.241505968778696,-7.430670339761249,-7.61248852157943,-7.786960514233241,-7.954086317722681,-8.11386593204775,-8.266299357208448,-8.411386593204774,-8.549127640036732,-8.679522497704315,-8.802571166207532,-8.918273645546373,-9.026629935720845,-9.127640036730945,-9.221303948576676,-9.307621671258033,-9.386593204775023,-9.45821854912764,-9.522497704315885,-9.579430670339761,-9.629017447199265,-9.671258034894398,-9.70615243342516,-9.73370064279155,-9.753902662993571,-9.76675849403122,-9.772268135904499,-9.770431588613405,-9.761248852157943,-9.744719926538107,-9.720844811753903,-9.689623507805326,-9.651056014692376,-9.60514233241506,-9.55188246097337,-9.491276400367312,-9.423324150596876,-9.348025711662075,-9.2653810835629,-9.175390266299356,-9.078053259871442,-8.973370064279152,-8.861340679522499,-8.74196510560147,-8.61524334251607,-8.481175390266298,-8.33976124885216,-8.191000918273645,-8.034894398530763,-7.871441689623507,-7.700642791551881,-7.522497704315886,-7.33700642791552,-7.14416896235078,-6.943985307621671,-6.736455463728192,-6.521579430670344,-6.299357208448119,-6.069788797061524,-5.83287419651056,-5.588613406795223,-5.337006427915516,-5.07805325987144,-4.81175390266299,-4.5381083562901745,-4.257116620752982,-3.968778696051424,-3.673094582185489,-3.370064279155188,-3.059687786960514,-2.74196510560147,-2.4168962350780534,-2.084481175390267,-1.7447199265381075,-1.397612488521582,-1.0431588613406797,-0.6813590449954043,-0.3122130394857665,0.064279155188248,0.44811753902663565,0.8393021120293893,1.237832874196509,1.6437098255280054,2.056932966023875,2.477502295684114],[-3.7190082644628095,-4.0183654729109275,-4.310376492194674,-4.595041322314049,-4.872359963269053,-5.142332415059688,-5.404958677685951,-5.660238751147841,-5.9081726354453625,-6.1487603305785115,-6.382001836547291,-6.607897153351698,-6.8264462809917354,-7.037649219467401,-7.241505968778696,-7.438016528925619,-7.627180899908172,-7.808999081726354,-7.983471074380165,-8.150596877869605,-8.310376492194674,-8.462809917355372,-8.607897153351697,-8.745638200183656,-8.87603305785124,-8.999081726354454,-9.114784205693297,-9.223140495867767,-9.324150596877868,-9.417814508723598,-9.504132231404958,-9.583103764921947,-9.654729109274562,-9.71900826446281,-9.775941230486684,-9.82552800734619,-9.867768595041323,-9.902662993572083,-9.930211202938475,-9.950413223140494,-9.963269054178145,-9.968778696051423,-9.96694214876033,-9.957759412304867,-9.941230486685031,-9.917355371900825,-9.88613406795225,-9.8475665748393,-9.801652892561984,-9.748393021120293,-9.687786960514234,-9.6198347107438,-9.544536271809,-9.461891643709825,-9.371900826446279,-9.274563820018365,-9.169880624426076,-9.057851239669422,-8.938475665748392,-8.811753902662995,-8.677685950413222,-8.536271808999082,-8.387511478420569,-8.231404958677686,-8.06795224977043,-7.897153351698805,-7.7190082644628095,-7.533516988062443,-7.3406795224977035,-7.140495867768594,-6.932966023875116,-6.718089990817267,-6.495867768595042,-6.266299357208448,-6.029384756657484,-5.785123966942146,-5.5335169880624395,-5.274563820018363,-5.0082644628099136,-4.734618916437098,-4.453627180899906,-4.1652892561983474,-3.8696051423324125,-3.5665748393021115,-3.2561983471074374,-2.9384756657483937,-2.613406795224977,-2.2809917355371905,-1.941230486685031,-1.5941230486685054,-1.2396694214876032,-0.8778696051423278,-0.50872359963269,-0.13223140495867547,0.2516069788797122,0.6427915518824658,1.0413223140495855,1.447199265381082,1.8604224058769514,2.2809917355371905],[-3.9081726354453625,-4.2075298438934805,-4.499540863177227,-4.784205693296602,-5.061524334251606,-5.331496786042241,-5.594123048668504,-5.849403122130394,-6.0973370064279155,-6.3379247015610645,-6.571166207529844,-6.797061524334251,-7.0156106519742885,-7.226813590449954,-7.430670339761249,-7.627180899908172,-7.816345270890725,-7.998163452708907,-8.172635445362719,-8.339761248852158,-8.499540863177227,-8.651974288337925,-8.79706152433425,-8.934802571166209,-9.065197428833793,-9.188246097337007,-9.30394857667585,-9.41230486685032,-9.51331496786042,-9.606978879706151,-9.69329660238751,-9.7722681359045,-9.843893480257115,-9.908172635445363,-9.965105601469237,-10.014692378328743,-10.056932966023876,-10.091827364554636,-10.119375573921028,-10.139577594123047,-10.152433425160698,-10.157943067033976,-10.156106519742883,-10.14692378328742,-10.130394857667584,-10.106519742883378,-10.075298438934803,-10.036730945821853,-9.990817263544537,-9.937557392102846,-9.876951331496787,-9.808999081726354,-9.733700642791552,-9.651056014692378,-9.561065197428832,-9.463728191000918,-9.35904499540863,-9.247015610651975,-9.127640036730945,-9.000918273645548,-8.866850321395775,-8.725436179981635,-8.576675849403122,-8.420569329660239,-8.257116620752983,-8.086317722681358,-7.9081726354453625,-7.722681359044996,-7.5298438934802565,-7.329660238751147,-7.122130394857669,-6.90725436179982,-6.685032139577595,-6.455463728191001,-6.218549127640037,-5.974288337924699,-5.7226813590449925,-5.463728191000916,-5.197428833792467,-4.923783287419651,-4.642791551882459,-4.3544536271809005,-4.0587695133149655,-3.7557392102846645,-3.4453627180899904,-3.1276400367309467,-2.80257116620753,-2.4701561065197435,-2.130394857667584,-1.7832874196510584,-1.4288337924701562,-1.0670339761248808,-0.697887970615243,-0.3213957759412285,0.062442607897159164,0.45362718089991283,0.8521579430670325,1.258034894398529,1.6712580348943984,2.0918273645546375],[-4.089990817263544,-4.389348025711662,-4.681359044995409,-4.966023875114784,-5.243342516069788,-5.513314967860422,-5.775941230486685,-6.031221303948576,-6.279155188246097,-6.519742883379246,-6.7529843893480255,-6.978879706152433,-7.19742883379247,-7.408631772268135,-7.61248852157943,-7.808999081726354,-7.998163452708907,-8.179981634527088,-8.354453627180899,-8.52157943067034,-8.681359044995407,-8.833792470156105,-8.978879706152433,-9.116620752984389,-9.247015610651975,-9.370064279155189,-9.48576675849403,-9.594123048668502,-9.695133149678604,-9.788797061524333,-9.875114784205692,-9.95408631772268,-10.025711662075299,-10.089990817263544,-10.14692378328742,-10.196510560146923,-10.238751147842056,-10.27364554637282,-10.30119375573921,-10.32139577594123,-10.334251606978878,-10.339761248852156,-10.337924701561064,-10.3287419651056,-10.312213039485766,-10.28833792470156,-10.257116620752985,-10.218549127640035,-10.172635445362719,-10.119375573921028,-10.058769513314969,-9.990817263544535,-9.915518824609734,-9.83287419651056,-9.742883379247013,-9.6455463728191,-9.54086317722681,-9.428833792470156,-9.309458218549127,-9.18273645546373,-9.048668503213957,-8.907254361799817,-8.758494031221304,-8.60238751147842,-8.438934802571165,-8.26813590449954,-8.089990817263544,-7.904499540863178,-7.711662075298438,-7.511478420569329,-7.30394857667585,-7.089072543618002,-6.866850321395777,-6.637281910009182,-6.400367309458218,-6.156106519742881,-5.904499540863174,-5.645546372819098,-5.379247015610648,-5.105601469237833,-4.82460973370064,-4.536271808999082,-4.240587695133147,-3.937557392102846,-3.627180899908172,-3.3094582185491284,-2.9843893480257115,-2.651974288337925,-2.3122130394857656,-1.96510560146924,-1.6106519742883378,-1.2488521579430625,-0.8797061524334246,-0.5032139577594101,-0.1193755739210225,0.2718089990817312,0.6703397612488509,1.0762167125803472,1.4894398530762167,1.9100091827364558],[-4.264462809917355,-4.5638200183654725,-4.855831037649219,-5.140495867768595,-5.4178145087236,-5.6877869605142335,-5.950413223140496,-6.205693296602387,-6.453627180899908,-6.694214876033058,-6.927456382001837,-7.153351698806244,-7.371900826446281,-7.583103764921947,-7.786960514233241,-7.983471074380165,-8.172635445362719,-8.354453627180899,-8.52892561983471,-8.69605142332415,-8.855831037649219,-9.008264462809917,-9.153351698806244,-9.2910927456382,-9.421487603305785,-9.544536271809001,-9.660238751147842,-9.768595041322314,-9.869605142332414,-9.963269054178145,-10.049586776859503,-10.128558310376492,-10.20018365472911,-10.264462809917354,-10.32139577594123,-10.370982552800735,-10.413223140495868,-10.44811753902663,-10.47566574839302,-10.49586776859504,-10.50872359963269,-10.514233241505968,-10.512396694214875,-10.503213957759412,-10.486685032139576,-10.462809917355372,-10.431588613406795,-10.393021120293845,-10.347107438016529,-10.29384756657484,-10.233241505968781,-10.165289256198346,-10.089990817263544,-10.00734618916437,-9.917355371900825,-9.820018365472912,-9.715335169880621,-9.603305785123968,-9.483930211202939,-9.35720844811754,-9.223140495867767,-9.081726354453629,-8.932966023875114,-8.776859504132233,-8.613406795224975,-8.442607897153351,-8.264462809917354,-8.078971533516988,-7.886134067952249,-7.68595041322314,-7.4784205693296615,-7.263544536271813,-7.041322314049588,-6.811753902662994,-6.5748393021120295,-6.330578512396692,-6.078971533516985,-5.820018365472909,-5.553719008264459,-5.280073461891644,-4.999081726354452,-4.710743801652893,-4.415059687786958,-4.112029384756657,-3.8016528925619832,-3.4839302112029396,-3.1588613406795227,-2.8264462809917363,-2.486685032139577,-2.1395775941230513,-1.785123966942149,-1.4233241505968737,-1.0541781450872358,-0.6776859504132213,-0.2938475665748337,0.09733700642791998,0.49586776859503967,0.901744719926536,1.3149678604224055,1.7355371900826446],[-4.431588613406795,-4.730945821854913,-5.02295684113866,-5.307621671258035,-5.584940312213039,-5.8