{"data":[{"type":"contour","x":[-10.0,-9.8989898989899,-9.797979797979798,-9.696969696969697,-9.595959595959595,-9.494949494949495,-9.393939393939394,-9.292929292929292,-9.191919191919192,-9.090909090909092,-8.98989898989899,-8.88888888888889,-8.787878787878787,-8.686868686868687,-8.585858585858587,-8.484848484848484,-8.383838383838384,-8.282828282828284,-8.181818181818182,-8.080808080808081,-7.979797979797979,-7.878787878787879,-7.777777777777778,-7.6767676767676765,-7.575757575757576,-7.474747474747475,-7.373737373737374,-7.272727272727273,-7.171717171717171,-7.070707070707071,-6.96969696969697,-6.8686868686868685,-6.767676767676768,-6.666666666666666,-6.565656565656566,-6.4646464646464645,-6.363636363636363,-6.262626262626263,-6.161616161616162,-6.0606060606060606,-5.959595959595959,-5.858585858585859,-5.757575757575758,-5.656565656565657,-5.555555555555555,-5.454545454545454,-5.353535353535354,-5.252525252525253,-5.151515151515151,-5.05050505050505,-4.94949494949495,-4.848484848484849,-4.747474747474747,-4.646464646464646,-4.545454545454546,-4.444444444444445,-4.343434343434343,-4.242424242424242,-4.141414141414141,-4.040404040404041,-3.9393939393939394,-3.8383838383838382,-3.737373737373737,-3.6363636363636367,-3.5353535353535355,-3.4343434343434343,-3.333333333333333,-3.2323232323232327,-3.1313131313131315,-3.0303030303030303,-2.929292929292929,-2.828282828282828,-2.7272727272727275,-2.6262626262626263,-2.525252525252525,-2.424242424242424,-2.3232323232323235,-2.2222222222222223,-2.121212121212121,-2.02020202020202,-1.9191919191919187,-1.8181818181818183,-1.717171717171718,-1.616161616161616,-1.5151515151515156,-1.4141414141414135,-1.3131313131313131,-1.2121212121212128,-1.1111111111111107,-1.0101010101010104,-0.9090909090909083,-0.808080808080808,-0.7070707070707076,-0.6060606060606055,-0.5050505050505052,-0.40404040404040487,-0.30303030303030276,-0.20202020202020243,-0.10101010101010033,0.0],"y":[-10.0,-9.8989898989899,-9.797979797979798,-9.696969696969697,-9.595959595959595,-9.494949494949495,-9.393939393939394,-9.292929292929292,-9.191919191919192,-9.090909090909092,-8.98989898989899,-8.88888888888889,-8.787878787878787,-8.686868686868687,-8.585858585858587,-8.484848484848484,-8.383838383838384,-8.282828282828284,-8.181818181818182,-8.080808080808081,-7.979797979797979,-7.878787878787879,-7.777777777777778,-7.6767676767676765,-7.575757575757576,-7.474747474747475,-7.373737373737374,-7.272727272727273,-7.171717171717171,-7.070707070707071,-6.96969696969697,-6.8686868686868685,-6.767676767676768,-6.666666666666666,-6.565656565656566,-6.4646464646464645,-6.363636363636363,-6.262626262626263,-6.161616161616162,-6.0606060606060606,-5.959595959595959,-5.858585858585859,-5.757575757575758,-5.656565656565657,-5.555555555555555,-5.454545454545454,-5.353535353535354,-5.252525252525253,-5.151515151515151,-5.05050505050505,-4.94949494949495,-4.848484848484849,-4.747474747474747,-4.646464646464646,-4.545454545454546,-4.444444444444445,-4.343434343434343,-4.242424242424242,-4.141414141414141,-4.040404040404041,-3.9393939393939394,-3.8383838383838382,-3.737373737373737,-3.6363636363636367,-3.5353535353535355,-3.4343434343434343,-3.333333333333333,-3.2323232323232327,-3.1313131313131315,-3.0303030303030303,-2.929292929292929,-2.828282828282828,-2.7272727272727275,-2.6262626262626263,-2.525252525252525,-2.424242424242424,-2.3232323232323235,-2.2222222222222223,-2.121212121212121,-2.02020202020202,-1.9191919191919187,-1.8181818181818183,-1.717171717171718,-1.616161616161616,-1.5151515151515156,-1.4141414141414135,-1.3131313131313131,-1.2121212121212128,-1.1111111111111107,-1.0101010101010104,-0.9090909090909083,-0.808080808080808,-0.7070707070707076,-0.6060606060606055,-0.5050505050505052,-0.40404040404040487,-0.30303030303030276,-0.20202020202020243,-0.10101010101010033,0.0],"z":[[0.05511595056216245,0.35253763001403654,0.5435885861125325,0.5872114544876736,0.241519214602315,0.24973293041960284,0.7831746394997269,0.5292071798438758,-0.1753292813119179,0.70360183438507,0.27469995700182737,-0.14802319532151234,0.2088775598691965,0.21702169672951543,0.7876912507761009,0.3188220850402095,0.026466600277981145,-0.13940596032581098,-0.005388040977005681,0.7409683263678615,-0.17791162807021926,0.07743489362152442,0.7019440035972578,0.5802345342374344,0.04262958120669416,0.17765028676766534,0.03569531663889258,0.44753866270310516,0.38399262903436915,-0.16046506685992512,0.7778314505090277,0.1626989328261038,0.5780354169570654,0.6642981939065294,0.20573774464906586,0.8353447516168284,-0.1603151379129228,0.601355969710914,0.7688266109729495,0.11080475492853728,-0.15683987423061202,-0.15834066075931563,-0.018862475271015477,0.4924879127559535,-0.07376107321056323,0.7816343940583028,-0.11449754112289559,0.38013240108102786,-0.13024880549225884,-0.1503704849746726,0.16225173923733688,-0.04584131024493063,0.7634301419035658,-0.08525249998019188,-0.14197720399363709,0.642920039546658,0.7695953577551622,0.6950809971330978,0.8582478075411828,0.8400021033238562,0.29955183534031044,-0.12654764147570835,0.5839174885376226,-0.12766327026595561,0.8493603843096763,0.39040460137128885,0.051258609712009184,-0.129763519196006,0.7726448943712392,0.12078547112088689,-0.043063546417312776,0.46795113834410856,-0.04843678676782054,0.147603849959375,0.2176714463094088,-0.12183095786643172,0.510829457190125,0.015787692118366017,0.35573226732452445,0.33684653915533136,0.7090664729854874,-0.11401474801434931,0.8777711023298221,0.42538018972860936,0.7471851736307723,0.6333633343668076,-0.024949146704809397,0.10090821870536563,-0.09989337095300783,0.33517483433534423,0.8770517939077717,0.8858576805077549,0.8753013647414647,0.4041009123320559,0.04932530294023815,-0.1035566374874813,0.7550237309604229,0.19215669406250513,0.8516356228927746,0.0001596638161274061],[0.35253763001403654,-0.11032505848952352,-0.19563214962114334,-0.1911793727240456,0.5150263171133712,0.7135884709227611,0.6962539812641256,-0.049395845469879074,0.5498652856529225,-0.18136331908700765,0.743999062188008,-0.18163424144058563,0.6371916022229049,-0.11934453412741367,-0.17669677455897345,-0.18075907295715155,-0.1458051285851334,0.668674192198154,-0.05487838474033449,-0.1532416466640369,-0.023455814640066908,0.015853269344431403,-0.1310809040995481,0.40839630799916005,0.2701287153029003,0.5317101218300972,0.059564733692790806,-0.14578169818515524,-0.11816229112191867,0.697300350803906,0.7147854321516358,-0.1254714455871997,0.809531514429074,0.5458685141321096,-0.1222852160344686,0.5447135106589334,0.6915843987746001,0.33531026845303635,0.5996530394691953,0.715096359610382,0.4509060634019131,-0.12981556597522476,-0.13385918196135568,0.049111612695444534,0.8169572170813184,0.5559061598668686,0.03353920138866198,-0.05520703527562776,0.5330360006222041,0.8210870571608846,0.25837482407084933,-0.10351049964631406,0.06297894147185382,-0.0726905032735771,-0.08507208863659593,0.4148412974260043,0.8041796534593069,-0.10031881771482967,0.8316445884591048,0.21502411501459728,0.8471330813821286,0.8513122751265008,0.799158620061358,0.7913364496775863,0.8400537389414213,0.06627785748865717,-0.06994134240136789,0.4945015434711531,-0.04050295394173427,-0.12396879708881169,0.41704372706386467,-0.08070471886769756,0.17600810528147268,-0.08288330812219358,0.8751218987318227,0.876401954830716,0.8497465608877169,-0.07289929165172049,-0.10007151302891754,-0.11339720671353576,0.02074129361890302,-0.1048113524878048,0.4017993538896712,0.7217826105658206,0.8658583463614837,0.21535413521278862,-0.04724681193888462,0.8757498102336876,0.7213531484213336,0.5127930402570596,0.43510487143040244,0.8042422239733162,0.03930734551152901,0.6538883786475141,-0.08965178407965631,0.0025260723798104096,0.6955147785808002,0.8001222357518293,-0.09147755312747338,0.8593655475036774],[0.5435885861125325,-0.19563214962114334,0.30481973190997463,0.1310971884593581,-0.08104698347920573,0.791565552258852,-0.1520929225710341,0.7013577039647413,0.27049792855545746,-0.17315302622357484,0.5644344045332932,-0.16204847012314708,-0.18122289836414884,0.29518378995081984,0.7072501888637288,0.11895404512621643,0.6986670877454314,-0.17502048319522978,0.7263380447516814,0.7421048866238815,0.0983891746514595,0.8048706221107553,0.684091913893166,0.6512381596278918,-0.16593069735394564,0.047980013052578735,0.6421811164749707,0.4327879683918858,0.5875012590210763,0.6155977840102098,0.8301781473729057,0.24421313346170673,-0.13729560952038206,0.42139471230386344,0.8362842292736619,-0.16246122830279044,0.3374675349611747,-0.1395632308574024,0.27919026604026287,0.8403723887778303,0.2496039785269667,0.5198909693439276,0.7461861729004285,0.8386370019472066,0.5019228781838282,0.8393708625721374,-0.02924040251974791,-0.1501295491346381,0.830785528361697,0.5043957109168062,0.27853833122666555,0.013366925861299922,0.847169503040923,0.5173802618209995,0.8560582079358111,0.11890146376058139,0.16070849837738935,-0.13743723497548455,-0.13573746087585054,0.7984229460346329,-0.13199681730830012,-0.11096835019042307,0.8580854556254981,0.8321978995703712,-0.12450995572556896,-0.03242143068856457,0.10354688630148065,0.8667088173183839,0.0721046649885898,0.5328850213069627,0.09197815902137585,0.5328736126149206,0.8185359160460761,-0.05469713594796967,0.319102266878582,-0.11489577213895494,-0.04975780864989289,0.4901613324095335,-0.11885296222991688,0.28210408205028875,0.21435149849756763,0.3373292609353814,0.5904443326541435,0.42380387807824055,0.7866847797946355,-0.09367886400611329,0.7624026536875825,0.8898989770032674,0.7518635738110491,-0.00864423367469229,-0.10676115547102628,0.8906371281505079,-0.0878469519636822,-0.09296320242059145,0.12114539574582514,-0.0661922604196567,0.6780795931792966,0.4129044034032704,0.3249844902785632,0.33793299037004354],[0.5872114544876736,-0.1911793727240456,0.1310971884593581,0.7524316326316034,0.8070400497671022,0.17257748043649698,-0.025343643710499436,0.0639652668384661,0.025096007998013453,0.711041017062807,0.018607871151290506,0.8016594737095137,0.5583645833574031,0.6900345555360323,-0.07399707184132466,0.7259897988070014,0.8191717664654153,-0.1470468956237022,-0.1638894896105322,0.5600961098906202,0.2276181358348584,0.8241301962884062,-0.10723754951826844,0.8206636428460244,0.8014784025177293,0.2695377621401148,0.8033143658655445,0.26965099891749716,-0.12919558559977162,0.597070000275571,0.5553173675068572,0.8141596118864605,0.1292272198453409,-0.13477660333909294,-0.10501459263848387,-0.15230267492133415,-0.15943215189079615,0.743219480129995,0.7055916551456003,0.6415485946770145,-0.15644812631241165,-0.1455904249949956,0.2245180523359933,0.7944158414450484,-0.07444950053302309,0.09342154203306582,-0.1485678534354682,0.8170788331292251,-0.009371737589417978,-0.0535842543345067,0.8210487233525949,-0.0008960131001748972,-0.13169869069679452,0.8220090538640069,0.03597592737393221,-0.1405740203289659,-0.11500843802211057,0.85235623891437,-0.08865817061532819,0.8530941218945507,0.7574958879709635,0.04222885977011831,-0.0016767836576275785,0.19901596900172144,0.8664325532381684,-0.043844097941328264,-0.039851807033946446,-0.03872586303120122,0.8045208028293307,0.6708996668378715,0.8653828619417712,-0.1172054075698423,0.2130556774284888,0.8221578180458505,0.8775506424528887,-0.11603175129176749,0.06406403982802282,-0.11306796011683234,0.8572040362869136,-0.09289539957619464,-0.11342407866861282,0.752737230711466,-0.10980103865140041,-0.06427686578508875,-0.07138065806092045,0.7243684465996236,0.4688238735901629,0.45129792950007186,-0.036443163783679816,0.8789458641039054,0.6515280600178641,0.8916856425845697,0.23128141277486053,0.45138121759969796,0.8746211173247036,-0.10100931192269703,-0.09995006406722422,-0.014835959417839106,0.8171123272349387,0.08164272554063283],[0.241519214602315,0.5150263171133712,-0.08104698347920573,0.8070400497671022,0.4119297057118648,-0.19087802562467923,-0.07215281318746754,-0.17727029256993335,0.1966998038689384,-0.0999084591115735,0.528816345842297,0.3472886285520099,0.6875040264330383,0.8066559267271036,0.2909804778465467,0.6636311659247156,0.32464532658826445,0.7580596141022952,-0.08053268426478895,0.7017143643902821,-0.11226678278502626,-0.17417828723045378,-0.08729933324206277,-0.17245993761850595,0.7209748330458979,0.4769887216444738,-0.1694264667142773,0.757692495027569,0.8168861175577348,0.03563867934234918,-0.11014115986339285,-0.1317072528795594,-0.15657531036456832,-0.08518415689884612,-0.15421067984485742,-0.07478786798359499,0.7814244456195686,-0.1374070777409316,0.09076640323060997,0.6154409500808615,0.18034003498132448,-0.11860430974321294,-0.15202165156138078,0.5595573709039382,0.7490895787213262,-0.12355115962179153,-0.12453851066314274,0.8404466487862926,0.486774665235917,0.6818842180808402,0.7641926575990348,0.2121496525203878,0.4763017109789591,0.44013263482203524,0.8577456256806955,-0.066940906860283,0.6601595977838681,0.8176411373979248,0.40735181662091335,0.5505169029666075,0.8632730762804057,0.7639210322742502,-0.0629741699390978,0.23200844022698722,0.8644107213293433,-0.13011553177598073,-0.04549126324406998,0.8070139864198953,0.28962686725223635,0.5154567103598362,-0.09554553499784672,0.4658241164257278,0.6635748974676735,0.46024707606815163,0.12472659933189309,0.10262017469503082,0.0062105581881065075,0.8599049791637153,0.8826821245290479,-0.09931475965405101,-0.07634328851992338,0.4791855602532688,-0.09954457252425777,0.8179106098052262,0.8854000672967397,0.1439110714544275,0.8580978846210883,0.8538243829059208,0.8891032313711309,0.7057893225891543,-0.10417536425054393,0.40981577766545374,-0.04875011065580844,0.20989599371139417,-0.02435667588183643,-0.09954845831372815,0.8503013477864795,0.8367065608264916,0.003945224832384048,0.6986403662354379],[0.24973293041960284,0.7135884709227611,0.791565552258852,0.17257748043649698,-0.19087802562467923,0.1948001510715403,-0.04181631817743933,-0.1782076920237198,0.6626232862043484,-0.18246284574288238,0.17261359971291176,0.805328469558868,0.806241892980007,0.5271915718122376,0.7538309477339094,0.18690062512591016,-0.17832159375358445,0.20731045163157566,0.28048247473066096,0.4259929937668404,-0.17164136912726644,-0.12400933202296033,0.7323540966640925,0.08676121142427304,0.8092399041276148,0.4478398025092265,0.2738936876910758,-0.14396466050332662,-0.1289018799144639,0.2986098140653902,0.8208575407649981,-0.031114577387476916,-0.09538531210831153,-0.15451427484331526,0.6929642548174059,0.7521346668050185,-0.1568776191300871,0.7266928860421692,-0.013080528325878221,-0.05673577692407908,0.7040419012305388,0.8035375966455091,0.43936528677551956,-0.15151029386237072,0.4913556012756549,0.8195504666642125,-0.14835147727789103,0.00142726676359059,0.8532509658465282,0.8288377006644891,0.43886769928933156,0.8452276854328828,0.7647497335345247,0.6657503088606926,-0.1133662995863986,0.0653048791585461,0.017929855581979737,-0.03919883131226165,-0.06132041702109213,-0.07626146135981712,0.027049614737043898,-0.1314148968191404,0.8676687637378827,-0.11481864288464284,0.8470410546781253,0.4019425714598935,0.7566922891251293,-0.12369328726875194,0.8189457265962078,0.5253317728755243,-0.11141973471565131,-0.11719085141290701,0.7321113416236925,0.7557966629960807,0.05463535799879253,0.23834454691210105,-0.03244140952586139,0.4914794612213721,0.7783178496811651,-0.1147058334033939,0.800069698793103,0.5524752790795238,0.4839676284320705,0.6716120327261748,0.7044855787384379,-0.05395445630051916,0.8717856864844751,-0.09591502525146839,0.7565851417311722,-0.10504609707532399,-0.042271892734353646,0.7560685542047065,0.8431748553430799,0.5617857042197825,0.3764048069060594,-0.09877993787149872,0.7121596585047424,0.8944214484277956,-0.023049312664882735,0.7154342499547532],[0.7831746394997269,0.6962539812641256,-0.1520929225710341,-0.025343643710499436,-0.07215281318746754,-0.04181631817743933,-0.1708045535332178,0.112435704795248,0.7884960207374827,-0.1822003134852359,0.776033742340061,0.5947436545612566,-0.049578456270384985,0.31809645965521693,0.6240971364373913,0.6613733997255784,0.09453823048785046,0.5326780203500824,-0.12815130563914123,0.13063144490669307,0.07065399688061277,-0.16395610027899474,0.5144894368397452,0.7406851502088305,-0.16886285206489385,0.1416080602119247,0.22348574982937344,-0.021504459355326827,-0.11576469585610305,0.057574095304631534,0.4203842915240526,-0.15757630691264615,-0.11552042937839177,-0.15859004957175604,0.4368082431957496,0.21634721626564482,-0.019978050441848083,0.6723124129939625,0.8351212659568794,-0.15453500422587893,0.6943401796463397,-0.07123750784063786,0.4726132835779734,-0.07833237857085469,0.8008866493646054,0.6784554859061437,0.5090630549258732,0.8435761161455675,0.2551158255593884,0.8095693489442001,-0.09780948225395364,0.5592520051659404,0.8014718739327683,-0.13582388703283751,0.7328314044253876,0.7973433000094744,0.02351656759670631,0.6176555290710343,0.19884401482617067,-0.10955090561856712,-0.1316031323563838,0.8091450504495247,0.38239374914099816,-0.011458015492597964,0.8464165053983972,-0.1282828256100519,0.1580969776977536,0.22679783485051117,0.8329601700791295,0.7503268297136754,0.15274865215253158,-0.046781724153023355,0.4571777996658952,0.87749859749594,-0.0839640969760455,0.8792254723518945,-0.11715617923898942,-0.020975829310955443,-0.0008809370642626213,-0.03530694910640905,-0.07930265416531435,-0.10260375390536723,0.730944829043518,0.8764333237620073,0.1548405278352861,-0.02235006634440448,0.062163743337720026,-0.03171933805890302,-0.10438387241071273,0.49634548117576904,0.05308189419404427,-0.04387150068813779,-0.031424312070846935,0.40157197716728776,0.7177277468343313,-0.09677736730179855,0.592684621035587,-0.09544183995421845,0.8508953155529182,0.07257997105737678],[0.5292071798438758,-0.049395845469879074,0.7013577039647413,0.0639652668384661,-0.17727029256993335,-0.1782076920237198,0.112435704795248,-0.13918812346536416,-0.09769823340144311,-0.15436148091334373,-0.13710625182945285,-0.0008461365284281874,0.7993826044526429,0.04980861452237284,0.741498245217065,-0.17592193542240703,0.736293013806355,-0.1105393036934424,-0.1408695929436745,-0.06393271675094425,0.8150188464533621,0.32156053606782686,-0.17008522034811446,-0.12472032821521722,-0.15657248534818324,0.7978165849317952,0.8195985148744852,-0.1388230015170854,0.11635634618295332,0.7110916085091636,0.7659506132352273,0.21730706914810283,0.8162117105258644,-0.08970845283605247,-0.1577354862059342,0.8000726070610239,0.020241995750501868,-0.15118354681556867,0.663246545128404,-0.13108471194969706,0.8407042664122036,0.16818748142147902,0.715541810799548,-0.13978265991014255,0.7917186666598945,0.7887155856085739,-0.12179152128109705,0.8127864830570621,0.8464069109414583,0.23360848025429562,0.800004346764624,0.7291714998718607,0.01899386601667774,0.01880644810879692,0.7842691634936084,-0.13734510039835568,0.08268054920710938,0.13044378741338808,0.7788661772437389,0.04687859432772579,0.2845419765349122,0.10645513496390249,-0.11048848097912828,0.5013096515481161,0.6496596231470231,0.8611787655935139,0.5477178868203041,-0.11787261021227584,-0.12383678014035707,0.7299901066567507,0.8560010029071453,-0.061557425372861505,-0.09249729502158477,-0.1177783243621923,0.005335104651459352,0.8224163870884873,0.03040446663688609,0.7372069518430021,0.08987327546402284,0.7551724629963398,0.12615038649692478,0.1337969888146614,0.5969163984905033,-0.10909029232224757,0.18307766484793844,0.7500627237830357,0.027084846861635162,0.7030519312860626,0.24549648135806512,0.76099534464224,0.7916048893193246,0.8989614164691762,0.7452815557942057,0.8086024652210865,0.5748776260745981,-0.06558518277840754,0.21790700832267396,0.578573070999663,0.42931481030010726,0.2033365532865965],[-0.1753292813119179,0.5498652856529225,0.27049792855545746,0.025096007998013453,0.1966998038689384,0.6626232862043484,0.7884960207374827,-0.09769823340144311,-0.18374599409612608,-0.03388169396623553,-0.1649527738774335,-0.13805128309087372,0.45917869656922855,0.3592363562971097,0.3488682880800049,-0.1556874702916108,0.4828014446466351,0.19088435366211035,0.31884187938447883,-0.14735682207805598,0.7461760115205118,-0.1522916883843754,0.7726400253445139,0.08137389927921149,-0.1522629228695929,0.2971116120409602,0.07196358176810944,-0.15590151381747158,-0.058783746661765196,-0.15792179544467583,0.2351527053398549,-0.15995248777895874,-0.09806696307235625,-0.13597530863975593,0.0632913728430135,0.08077937660843895,0.8218448788695243,0.05031605862074465,0.807049556960494,-0.14971084355139191,0.3397285641187662,0.8490463653474773,0.12277888805130005,0.8452575243996331,0.7970046247113423,-0.14040265236220836,0.8114127925959231,0.48923477304123353,0.06351079035072221,0.8352297960095049,0.04837819693292139,0.09747445793210749,0.8204198088923692,-0.12974017503361462,0.648922488645398,0.8227402856923265,0.861113176108812,-0.02968818282151145,0.38367781590789773,0.8159121763289763,-0.1275405638049443,0.7208446106688822,0.3535238168194791,0.2516726933062964,-0.1271690099127319,-0.05632147906669552,0.7030894002897516,-0.10665361649897709,-0.12323155401145419,0.8734776376195262,0.841008543259546,0.011359801376874853,0.4556207037317699,0.06363574875769086,0.8689297757130435,0.20243066630144393,-0.11514382696158673,0.467837253694308,0.8840006968701117,0.867068034329723,-0.06977800127602528,0.10891623764859805,-0.09016868357540037,0.5493772127215611,0.13742683353924878,0.4533865219787434,0.5794781751951783,0.6679234967526748,0.796007035398438,-0.05520567189727553,-0.08671882172744173,0.36740218359172283,0.7936443272895014,0.8451299167697628,-0.09695264826613446,-0.09595897336938124,-0.08628091906160615,0.7685457954921745,-0.0762066134129602,0.9008767582437441],[0.70360183438507,-0.18136331908700765,-0.17315302622357484,0.711041017062807,-0.0999084591115735,-0.18246284574288238,-0.1822003134852359,-0.15436148091334373,-0.03388169396623553,0.176221831554877,0.3374636165516419,0.5848045355581184,0.6925595894441571,0.4975259948929299,0.8205212374032662,-0.12864240549630895,0.06154245563799687,0.7351199076706963,-0.14764835296589107,-0.17040545271974522,0.2591368044118597,0.23202692571974443,-0.017412186540922664,-0.16685787089330492,0.6739293597877991,-0.07779131604871405,0.19111951441844072,-0.09547106960585924,0.003615664041223654,-0.16001431472675776,0.8372224670443114,0.03926124513599241,-0.1010302286818583,0.051317905330599656,0.681937921218716,0.09800160044870729,0.7888368792793536,-0.15255947746614432,0.19010886400408675,0.6776592287043383,0.061491768440030264,0.645398631025518,-0.14221311725016242,0.3138666665390163,-0.13960548652196866,0.8283558945865891,0.39573201661936963,-0.14177649008254078,-0.1422698770401057,-0.14050085266784396,-0.138376271679031,-0.0037905204767018086,0.033489368549313614,0.12373360955749219,0.7164711209784816,0.5786827689298818,0.3404345732035421,-0.12526891150387937,-0.12103135394645548,0.11068562538949173,0.8539195085172799,0.851419144681212,0.8648005721444734,0.45756620184529095,0.5638008640292074,-0.08492009868173273,0.6471984614810817,-0.0686596683752794,0.049077439919590043,0.8692100086188631,0.8573666278836137,-0.11249561285617757,0.008209170526264895,0.15859824759270516,0.36352757867831853,0.8847537427312776,0.1427297480354875,0.683779094943124,0.8712113999850507,0.7921281256721397,0.038873980112575965,0.19501341297292837,-0.09458260234858547,-0.060506031184452726,-0.10172907171246277,0.8820766379522909,0.6320463105706156,0.7071478462326052,0.3514391120525475,0.22286504683923306,0.7306033673196706,-0.09618257427632006,0.7021874848713885,0.2894068266158076,0.2897856076479174,0.16351632536671246,0.900041384821037,0.1066003570265176,0.8669517752201344,-0.08997438966978073],[0.27469995700182737,0.743999062188008,0.5644344045332932,0.018607871151290506,0.528816345842297,0.17261359971291176,0.776033742340061,-0.13710625182945285,-0.1649527738774335,0.3374636165516419,0.4811770968100701,-0.09907933189769383,-0.09072659846943493,0.8153998673645186,0.7825892373202757,0.4383319075875033,-0.16345834785228608,0.09469843588120808,-0.1689751641779462,-0.13378904265832886,-0.16969061293814694,0.29527981410813997,0.33122157325765156,-0.15232538039323512,0.831181834279382,0.4952474645672505,0.8301504518140719,0.17850173310457038,-0.16010142210082906,-0.03710429241596638,0.4076966608629776,0.8123391308789522,0.09540948404628369,-0.1537925804843409,-0.13307880336610597,-0.15393395421810716,0.7067543496813445,0.6852302845254353,-0.14714488455886954,0.6728739096237356,0.8199851006992306,0.030121022650745483,0.8525197024020728,0.5396654581985749,0.006535425195061173,0.8086383976994362,-0.02237516835633989,0.44165719404439163,0.8275446992798811,-0.14027242503410675,0.23827559337313037,0.5389009783860715,0.8440011614513977,-0.13429545434939366,0.13502549260619015,0.745334922807133,0.4850196902369628,0.35765728764880234,-0.12864240028576346,0.11117439455819142,0.06715940528634665,-0.024473815044603733,0.5260505939906663,0.21984494309084232,0.8579412970398239,0.23984609957953865,-0.07913379965629772,0.11112229099249911,0.877162200718801,0.15390447896540133,0.6261628121005645,0.5429508746378592,0.7404988774572508,-0.11585294345504121,-0.03954350402123624,-0.09006201184245488,0.5360532188441114,0.6426359059779008,0.23759341346543333,-0.03208677947567641,0.7828067090082259,0.4867633760762431,-0.06950862958888727,0.4102138134443538,0.4109907894785586,0.6892081505996986,0.6933929238280994,0.6910184980850529,0.7744269879474661,-0.09939181117638547,0.13112098399101818,0.8638471185411577,0.7658715470136334,-0.082403276921889,-0.09291582863412258,-0.04192370994529749,0.905417371882396,0.0013508767164149144,0.8937240093871291,-0.07789924680180907],[-0.14802319532151234,-0.18163424144058563,-0.16204847012314708,0.8016594737095137,0.3472886285520099,0.805328469558868,0.5947436545612566,-0.0008461365284281874,-0.13805128309087372,0.5848045355581184,-0.09907933189769383,0.7153870261352756,0.8232108349533065,-0.1723928838415259,0.04681105776572439,0.8257471513976542,0.20173695278669695,0.4861560258538874,-0.09635930295358897,-0.1694569858239884,0.7318796538682798,-0.1334049398270581,0.25688455524133774,0.7197947043870212,0.2835836433017289,0.5249440104861525,0.39399275957266067,-0.047632581983789044,0.38678514195856406,-0.15453814594294524,0.5844852697247369,-0.1405031125865503,-0.045774165714443954,0.7988998770209198,0.8431240060671993,0.5225468106304528,0.48992835106497157,-0.019632188492688774,0.7505332108753207,0.8336144930889853,0.5717453560244313,-0.14746395425707756,0.8525918479524284,0.616445999091286,0.7346122819103232,0.09317513099685037,-0.07153683436618864,-0.09999223045834886,0.7339982275028638,-0.061205332186632155,0.824746716129315,0.6961149957080004,0.6184531630753501,-0.08385925879868751,-0.13067952606903696,0.09550668082759914,0.15287434514477707,-0.12710176661870323,-0.12989656828230778,0.8339381530564758,0.20017845414832197,0.8502770137902549,0.09549607119952158,0.10850467115771861,-0.11994816237525806,0.8750337264871396,0.5423226960396563,0.6483704580292522,0.8695032117601424,0.8109972388952619,0.7253149100432831,0.6605112018820084,0.10216724097674143,-0.02397158254691284,0.8130976911724848,0.6692369959817774,0.783902740200467,-0.03213629375162991,0.7054816553471605,-0.1002233127146018,0.8029773650456389,0.09435546662397114,0.8555686354242866,-0.10504808180935717,0.8879795960746092,0.8530311004316896,-0.014889371917033822,-0.08930229982597586,0.7147945341161812,0.45818223941927877,0.04493674440600412,0.10889411484220625,-0.05810375231439876,0.5340945177928322,0.7762897808817438,0.5809735458797216,-0.03467727579623531,0.839537992282986,-0.07724626530183211,0.891618350767833],[0.2088775598691965,0.6371916022229049,-0.18122289836414884,0.5583645833574031,0.6875040264330383,0.806241892980007,-0.049578456270384985,0.7993826044526429,0.45917869656922855,0.6925595894441571,-0.09072659846943493,0.8232108349533065,0.7461289204253228,0.08323876769477831,0.826191497381525,0.3941355241488349,0.08980139786270272,0.7286085827013145,-0.1604084528961008,0.1431445218941447,-0.13299995003152196,-0.09914809323309465,-0.15418511886266567,0.8117163506331009,0.6484139415488204,-0.03490109394181262,-0.16003395449345661,0.700457632368282,-0.12376565273657425,0.12424522432009469,0.8345812700968768,-0.07485653383842764,0.7260135288560411,0.6714504165694953,-0.03732654535474418,0.2878225577179482,0.4219948546394706,-0.14523554688597107,0.0797781951622922,-0.11997810049258514,0.24308795339912215,0.09734815677431849,0.7467611064904291,0.639541312302385,0.6584098203343381,0.4416050261972967,0.131975075418559,-0.13222562022534104,0.7566388581854637,0.8572011025546086,-0.057569815409490896,0.8512056842811402,0.7418025625616135,0.4339577724860456,0.13153283997590645,-0.10233741651732947,0.04353603640091486,-0.02542890478349706,0.69826084722427,-0.06188502589097501,-0.12362496721621705,0.42176773996629724,0.7633926766561722,0.6057402698842514,0.03467901756606198,0.7941988851952061,0.8523550283960738,-0.11907090687301398,0.4831829199545553,0.041138981593002694,0.8666023143402728,0.8291933905337757,0.06314582452852237,0.49384370194492705,0.22169665195115631,0.7168710017860663,0.38392840584732885,0.8871683254984027,-0.1090091725347764,0.8830067970789935,0.4625337553313069,0.06890483101270221,0.23590689698180528,0.20426262067136858,0.8963588488672883,0.09004976837912432,-0.06623922164152035,-0.09345054277013344,-0.09879518673024111,0.7640105739552021,0.5911176911455023,0.8767649441704866,-0.00032686813665390446,0.0744286174625397,0.1296383792196249,0.18369008154300584,-0.07090013150778389,0.7936143208932793,0.1343986316189994,0.42197238039771046],[0.21702169672951543,-0.11934453412741367,0.29518378995081984,0.6900345555360323,0.8066559267271036,0.5271915718122376,0.31809645965521693,0.04980861452237284,0.3592363562971097,0.4975259948929299,0.8153998673645186,-0.1723928838415259,0.08323876769477831,0.6592635695899491,0.46559828070828024,-0.15915327586932412,0.4264431887854191,0.7704954060369351,0.8213410308789082,0.036879561370193964,0.8333118119015418,0.7796859280520321,0.5877567913959605,-0.02463481285027122,0.791566526552003,-0.16076672375633147,0.044597349818250004,0.8189149092038415,0.021768893124384098,0.15029030947775807,0.30571559640881063,0.554940645806636,0.15481936321953454,0.7695514348893059,-0.12389606069060123,0.8449023647170308,0.7292036814448724,0.41769233214777374,-0.09461522572860223,0.1565896051855566,0.7644820834039201,0.5193120302369839,0.5910207860824748,0.8272605865193869,-0.1363539815423441,0.014450760977685634,0.7407721874708327,-0.10546489309891433,-0.09932985104133635,0.7352683370193048,-0.11487245446797698,0.38979998071779143,-0.1022557661068863,0.841366496921712,-0.12290274967293148,0.4700733333715606,0.74758565819772,-0.04884892870619639,-0.12709899940462915,0.8386169634982161,-0.12621544375300003,0.7160404125237524,-0.030048442322996458,-0.10612752416689332,0.8702997120005204,0.4213581638457634,-0.11937632004481762,0.6915410230518978,0.8677049335757421,-0.10711744036268993,-0.09832539173397647,0.32053595359168907,0.38654551904584583,0.31339023210445105,-0.11211741492220074,-0.09397415842179357,0.3046590050050081,0.23906995783325483,0.7236199222340178,0.087840753652795,-0.09956366580911104,-0.10480432363513655,-0.09951493273746687,0.8907528907256544,-0.05577720795794619,0.08956404872222291,0.39007735757138673,0.5053715714441153,0.8137242827740496,0.8317755206381487,-0.015853684470063925,-0.03599679990900561,-0.0728911513898349,0.33808412568150137,0.2664585855523106,0.8850518389641915,0.38443416768099503,-0.07524521458000687,0.8844543024466175,0.10838230319396022],[0.7876912507761009,-0.17669677455897345,0.7072501888637288,-0.07399707184132466,0.2909804778465467,0.7538309477339094,0.6240971364373913,0.741498245217065,0.3488682880800049,0.8205212374032662,0.7825892373202757,0.04681105776572439,0.826191497381525,0.46559828070828024,0.06800037241116819,0.11823108647828781,-0.16963445921999126,0.09350180504681815,0.808298063019638,0.09314453149988872,-0.08194618017525557,0.6713504319371997,-0.0770090266174379,0.5898611872919342,0.8293051274088122,-0.16047576079675255,0.14352660827923822,-0.1565157785655919,-0.060785949957798374,0.014380128301660272,0.07661463325384923,-0.07015325770285406,-0.13181367139957342,0.205184013494725,0.792059342718888,-0.14258781819310065,0.8208286532911209,0.7379792833204148,0.3465006014986947,-0.13783963426026263,0.2776498508983083,-0.14395987056819917,0.317015886372095,0.6149817676421464,-0.12547952659240935,-0.07865670374114242,-0.11436858300411067,-0.1383353523104747,-0.13734164803276708,0.16543253598735166,0.7073795024980785,0.09537628310117485,0.11362502561540228,0.027324535315927018,0.6134565856646985,0.8553636067184505,0.46867077670506685,0.8653873926870437,-0.1271854672991628,0.1078905605952247,0.1947522956656523,0.6735646655322217,0.7556812810021609,-0.013480361458996865,0.4150171684560262,0.8651850497763769,0.8352614162098719,0.24424724975074574,-0.11686514027578856,0.06958224421085502,0.8114685508206518,-0.11176640175954208,0.8678282579358297,0.24005490603485757,0.6114565462642048,0.8005430750598649,-0.08528675700067657,-0.10806291045383401,0.4980628771564699,-0.006853786888133151,0.791531172158908,0.16697775257781022,0.6923468108229002,-0.07439570428412567,-0.09919823906297456,-0.09951048285330892,0.7525974450397329,-0.09781818735986536,0.8034732963883869,0.8796802118740661,0.8979701102801128,0.07866144010750127,0.13153510482190514,0.32572440862537433,0.042988194163308,0.3435231061294514,0.25195475447837595,0.5112731255589263,0.2544346697743652,0.2809100085125945],[0.3188220850402095,-0.18075907295715155,0.11895404512621643,0.7259897988070014,0.6636311659247156,0.18690062512591016,0.6613733997255784,-0.17592193542240703,-0.1556874702916108,-0.12864240549630895,0.4383319075875033,0.8257471513976542,0.3941355241488349,-0.15915327586932412,0.11823108647828781,0.42301309773807183,-0.045917903682926295,-0.12406788086022141,-0.11684866540513256,0.3211037515535879,-0.13084706050052386,-0.013144255953122103,-0.051056773522004814,0.028623553657415035,0.16961912167049606,0.6040450629838903,-0.14070773464848416,-0.15528535947371025,-0.0605033535104699,0.7631632675566989,0.11911597366400711,0.3097257406234583,0.49260714398624283,0.8481346088170664,-0.1408841170104769,0.7049826362167366,-0.05838236296152946,0.7414192189982689,0.7628598942055049,0.7807298125925781,0.09779636241042877,0.8531314320404714,0.3278610359894627,0.8569625294205463,-0.1061659935487331,-0.02757127450067877,-0.12218237624637361,-0.048060695174430235,0.8233825369432821,0.716063598438504,-0.1142118073274252,0.8005284073545545,0.6185330320867598,0.5947034060578753,0.5094145152063001,-0.12548069381855953,0.7261380746682071,0.5066140173626346,0.8357386753895185,0.8715247193173814,0.8515878975776763,0.016710690771301606,0.8550397963308557,0.6837619418338046,0.8241784239497653,0.762812287268648,0.2574890300968152,0.1741028641992443,0.8709723159645573,0.8080489823316808,-0.11313719146056658,0.3287789550567912,0.8563576595264062,0.40268861320466925,0.8891929834631672,0.8475272260916024,-0.09963702345556491,0.43953104341340743,-0.08339134236274624,0.8553825374574092,0.8956324822059429,0.6011279296875633,0.8979787926847155,-0.044039134523052956,-0.09920318353560897,0.7278246081217744,0.3800571512289851,0.7948147015043424,0.3961442491286485,-0.09262415355840467,0.49119866766704084,0.8180437209618167,0.8964780524257907,0.7008081536229788,-0.08552230380801203,0.8485715900503144,0.833145720890106,0.8912075643938024,-0.019344029371737,0.9109150537752294],[0.026466600277981145,-0.1458051285851334,0.6986670877454314,0.8191717664654153,0.32464532658826445,-0.17832159375358445,0.09453823048785046,0.736293013806355,0.4828014446466351,0.06154245563799687,-0.16345834785228608,0.20173695278669695,0.08980139786270272,0.4264431887854191,-0.16963445921999126,-0.045917903682926295,-0.1675037583862334,0.8294358399240187,-0.09560239640122785,-0.1643455114499084,0.7579314872686034,-0.1591039083733095,0.4301370137530185,0.8393028709281232,0.10705303950289732,0.8000807166138358,0.20255753088385758,0.44956018759662375,0.6941841316784257,0.8454543185528542,-0.15149882657844213,-0.11129124456316812,-0.09572812063811609,0.19629748182998538,-0.07281518391315378,-0.10372700223373524,0.8486765574110162,-0.1464633551015869,0.28021420585516577,0.8095166655867547,0.4237801038656571,-0.030089090973951585,0.17100946574062767,0.7127825974857019,-0.138643578150333,0.768295221096631,-0.03149875707911348,-0.1358753677035021,0.5013380701495753,0.3635805311286514,-0.12669411725974045,-0.1323208577885121,0.5534536797963694,0.09130141856015828,0.7110900310582324,0.8419003346563994,0.15795952496999205,-0.0997715775616404,0.014326188221744779,0.7071443561985092,0.8760233569094418,0.877627657842169,-0.09940215015455246,0.18855393616355437,0.07276758286114712,-0.11237295967630925,0.8826772877675337,0.4636797716780706,0.2067340121530859,0.03926509349154883,-0.11109344693570686,-0.09834167940058901,-0.01764038988931184,0.64289498531504,0.0653239840046416,-0.10619676762511969,0.8770962292856257,0.7968721383934083,-0.07438507422518578,-0.10334719120393764,-0.010881795573456615,-0.07521192202612467,0.02910648757654738,0.8976383347083297,0.8160627037588889,0.7937889728176237,0.8442793818169632,0.8505382724754156,0.725414532484671,0.9060543909066864,0.882774307264153,-0.004056144457508487,-0.0856251348583688,0.39827756665045677,0.478534585302807,0.1293556710480585,0.3204938543951106,0.010716733411026746,0.6823644647783398,-0.060440321596956594],[-0.13940596032581098,0.668674192198154,-0.17502048319522978,-0.1470468956237022,0.7580596141022952,0.20731045163157566,0.5326780203500824,-0.1105393036934424,0.19088435366211035,0.7351199076706963,0.09469843588120808,0.4861560258538874,0.7286085827013145,0.7704954060369351,0.09350180504681815,-0.12406788086022141,0.8294358399240187,-0.07911367965049004,0.20900624684275004,-0.15641569722969395,0.7563032340815491,-0.08289156731810741,0.0673760408575487,0.6555039475613597,-0.15837832964080906,0.03082882557314698,0.21271826276081418,0.015616299908505216,0.8426118401862942,0.7658156523226498,0.8472001170481827,0.1058428294450213,0.07708973480327894,-0.14949494645781297,0.4985267703889216,-0.05096501783125336,-0.080973360539508,0.8493445963129923,-0.1439777790811148,0.6442786229836851,-0.07705017404889336,-0.13848942375551876,0.3490794682355639,-0.13867569415596503,0.09952701354211732,0.0041548346411398596,0.8179214696655996,0.16124788140361615,-0.050166292585755876,-0.08900112400613164,0.09909540528076466,-0.1252291297545713,0.830805099905005,0.8698670507636049,0.3027167675147552,0.01815609190653289,-0.12135199942310364,0.7175174092869389,0.8757324492224997,0.03449674494871387,0.8405662015520471,0.6518364359955845,-0.10716871274178075,-0.11734043336027977,0.689296966222041,0.7082401658408759,0.20062798996715317,-0.04975514795303228,-0.11347717665722185,0.0952341305848196,0.6659342717432155,0.1678819780934137,-0.005120606342020426,0.7376251006617718,0.8561774110312359,0.004290197175644453,0.019116823199285704,-0.06333101004472191,0.8938494402645917,-0.09232447415353286,0.7803906404189537,0.8955269408189696,-0.09883194843445517,0.08284970794675854,0.3058753124379727,0.6143560322486612,0.41695749108707275,0.00834369818587348,-0.08645378271760888,0.8441794846692657,0.778463449328986,0.8219534754146838,0.8939456606395396,-0.06222587081752899,0.8132151076672341,0.7883003636507269,-0.08316358185671317,0.010061353981412155,0.9157479723808256,0.023739699083219892],[-0.005388040977005681,-0.05487838474033449,0.7263380447516814,-0.1638894896105322,-0.08053268426478895,0.28048247473066096,-0.12815130563914123,-0.1408695929436745,0.31884187938447883,-0.14764835296589107,-0.1689751641779462,-0.09635930295358897,-0.1604084528961008,0.8213410308789082,0.808298063019638,-0.11684866540513256,-0.09560239640122785,0.20900624684275004,0.09340603068385017,0.8368470567159679,0.7232810998092631,0.3158287459952621,0.06851351960786542,-0.14004572267463095,-0.138141