{"data":[{"type":"contour","x":[-10.0,-9.8989898989899,-9.797979797979798,-9.696969696969697,-9.595959595959595,-9.494949494949495,-9.393939393939394,-9.292929292929292,-9.191919191919192,-9.090909090909092,-8.98989898989899,-8.88888888888889,-8.787878787878787,-8.686868686868687,-8.585858585858587,-8.484848484848484,-8.383838383838384,-8.282828282828284,-8.181818181818182,-8.080808080808081,-7.979797979797979,-7.878787878787879,-7.777777777777778,-7.6767676767676765,-7.575757575757576,-7.474747474747475,-7.373737373737374,-7.272727272727273,-7.171717171717171,-7.070707070707071,-6.96969696969697,-6.8686868686868685,-6.767676767676768,-6.666666666666666,-6.565656565656566,-6.4646464646464645,-6.363636363636363,-6.262626262626263,-6.161616161616162,-6.0606060606060606,-5.959595959595959,-5.858585858585859,-5.757575757575758,-5.656565656565657,-5.555555555555555,-5.454545454545454,-5.353535353535354,-5.252525252525253,-5.151515151515151,-5.05050505050505,-4.94949494949495,-4.848484848484849,-4.747474747474747,-4.646464646464646,-4.545454545454546,-4.444444444444445,-4.343434343434343,-4.242424242424242,-4.141414141414141,-4.040404040404041,-3.9393939393939394,-3.8383838383838382,-3.737373737373737,-3.6363636363636367,-3.5353535353535355,-3.4343434343434343,-3.333333333333333,-3.2323232323232327,-3.1313131313131315,-3.0303030303030303,-2.929292929292929,-2.828282828282828,-2.7272727272727275,-2.6262626262626263,-2.525252525252525,-2.424242424242424,-2.3232323232323235,-2.2222222222222223,-2.121212121212121,-2.02020202020202,-1.9191919191919187,-1.8181818181818183,-1.717171717171718,-1.616161616161616,-1.5151515151515156,-1.4141414141414135,-1.3131313131313131,-1.2121212121212128,-1.1111111111111107,-1.0101010101010104,-0.9090909090909083,-0.808080808080808,-0.7070707070707076,-0.6060606060606055,-0.5050505050505052,-0.40404040404040487,-0.30303030303030276,-0.20202020202020243,-0.10101010101010033,0.0],"y":[-10.0,-9.8989898989899,-9.797979797979798,-9.696969696969697,-9.595959595959595,-9.494949494949495,-9.393939393939394,-9.292929292929292,-9.191919191919192,-9.090909090909092,-8.98989898989899,-8.88888888888889,-8.787878787878787,-8.686868686868687,-8.585858585858587,-8.484848484848484,-8.383838383838384,-8.282828282828284,-8.181818181818182,-8.080808080808081,-7.979797979797979,-7.878787878787879,-7.777777777777778,-7.6767676767676765,-7.575757575757576,-7.474747474747475,-7.373737373737374,-7.272727272727273,-7.171717171717171,-7.070707070707071,-6.96969696969697,-6.8686868686868685,-6.767676767676768,-6.666666666666666,-6.565656565656566,-6.4646464646464645,-6.363636363636363,-6.262626262626263,-6.161616161616162,-6.0606060606060606,-5.959595959595959,-5.858585858585859,-5.757575757575758,-5.656565656565657,-5.555555555555555,-5.454545454545454,-5.353535353535354,-5.252525252525253,-5.151515151515151,-5.05050505050505,-4.94949494949495,-4.848484848484849,-4.747474747474747,-4.646464646464646,-4.545454545454546,-4.444444444444445,-4.343434343434343,-4.242424242424242,-4.141414141414141,-4.040404040404041,-3.9393939393939394,-3.8383838383838382,-3.737373737373737,-3.6363636363636367,-3.5353535353535355,-3.4343434343434343,-3.333333333333333,-3.2323232323232327,-3.1313131313131315,-3.0303030303030303,-2.929292929292929,-2.828282828282828,-2.7272727272727275,-2.6262626262626263,-2.525252525252525,-2.424242424242424,-2.3232323232323235,-2.2222222222222223,-2.121212121212121,-2.02020202020202,-1.9191919191919187,-1.8181818181818183,-1.717171717171718,-1.616161616161616,-1.5151515151515156,-1.4141414141414135,-1.3131313131313131,-1.2121212121212128,-1.1111111111111107,-1.0101010101010104,-0.9090909090909083,-0.808080808080808,-0.7070707070707076,-0.6060606060606055,-0.5050505050505052,-0.40404040404040487,-0.30303030303030276,-0.20202020202020243,-0.10101010101010033,0.0],"z":[[25.0,24.000102030405067,23.02061014182226,22.061524334251608,21.122844607693082,20.204570962146718,19.306703397612495,18.429241914090397,17.572186511580455,16.735537190082653,15.919293949596977,15.123456790123456,14.348025711662068,13.593000714212835,12.858381797775742,12.144168962350776,11.450362207937971,10.7769615345373,10.123966942148762,9.491378430772372,8.879196000408115,8.287419651056013,7.716049382716051,7.165085195388222,6.634527089072545,6.124375063769005,5.634629119477605,5.165289256198349,4.71635547393123,4.287827772676259,3.8797061524334246,3.4919906132027343,3.124681154984188,2.777777777777775,2.451280481583513,2.1451892664013883,1.8595041322314039,1.5942250790735635,1.3493521069278636,1.1248852157943077,0.9208244056728887,0.7371696765636173,0.5739210284664829,0.4310784613814924,0.30864197530864246,0.20661157024793297,0.12498724619936752,0.06376900316294254,0.022956841138658035,0.0025507601265175595,0.0025507601265175595,0.022956841138658035,0.06376900316294254,0.12498724619936752,0.20661157024793297,0.30864197530864246,0.4310784613814924,0.5739210284664829,0.7371696765636173,0.9208244056728887,1.1248852157943077,1.3493521069278636,1.5942250790735635,1.8595041322314039,2.1451892664013883,2.451280481583513,2.7777777777777786,3.1246811549841844,3.4919906132027343,3.8797061524334246,4.287827772676259,4.716355473931234,5.165289256198346,5.634629119477605,6.124375063769005,6.634527089072545,7.165085195388222,7.716049382716051,8.287419651056013,8.879196000408122,9.491378430772372,10.123966942148762,10.776961534537286,11.450362207937971,12.144168962350776,12.858381797775742,13.593000714212835,14.348025711662068,15.123456790123456,15.919293949596977,16.735537190082653,17.572186511580455,18.429241914090397,19.306703397612495,20.204570962146718,21.122844607693082,22.061524334251608,23.02061014182226,24.000102030405067,25.0],[24.000102030405067,23.000204060810134,22.020712172227327,21.061626364656675,20.122946638098156,19.204672992551785,18.30680542801756,17.429343944495457,16.572288541985515,15.73563922048772,14.919395980002044,14.12355882052853,13.348127742067135,12.593102744617902,11.858483828180809,11.144270992755843,10.45046423834303,9.777063564942367,9.124068972553829,8.491480461177439,7.879298030813189,7.287521681461087,6.716151413121118,6.165187225793289,5.634629119477612,5.124477094174072,4.634731149882672,4.165391286603416,3.7164575043362973,3.287929803081326,2.8798081828384916,2.4920926436078013,2.124783185389255,1.777879808182842,1.4513825119885801,1.1452912968064553,0.8596061626364708,0.5943271094786304,0.3494541373329305,0.12498724619937462,-0.07907356392204434,-0.26272829303131573,-0.4259769411284502,-0.5688195082134406,-0.6912559942862906,-0.7932863993470001,-0.8749107233955655,-0.9361289664319905,-0.976941128456275,-0.9973472094684155,-0.9973472094684155,-0.976941128456275,-0.9361289664319905,-0.8749107233955655,-0.7932863993470001,-0.6912559942862906,-0.5688195082134406,-0.4259769411284502,-0.26272829303131573,-0.07907356392204434,0.12498724619937462,0.3494541373329305,0.5943271094786304,0.8596061626364708,1.1452912968064553,1.4513825119885801,1.7778798081828455,2.1247831853892514,2.4920926436078013,2.8798081828384916,3.287929803081326,3.716457504336301,4.165391286603413,4.634731149882672,5.124477094174072,5.634629119477612,6.165187225793289,6.716151413121118,7.287521681461087,7.879298030813189,8.491480461177439,9.124068972553829,9.777063564942353,10.45046423834303,11.144270992755843,11.858483828180809,12.593102744617902,13.348127742067135,14.12355882052853,14.919395980002044,15.73563922048772,16.572288541985515,17.429343944495457,18.30680542801756,19.204672992551785,20.122946638098156,21.061626364656675,22.020712172227327,23.000204060810134,24.000102030405067],[23.02061014182226,22.020712172227327,21.04122028364452,20.08213447607387,19.143454749515342,18.22518110396898,17.327313539434755,16.449852055912658,15.592796653402715,14.756147331904913,13.939904091419237,13.144066931945716,12.368635853484328,11.613610856035095,10.878991939598002,10.164779104173036,9.470972349760231,8.79757167635956,8.144577083971022,7.511988572594632,6.8998061422303785,6.308029792878276,5.736659524538311,5.185695337210483,4.655137230894805,4.144985205591265,3.655239261299865,3.1858993980206094,2.7369656157534905,2.308437914498519,1.9003162942556848,1.5126007550249945,1.1452912968064481,0.7983879196000352,0.47189062340577337,0.16579940822364847,-0.11988572594633595,-0.38516477910417635,-0.6300377512498763,-0.8545046423834322,-1.0585654525048511,-1.2422201816141225,-1.405468829711257,-1.5483113967962474,-1.6707478828690974,-1.7727782879298069,-1.8544026119783723,-1.9156208550147973,-1.9564330170390818,-1.9768390980512223,-1.9768390980512223,-1.9564330170390818,-1.9156208550147973,-1.8544026119783723,-1.7727782879298069,-1.6707478828690974,-1.5483113967962474,-1.405468829711257,-1.2422201816141225,-1.0585654525048511,-0.8545046423834322,-0.6300377512498763,-0.38516477910417635,-0.11988572594633595,0.16579940822364847,0.47189062340577337,0.7983879196000387,1.1452912968064446,1.5126007550249945,1.9003162942556848,2.308437914498519,2.736965615753494,3.185899398020606,3.655239261299865,4.144985205591265,4.655137230894805,5.185695337210483,5.736659524538311,6.308029792878276,6.899806142230382,7.511988572594632,8.144577083971022,8.797571676359546,9.470972349760231,10.164779104173036,10.878991939598002,11.613610856035095,12.368635853484328,13.144066931945716,13.939904091419237,14.756147331904913,15.592796653402715,16.449852055912658,17.327313539434755,18.22518110396898,19.143454749515342,20.08213447607387,21.04122028364452,22.020712172227327,23.02061014182226],[22.061524334251608,21.061626364656675,20.08213447607387,19.123048668503216,18.184368941944697,17.266095296398326,16.368227731864103,15.490766248341998,14.633710845832056,13.79706152433426,12.980818283848585,12.18498112437507,11.409550045913676,10.654525048464443,9.91990613202735,9.205693296602384,8.511886542189572,7.838485868788908,7.18549127640037,6.55290276502398,5.940720334659726,5.348943985307624,4.777573716967659,4.2266095296398305,3.6960514233241533,3.185899398020613,2.696153453729213,2.2268135904499573,1.7778798081828384,1.3493521069278671,0.9412304866850327,0.5535149474543424,0.18620548923579605,-0.1606978879706169,-0.4871951841648787,-0.7932863993470036,-1.078971533516988,-1.3442505866748284,-1.5891235588205284,-1.8135904499540842,-2.017651260075503,-2.2013059891847746,-2.364554637281909,-2.5073972043668995,-2.6298336904397495,-2.731864095500459,-2.8134884195490244,-2.8747066625854494,-2.915518824609734,-2.9359249056218744,-2.9359249056218744,-2.915518824609734,-2.8747066625854494,-2.8134884195490244,-2.731864095500459,-2.6298336904397495,-2.5073972043668995,-2.364554637281909,-2.2013059891847746,-2.017651260075503,-1.8135904499540842,-1.5891235588205284,-1.3442505866748284,-1.078971533516988,-0.7932863993470036,-0.4871951841648787,-0.16069788797061335,0.1862054892357925,0.5535149474543424,0.9412304866850327,1.3493521069278671,1.777879808182842,2.2268135904499538,2.696153453729213,3.185899398020613,3.6960514233241533,4.2266095296398305,4.777573716967659,5.348943985307624,5.94072033465973,6.55290276502398,7.18549127640037,7.838485868788894,8.511886542189572,9.205693296602384,9.91990613202735,10.654525048464443,11.409550045913676,12.18498112437507,12.980818283848585,13.79706152433426,14.633710845832056,15.490766248341998,16.368227731864103,17.266095296398326,18.184368941944697,19.123048668503216,20.08213447607387,21.061626364656675,22.061524334251608],[21.122844607693082,20.122946638098156,19.143454749515342,18.184368941944697,17.24568921538617,16.3274155698398,15.429548005305577,14.55208652178348,13.695031119273537,12.858381797775735,12.042138557290059,11.246301397816545,10.470870319355157,9.715845321905917,8.981226405468831,8.267013570043865,7.573206815631053,6.899806142230382,6.246811549841844,5.614223038465461,5.002040608101204,4.410264258749102,3.838893990409133,3.2879298030813118,2.757371696765631,2.2472196714620907,1.7574737271706908,1.288133863891435,0.8392000816243161,0.41067238036934484,0.002550760126510454,-0.3851647791041799,-0.7524742373227262,-1.0993776145291392,-1.425874910723401,-1.731966125905526,-2.0176512600755103,-2.2829303132333507,-2.5278032853790506,-2.7522701765126065,-2.9563309866340255,-3.139985715743297,-3.3032343638404313,-3.4460769309254218,-3.5685134169982717,-3.670543822058981,-3.7521681461075467,-3.8133863891439717,-3.854198551168256,-3.8746046321803966,-3.8746046321803966,-3.854198551168256,-3.8133863891439717,-3.7521681461075467,-3.670543822058981,-3.5685134169982717,-3.4460769309254218,-3.3032343638404313,-3.139985715743297,-2.9563309866340255,-2.7522701765126065,-2.5278032853790506,-2.2829303132333507,-2.0176512600755103,-1.731966125905526,-1.425874910723401,-1.0993776145291356,-0.7524742373227298,-0.3851647791041799,0.002550760126510454,0.41067238036934484,0.8392000816243197,1.2881338638914315,1.7574737271706908,2.2472196714620907,2.757371696765631,3.2879298030813118,3.838893990409133,4.410264258749102,5.002040608101211,5.614223038465461,6.246811549841844,6.899806142230375,7.573206815631053,8.267013570043865,8.981226405468831,9.715845321905917,10.470870319355157,11.246301397816545,12.042138557290059,12.858381797775735,13.695031119273537,14.55208652178348,15.429548005305577,16.3274155698398,17.24568921538617,18.184368941944697,19.143454749515342,20.122946638098156,21.122844607693082],[20.204570962146718,19.204672992551785,18.22518110396898,17.266095296398326,16.3274155698398,15.409141924293436,14.511274359759213,13.633812876237116,12.776757473727173,11.94010815222937,11.123864911743695,10.328027752270174,9.552596673808786,8.797571676359553,8.06295275992246,7.348739924497494,6.654933170084686,5.981532496684018,5.32853790429548,4.69594939291909,4.0837669625548365,3.4919906132027343,2.920620344862769,2.3696561575349406,1.8390980512192634,1.328946025915723,0.8392000816243232,0.36986021834506744,-0.07907356392205145,-0.5076012651770228,-0.9157228854198571,-1.3034384246505475,-1.6707478828690938,-2.0176512600755068,-2.3441485562697686,-2.6502397714518935,-2.935924905621878,-3.2012039587797183,-3.4460769309254182,-3.670543822058974,-3.874604632180393,-4.0582593612896645,-4.221508009386799,-4.364350576471789,-4.486787062544639,-4.588817467605349,-4.670441791653914,-4.731660034690339,-4.772472196714624,-4.792878277726764,-4.792878277726764,-4.772472196714624,-4.731660034690339,-4.670441791653914,-4.588817467605349,-4.486787062544639,-4.364350576471789,-4.221508009386799,-4.0582593612896645,-3.874604632180393,-3.670543822058974,-3.4460769309254182,-3.2012039587797183,-2.935924905621878,-2.6502397714518935,-2.3441485562697686,-2.017651260075503,-1.6707478828690974,-1.3034384246505475,-0.9157228854198571,-0.5076012651770228,-0.0790735639220479,0.3698602183450639,0.8392000816243232,1.328946025915723,1.8390980512192634,2.3696561575349406,2.920620344862769,3.4919906132027343,4.08376696255484,4.69594939291909,5.32853790429548,5.981532496684004,6.654933170084686,7.348739924497494,8.06295275992246,8.797571676359553,9.552596673808786,10.328027752270174,11.123864911743695,11.94010815222937,12.776757473727173,13.633812876237116,14.511274359759213,15.409141924293436,16.3274155698398,17.266095296398326,18.22518110396898,19.204672992551785,20.204570962146718],[19.306703397612495,18.30680542801756,17.327313539434755,16.368227731864103,15.429548005305577,14.511274359759213,13.61340679522499,12.735945311702892,11.87888990919295,11.042240587695147,10.225997347209471,9.43016018773595,8.654729109274562,7.899704111825329,7.165085195388237,6.45087235996327,5.757065605550462,5.083664932149794,4.430670339761257,3.7980818283848663,3.185899398020613,2.5941230486685107,2.0227527803285454,1.471788593000717,0.9412304866850398,0.4310784613814995,-0.058667482909900315,-0.5280073461891561,-0.976941128456275,-1.4054688297112463,-1.8135904499540807,-2.201305989184771,-2.5686154474033174,-2.9155188246097303,-3.242016120803992,-3.548107335986117,-3.8337924701561015,-4.099071523313942,-4.343944495459642,-4.568411386593198,-4.772472196714617,-4.956126925823888,-5.1193755739210225,-5.262218141006013,-5.384654627078863,-5.486685032139572,-5.568309356188138,-5.629527599224563,-5.670339761248847,-5.690745842260988,-5.690745842260988,-5.670339761248847,-5.629527599224563,-5.568309356188138,-5.486685032139572,-5.384654627078863,-5.262218141006013,-5.1193755739210225,-4.956126925823888,-4.772472196714617,-4.568411386593198,-4.343944495459642,-4.099071523313942,-3.8337924701561015,-3.548107335986117,-3.242016120803992,-2.9155188246097268,-2.568615447403321,-2.201305989184771,-1.8135904499540807,-1.4054688297112463,-0.9769411284562715,-0.5280073461891597,-0.058667482909900315,0.4310784613814995,0.9412304866850398,1.471788593000717,2.0227527803285454,2.5941230486685107,3.1858993980206165,3.7980818283848663,4.430670339761257,5.08366493214978,5.757065605550462,6.45087235996327,7.165085195388237,7.899704111825329,8.654729109274562,9.43016018773595,10.225997347209471,11.042240587695147,11.87888990919295,12.735945311702892,13.61340679522499,14.511274359759213,15.429548005305577,16.368227731864103,17.327313539434755,18.30680542801756,19.306703397612495],[18.429241914090397,17.429343944495457,16.449852055912658,15.490766248341998,14.55208652178348,13.633812876237116,12.735945311702892,11.858483828180788,11.001428425670845,10.16477910417305,9.348535863687374,8.552698704213853,7.777267625752465,7.022242628303232,6.287623711866136,5.573410876441173,4.879604122028361,4.20620344862769,3.553208856239152,2.920620344862769,2.308437914498512,1.7166615651464099,1.145291296806441,0.5943271094786198,0.06376900316293899,-0.4463830221406013,-0.9361289664320012,-1.405468829711257,-1.8544026119783759,-2.282930313233347,-2.6910519334761815,-3.078767472706872,-3.4460769309254182,-3.792980308131831,-4.119477604326093,-4.425568819508218,-4.711253953678202,-4.976533006836043,-5.221405978981743,-5.4458728701152985,-5.6499336802367175,-5.833588409345989,-5.996837057443123,-6.139679624528114,-6.262116110600964,-6.364146515661673,-6.445770839710239,-6.506989082746664,-6.547801244770948,-6.568207325783089,-6.568207325783089,-6.547801244770948,-6.506989082746664,-6.445770839710239,-6.364146515661673,-6.262116110600964,-6.139679624528114,-5.996837057443123,-5.833588409345989,-5.6499336802367175,-5.4458728701152985,-5.221405978981743,-4.976533006836043,-4.711253953678202,-4.425568819508218,-4.119477604326093,-3.7929803081318276,-3.4460769309254218,-3.078767472706872,-2.6910519334761815,-2.282930313233347,-1.8544026119783723,-1.4054688297112605,-0.9361289664320012,-0.4463830221406013,0.06376900316293899,0.5943271094786198,1.145291296806441,1.7166615651464099,2.308437914498519,2.920620344862769,3.553208856239152,4.206203448627683,4.879604122028361,5.573410876441173,6.287623711866136,7.022242628303232,7.777267625752465,8.552698704213853,9.348535863687374,10.16477910417305,11.001428425670845,11.858483828180788,12.735945311702892,13.633812876237116,14.55208652178348,15.490766248341998,16.449852055912658,17.429343944495457,18.429241914090397],[17.572186511580455,16.572288541985515,15.592796653402715,14.633710845832056,13.695031119273537,12.776757473727173,11.87888990919295,11.001428425670845,10.144373023160902,9.307723701663107,8.491480461177431,7.69564330170391,6.9202122232425225,6.165187225793286,5.430568309356193,4.71635547393123,4.022548719518419,3.3491480461177474,2.6961534537292096,2.0635649423528264,1.4513825119885695,0.8596061626364673,0.28823589429649843,-0.26272829303132283,-0.7932863993470036,-1.303438424650544,-1.7931843689419438,-2.2625242322211996,-2.7114580144883185,-3.1399857157432898,-3.548107335986124,-3.9358228752168145,-4.303132333435361,-4.650035710641774,-4.976533006836036,-5.2826242220181605,-5.568309356188145,-5.833588409345985,-6.078461381491685,-6.302928272625241,-6.50698908274666,-6.6906438118559315,-6.853892459953066,-6.996735027038056,-7.119171513110906,-7.221201918171616,-7.302826242220181,-7.364044485256606,-7.404856647280891,-7.425262728293031,-7.425262728293031,-7.404856647280891,-7.364044485256606,-7.302826242220181,-7.221201918171616,-7.119171513110906,-6.996735027038056,-6.853892459953066,-6.6906438118559315,-6.50698908274666,-6.302928272625241,-6.078461381491685,-5.833588409345985,-5.568309356188145,-5.2826242220181605,-4.976533006836036,-4.65003571064177,-4.303132333435364,-3.9358228752168145,-3.548107335986124,-3.1399857157432898,-2.711458014488315,-2.262524232221203,-1.7931843689419438,-1.303438424650544,-0.7932863993470036,-0.26272829303132283,0.28823589429649843,0.8596061626364673,1.4513825119885766,2.0635649423528264,2.6961534537292096,3.3491480461177403,4.022548719518419,4.71635547393123,5.430568309356193,6.165187225793286,6.9202122232425225,7.69564330170391,8.491480461177431,9.307723701663107,10.144373023160902,11.001428425670845,11.87888990919295,12.776757473727173,13.695031119273537,14.633710845832056,15.592796653402715,16.572288541985515,17.572186511580455],[16.735537190082653,15.73563922048772,14.756147331904913,13.79706152433426,12.858381797775735,11.94010815222937,11.042240587695147,10.16477910417305,9.307723701663107,8.471074380165305,7.654831139679629,6.858993980206112,6.08356290174472,5.328537904295487,4.593918987858395,3.879706152433428,3.18589939802062,2.5124987246199524,1.8595041322314145,1.2269156208550243,0.6147331904907709,0.022956841138668693,-0.5484134272012966,-1.099377614529125,-1.6299357208448022,-2.1400877461483425,-2.6298336904397424,-3.099173553718998,-3.548107335986117,-3.9766350372410884,-4.384756657483923,-4.772472196714613,-5.139781654933159,-5.486685032139572,-5.813182328333834,-6.119273543515959,-6.4049586776859435,-6.670237730843784,-6.915110702989484,-7.13957759412304,-7.343638404244459,-7.52729313335373,-7.6905417814508645,-7.833384348535855,-7.955820834608705,-8.057851239669414,-8.13947556371798,-8.200693806754405,-8.24150596877869,-8.26191204979083,-8.26191204979083,-8.24150596877869,-8.200693806754405,-8.13947556371798,-8.057851239669414,-7.955820834608705,-7.833384348535855,-7.6905417814508645,-7.52729313335373,-7.343638404244459,-7.13957759412304,-6.915110702989484,-6.670237730843784,-6.4049586776859435,-6.119273543515959,-5.813182328333834,-5.486685032139569,-5.139781654933163,-4.772472196714613,-4.384756657483923,-3.9766350372410884,-3.5481073359861135,-3.0991735537190017,-2.6298336904397424,-2.1400877461483425,-1.6299357208448022,-1.099377614529125,-0.5484134272012966,0.022956841138668693,0.6147331904907745,1.2269156208550243,1.8595041322314145,2.512498724619938,3.18589939802062,3.879706152433428,4.593918987858395,5.328537904295487,6.08356290174472,6.858993980206112,7.654831139679629,8.471074380165305,9.307723701663107,10.16477910417305,11.042240587695147,11.94010815222937,12.858381797775735,13.79706152433426,14.756147331904913,15.73563922048772,16.735537190082653],[15.919293949596977,14.919395980002044,13.939904091419237,12.980818283848585,12.042138557290059,11.123864911743695,10.225997347209471,9.348535863687374,8.491480461177431,7.654831139679629,6.8385878991939535,6.042750739720436,5.2673196612590445,4.512294663809811,3.7776757473727187,3.0634629119477523,2.369656157534944,1.6962554841342765,1.0432608917457387,0.4106723803693484,-0.20151004999490496,-0.7932863993470072,-1.3646566676869725,-1.9156208550148008,-2.446178961330478,-2.9563309866340184,-3.4460769309254182,-3.915416794204674,-4.364350576471793,-4.792878277726764,-5.200999897969599,-5.588715437200289,-5.956024895418835,-6.302928272625248,-6.62942556881951,-6.935516784001635,-7.221201918171619,-7.48648097132946,-7.73135394347516,-7.955820834608716,-8.159881644730135,-8.343536373839406,-8.50678502193654,-8.64962758902153,-8.77206407509438,-8.87409448015509,-8.955718804203656,-9.01693704724008,-9.057749209264363,-9.078155290276506,-9.078155290276506,-9.057749209264363,-9.01693704724008,-8.955718804203656,-8.87409448015509,-8.77206407509438,-8.64962758902153,-8.50678502193654,-8.343536373839406,-8.159881644730135,-7.955820834608716,-7.73135394347516,-7.48648097132946,-7.221201918171619,-6.935516784001635,-6.62942556881951,-6.302928272625245,-5.956024895418839,-5.588715437200289,-5.200999897969599,-4.792878277726764,-4.364350576471789,-3.9154167942046776,-3.4460769309254182,-2.9563309866340184,-2.446178961330478,-1.9156208550148008,-1.3646566676869725,-0.7932863993470072,-0.2015100499949014,0.4106723803693484,1.0432608917457387,1.6962554841342623,2.369656157534944,3.0634629119477523,3.7776757473727187,4.512294663809811,5.2673196612590445,6.042750739720436,6.8385878991939535,7.654831139679629,8.491480461177431,9.348535863687374,10.225997347209471,11.123864911743695,12.042138557290059,12.980818283848585,13.939904091419237,14.919395980002044,15.919293949596977],[15.123456790123456,14.12355882052853,13.144066931945716,12.18498112437507,11.246301397816545,10.328027752270174,9.43016018773595,8.552698704213853,7.69564330170391,6.858993980206112,6.042750739720436,5.246913580246918,4.47148250178553,3.7164575043362937,2.981838587899201,2.2676257524742383,1.5738189980614266,0.9004183246607553,0.24742373227221748,-0.3851647791041657,-0.9973472094684226,-1.5891235588205248,-2.1604938271604937,-2.711458014488315,-3.2420161208039957,-3.752168146107536,-4.241914090398936,-4.711253953678192,-5.1601877359453105,-5.588715437200282,-5.996837057443116,-6.384552596673807,-6.751862054892353,-7.098765432098766,-7.425262728293028,-7.731353943475153,-8.017039077645137,-8.282318130802977,-8.527191102948677,-8.751657994082233,-8.955718804203652,-9.139373533312924,-9.302622181410058,-9.445464748495048,-9.567901234567898,-9.669931639628608,-9.751555963677173,-9.812774206713598,-9.853586368737881,-9.873992449750023,-9.873992449750023,-9.853586368737881,-9.812774206713598,-9.751555963677173,-9.669931639628608,-9.567901234567898,-9.445464748495048,-9.302622181410058,-9.139373533312924,-8.955718804203652,-8.751657994082233,-8.527191102948677,-8.282318130802977,-8.017039077645137,-7.731353943475153,-7.425262728293028,-7.098765432098762,-6.7518620548923565,-6.384552596673807,-5.996837057443116,-5.588715437200282,-5.160187735945307,-4.711253953678195,-4.241914090398936,-3.752168146107536,-3.2420161208039957,-2.711458014488315,-2.1604938271604937,-1.5891235588205248,-0.9973472094684155,-0.3851647791041657,0.24742373227221748,0.9004183246607482,1.5738189980614266,2.2676257524742383,2.981838587899201,3.7164575043362937,4.47148250178553,5.246913580246918,6.042750739720436,6.858993980206112,7.69564330170391,8.552698704213853,9.43016018773595,10.328027752270174,11.246301397816545,12.18498112437507,13.144066931945716,14.12355882052853,15.123456790123456],[14.348025711662068,13.348127742067135,12.368635853484328,11.409550045913676,10.470870319355157,9.552596673808786,8.654729109274562,7.777267625752465,6.9202122232425225,6.08356290174472,5.2673196612590445,4.47148250178553,3.696051423324139,2.9410264258749024,2.2064075094378097,1.4921946740128469,0.7983879196000387,0.12498724619936752,-0.5280073461891703,-1.160595857565557,-1.7727782879298104,-2.3645546372819126,-2.9359249056218815,-3.4868890929497063,-4.0174471992653835,-4.527599224568927,-5.017345168860327,-5.4866850321395795,-5.935618814406702,-6.364146515661673,-6.772268135904504,-7.159983675135198,-7.527293133353744,-7.874196510560154,-8.200693806754419,-8.506785021936544,-8.792470156106525,-9.057749209264365,-9.302622181410065,-9.527089072543625,-9.73114988266504,-9.914804611774313,-10.078053259871448,-10.220895826956438,-10.343332313029288,-10.445362718089998,-10.526987042138563,-10.588205285174988,-10.62901744719927,-10.649423528211413,-10.649423528211413,-10.62901744719927,-10.588205285174988,-10.526987042138563,-10.445362718089998,-10.343332313029288,-10.220895826956438,-10.078053259871448,-9.914804611774313,-9.73114988266504,-9.527089072543625,-9.302622181410065,-9.057749209264365,-8.792470156106525,-8.506785021936544,-8.200693806754419,-7.874196510560154,-7.527293133353748,-7.159983675135198,-6.772268135904504,-6.364146515661673,-5.935618814406698,-5.486685032139583,-5.017345168860327,-4.527599224568927,-4.0174471992653835,-3.4868890929497063,-2.9359249056218815,-2.3645546372819126,-1.7727782879298069,-1.160595857565557,-0.5280073461891703,0.12498724619935686,0.7983879196000387,1.4921946740128469,2.2064075094378097,2.9410264258749024,3.696051423324139,4.47148250178553,5.2673196612590445,6.08356290174472,6.9202122232425225,7.777267625752465,8.654729109274562,9.552596673808786,10.470870319355157,11.409550045913676,12.368635853484328,13.348127742067135,14.348025711662068],[13.593000714212835,12.593102744617902,11.613610856035095,10.654525048464443,9.715845321905917,8.797571676359553,7.899704111825329,7.022242628303232,6.165187225793286,5.328537904295487,4.512294663809811,3.7164575043362937,2.9410264258749024,2.1860014284256692,1.4513825119885766,0.7371696765636102,0.043362922150802063,-0.6300377512498656,-1.2830323436384035,-1.9156208550147937,-2.527803285379047,-3.1195796347311493,-3.6909499030711146,-4.241914090398943,-4.77247219671462,-5.2826242220181605,-5.77237016630956,-6.241710029588816,-6.690643811855935,-7.119171513110906,-7.527293133353741,-7.915008672584431,-8.282318130802977,-8.62922150800939,-8.955718804203652,-9.261810019385777,-9.547495153555762,-9.8127742067136,-10.0576471788593,-10.28211406999286,-10.486174880114275,-10.669829609223548,-10.833078257320683,-10.975920824405673,-11.098357310478523,-11.200387715539232,-11.282012039587798,-11.343230282624223,-11.384042444648506,-11.404448525660648,-11.404448525660648,-11.384042444648506,-11.343230282624223,-11.282012039587798,-11.200387715539232,-11.098357310478523,-10.975920824405673,-10.833078257320683,-10.669829609223548,-10.486174880114275,-10.28211406999286,-10.0576471788593,-9.8127742067136,-9.547495153555762,-9.261810019385777,-8.955718804203652,-8.629221508009387,-8.282318130802981,-7.915008672584431,-7.527293133353741,-7.119171513110906,-6.6906438118559315,-6.24171002958882,-5.77237016630956,-5.2826242220181605,-4.77247219671462,-4.241914090398943,-3.6909499030711146,-3.1195796347311493,-2.5278032853790435,-1.9156208550147937,-1.2830323436384035,-0.6300377512498798,0.043362922150802063,0.7371696765636102,1.4513825119885766,2.1860014284256692,2.9410264258749024,3.7164575043362937,4.512294663809811,5.328537904295487,6.165187225793286,7.022242628303232,7.899704111825329,8.797571676359553,9.715845321905917,10.654525048464443,11.613610856035095,12.593102744617902,13.593000714212835],[12.858381797775742,11.858483828180809,10.878991939598002,9.91990613202735,8.981226405468831,8.06295275992246,7.165085195388237,6.287623711866136,5.430568309356193,4.593918987858395,3.7776757473727187,2.981838587899201,2.2064075094378097,1.4513825119885766,0.716763595551484,0.0025507601265175595,-0.6912559942862906,-1.3646566676869583,-2.017651260075496,-2.6502397714518864,-3.2624222018161397,-3.854198551168242,-4.425568819508207,-4.976533006836036,-5.507091113151713,-6.017243138455253,-6.506989082746653,-6.976328946025909,-7.425262728293028,-7.853790429547999,-8.261912049790833,-8.649627589021524,-9.01693704724007,-9.363840424446483,-9.690337720640745,-9.99642893582287,-10.282114069992854,-10.547393123150693,-10.792266095296393,-11.016732986429952,-11.220793796551368,-11.40444852566064,-11.567697173757775,-11.710539740842766,-11.832976226915616,-11.935006631976325,-12.01663095602489,-12.077849199061315,-12.118661361085598,-12.13906744209774,-12.13906744209774,-12.118661361085598,-12.077849199061315,-12.01663095602489,-11.935006631976325,-11.832976226915616,-11.710539740842766,-11.567697173757775,-11.40444852566064,-11.220793796551368,-11.016732986429952,-10.792266095296393,-10.547393123150693,-10.282114069992854,-9.99642893582287,-9.690337720640745,-9.36384042444648,-9.016937047240074,-8.649627589021524,-8.261912049790833,-7.853790429547999,-7.425262728293024,-6.976328946025912,-6.506989082746653,-6.017243138455253,-5.507091113151713,-4.976533006836036,-4.425568819508207,-3.854198551168242,-3.262422201816136,-2.6502397714518864,-2.017651260075496,-1.3646566676869725,-0.6912559942862906,0.0025507601265175595,0.716763595551484,1.4513825119885766,2.2064075094378097,2.981838587899201,3.7776757473727187,4.593918987858395,5.430568309356193,6.287623711866136,7.165085195388237,8.06295275992246,8.981226405468831,9.91990613202735,10.878991939598002,11.858483828180809,12.858381797775742],[12.144168962350776,11.144270992755843,10.164779104173036,9.205693296602384,8.267013570043865,7.348739924497494,6.45087235996327,5.573410876441173,4.71635547393123,3.879706152433428,3.0634629119477523,2.2676257524742383,1.4921946740128469,0.7371696765636102,0.0025507601265175595,-0.7116620752984453,-1.4054688297112534,-2.0788695031119246,-2.7318640955004625,-3.364452606876849,-3.9766350372411026,-4.568411386593205,-5.139781654933174,-5.690745842260998,-6.221303948576676,-6.7314559738802195,-7.221201918171619,-7.690541781450872,-8.139475563717994,-8.568003264972965,-8.976124885215796,-9.363840424446488,-9.731149882665036,-10.078053259871446,-10.404550556065711,-10.710641771247836,-10.996326905417819,-11.261605958575657,-11.506478930721357,-11.730945821854917,-11.935006631976332,-12.118661361085605,-12.28191000918274,-12.42475257626773,-12.54718906234058,-12.64921946740129,-12.730843791449855,-12.79206203448628,-12.832874196510563,-12.853280277522705,-12.853280277522705,-12.832874196510563,-12.79206203448628,-12.730843791449855,-12.64921946740129,-12.54718906234058,-12.42475257626773,-12.28191000918274,-12.118661361085605,-11.935006631976332,-11.730945821854917,-11.506478930721357,-11.261605958575657,-10.996326905417819,-10.710641771247836,-10.404550556065711,-10.078053259871444,-9.731149882665038,-9.363840424446488,-8.976124885215796,-8.568003264972965,-8.13947556371799,-7.690541781450875,-7.221201918171619,-6.7314559738802195,-6.221303948576676,-5.690745842260998,-5.139781654933174,-4.568411386593205,-3.976635037241099,-3.364452606876849,-2.7318640955004625,-2.0788695031119353,-1.4054688297112534,-0.7116620752984453,0.0025507601265175595,0.7371696765636102,1.4921946740128469,2.2676257524742383,3.0634629119477523,3.879706152433428,4.71635547393123,5.573410876441173,6.45087235996327,7.348739924497494,8.267013570043865,9.205693296602384,10.164779104173036,11.144270992755843,12.144168962350776],[11.450362207937971,10.45046423834303,9.470972349760231,8.511886542189572,7.573206815631053,6.654933170084686,5.757065605550462,4.879604122028361,4.022548719518419,3.18589939802062,2.369656157534944,1.5738189980614266,0.7983879196000387,0.043362922150802063,-0.6912559942862906,-1.4054688297112534,-2.099275584124065,-2.7726762575247363,-3.425670849913274,-4.058259361289657,-4.670441791653914,-5.2622181410060165,-5.833588409345985,-6.384552596673807,-6.915110702989487,-7.425262728293028,-7.9150086725844275,-8.384348535863683,-8.833282318130802,-9.261810019385774,-9.669931639628608,-10.057647178859298,-10.424956637077845,-10.771860014284258,-11.09835731047852,-11.404448525660644,-11.690133659830629,-11.955412712988467,-12.200285685134167,-12.424752576267727,-12.628813386389142,-12.812468115498415,-12.97571676359555,-13.11855933068054,-13.24099581675339,-13.3430262218141,-13.424650545862665,-13.48586878889909,-13.526680950923373,-13.547087031935515,-13.547087031935515,-13.526680950923373,-13.48586878889909,-13.424650545862665,-13.3430262218141,-13.24099581675339,-13.11855933068054,-12.97571676359555,-12.812468115498415,-12.628813386389142,-12.424752576267727,-12.200285685134167,-11.955412712988467,-11.690133659830629,-11.404448525660644,-11.09835731047852,-10.771860014284254,-10.424956637077848,-10.057647178859298,-9.669931639628608,-9.261810019385774,-8.833282318130799,-8.384348535863687,-7.9150086725844275,-7.425262728293028,-6.915110702989487,-6.384552596673807,-5.833588409345985,-5.2622181410060165,-4.670441791653907,-4.058259361289657,-3.425670849913274,-2.7726762575247434,-2.099275584124065,-1.4054688297112534,-0.6912559942862906,0.043362922150802063,0.7983879196000387,1.5738189980614266,2.369656157534944,3.18589939802062,4.022548719518419,4.879604122028361,5.757065605550462,6.654933170084686,7.573206815631053,8.511886542189572,9.470972349760231,10.45046423834303,11.450362207937971],[10.7769615345373,9.777063564942367,8.79757167635956,7.838485868788908,6.899806142230382,5.981532496684018,5.083664932149794,4.20620344862769,3.3491480461177474,2.5124987246199524,1.6962554841342765,0.9004183246607553,0.12498724619936752,-0.6300377512498656,-1.3646566676869583,-2.0788695031119246,-2.7726762575247363,-3.446076930925404,-4.099071523313942,-4.731660034690329,-5.3438424650545855,-5.935618814406688,-6.506989082746653,-7.057953270074478,-7.588511376390159,-8.098663401693699,-8.588409345985099,-9.057749209264351,-9.506682991531473,-9.935210692786445,-10.343332313029277,-10.731047852259968,-11.098357310478516,-11.445260687684925,-11.77175798387919,-12.077849199061315,-12.363534333231298,-12.628813386389137,-12.873686358534837,-13.098153249668396,-13.302214059789812,-13.485868788899085,-13.64911743699622,-13.79196000408121,-13.91439649015406,-14.016426895214769,-14.098051219263334,-14.15926946229976,-14.200081624324042,-14.220487705336184,-14.220487705336184,-14.200081624324042,-14.15926946229976,-14.098051219263334,-14.016426895214769,-13.91439649015406,-13.79196000408121,-13.64911743699622,-13.485868788899085,-13.302214059789812,-13.098153249668396,-12.873686358534837,-12.628813386389137,-12.363534333231298,-12.077849199061315,-11.77175798387919,-11.445260687684923,-11.098357310478518,-10.731047852259968,-10.343332313029277,-9.935210692786445,-9.50668299153147,-9.057749209264356,-8.588409345985099,-8.098663401693699,-7.588511376390159,-7.057953270074478,-6.506989082746653,-5.935618814406688,-5.343842465054578,-4.731660034690329,-4.099071523313942,-3.4460769309254147,-2.7726762575247363,-2.0788695031119246,-1.3646566676869583,-0.6300377512498656,0.12498724619936752,0.9004183246607553,1.6962554841342765,2.5124987246199524,3.3491480461177474,4.20620344862769,5.083664932149794,5.981532496684018,6.899806142230382,7.838485868788908,8.79757167635956,9.777063564942367,10.7769615345373],[10.123966942148762,9.124068972553829,8.144577083971022,7.18549127640037,6.246811549841844,5.32853790429548,4.430670339761257,3.553208856239152,2.6961534537292096,1.8595041322314145,1.0432608917457387,0.24742373227221748,-0.5280073461891703,-1.2830323436384035,-2.017651260075496,-2.7318640955004625,-3.425670849913274,-4.099071523313942,-4.75206611570248,-5.384654627078866,-5.996837057443123,-6.588613406795226,-7.159983675135191,-7.710947862463016,-8.241505968778696,-8.751657994082237,-9.241403938373637,-9.710743801652889,-10.159677583920011,-10.588205285174983,-10.996326905417815,-11.384042444648506,-11.751351902867054,-12.098255280073463,-12.424752576267728,-12.730843791449853,-13.016528925619836,-13.281807978777675,-13.526680950923375,-13.751147842056934,-13.95520865217835,-14.138863381287623,-14.302112029384757,-14.444954596469747,-14.567391082542597,-14.669421487603307,-14.751045811651872,-14.812264054688297,-14.85307621671258,-14.873482297724722,-14.873482297724722,-14.85307621671258,-14.812264054688297,-14.751045811651872,-14.669421487603307,-14.567391082542597,-14.444954596469747,-14.302112029384757,-14.138863381287623,-13.95520865217835,-13.751147842056934,-13.526680950923375,-13.281807978777675,-13.016528925619836,-12.730843791449853,-12.424752576267728,-12.098255280073461,-11.751351902867055,-11.384042444648506,-10.996326905417815,-10.588205285174983,-10.159677583920008,-9.710743801652894,-9.241403938373637,-8.751657994082237,-8.241505968778696,-7.710947862463016,-7.159983675135191,-6.588613406795226,-5.996837057443116,-5.384654627078866,-4.75206611570248,-4.0990715233139525,-3.425670849913274,-2.7318640955004625,-2.017651260075496,-1.2830323436384035,-0.5280073461891703,0.24742373227221748,1.0432608917457387,1.8595041322314145,2.6961534537292096,3.553208856239152,4.430670339761257,5.32853790429548,6.246811549841844,7.18549127640037,8.144577083971022,9.124068972553829,10.123966942148762],[9.491378430772372,8.491480461177439,7.5119