{"data":[{"type":"contour","x":[-10.0,-9.797979797979798,-9.595959595959595,-9.393939393939394,-9.191919191919192,-8.98989898989899,-8.787878787878787,-8.585858585858587,-8.383838383838384,-8.181818181818182,-7.979797979797979,-7.777777777777778,-7.575757575757576,-7.373737373737374,-7.171717171717171,-6.96969696969697,-6.767676767676768,-6.565656565656566,-6.363636363636363,-6.161616161616162,-5.959595959595959,-5.757575757575758,-5.555555555555555,-5.353535353535354,-5.151515151515151,-4.94949494949495,-4.747474747474747,-4.545454545454546,-4.343434343434343,-4.141414141414141,-3.9393939393939394,-3.737373737373737,-3.5353535353535355,-3.333333333333333,-3.1313131313131315,-2.929292929292929,-2.7272727272727275,-2.525252525252525,-2.3232323232323235,-2.121212121212121,-1.9191919191919187,-1.717171717171718,-1.5151515151515156,-1.3131313131313131,-1.1111111111111107,-0.9090909090909083,-0.7070707070707076,-0.5050505050505052,-0.30303030303030276,-0.10101010101010033,0.10101010101010033,0.30303030303030276,0.5050505050505052,0.7070707070707076,0.9090909090909083,1.1111111111111107,1.3131313131313131,1.5151515151515156,1.717171717171718,1.9191919191919187,2.121212121212121,2.3232323232323235,2.525252525252526,2.7272727272727266,2.929292929292929,3.1313131313131315,3.333333333333334,3.5353535353535346,3.737373737373737,3.9393939393939394,4.141414141414142,4.343434343434344,4.545454545454545,4.747474747474747,4.94949494949495,5.151515151515152,5.353535353535353,5.555555555555555,5.757575757575758,5.95959595959596,6.161616161616163,6.363636363636363,6.565656565656564,6.767676767676768,6.969696969696969,7.171717171717173,7.373737373737374,7.575757575757574,7.777777777777779,7.979797979797979,8.181818181818183,8.383838383838384,8.585858585858585,8.787878787878789,8.98989898989899,9.19191919191919,9.393939393939394,9.595959595959595,9.7979797979798,10.0],"y":[-10.0,-9.797979797979798,-9.595959595959595,-9.393939393939394,-9.191919191919192,-8.98989898989899,-8.787878787878787,-8.585858585858587,-8.383838383838384,-8.181818181818182,-7.979797979797979,-7.777777777777778,-7.575757575757576,-7.373737373737374,-7.171717171717171,-6.96969696969697,-6.767676767676768,-6.565656565656566,-6.363636363636363,-6.161616161616162,-5.959595959595959,-5.757575757575758,-5.555555555555555,-5.353535353535354,-5.151515151515151,-4.94949494949495,-4.747474747474747,-4.545454545454546,-4.343434343434343,-4.141414141414141,-3.9393939393939394,-3.737373737373737,-3.5353535353535355,-3.333333333333333,-3.1313131313131315,-2.929292929292929,-2.7272727272727275,-2.525252525252525,-2.3232323232323235,-2.121212121212121,-1.9191919191919187,-1.717171717171718,-1.5151515151515156,-1.3131313131313131,-1.1111111111111107,-0.9090909090909083,-0.7070707070707076,-0.5050505050505052,-0.30303030303030276,-0.10101010101010033,0.10101010101010033,0.30303030303030276,0.5050505050505052,0.7070707070707076,0.9090909090909083,1.1111111111111107,1.3131313131313131,1.5151515151515156,1.717171717171718,1.9191919191919187,2.121212121212121,2.3232323232323235,2.525252525252526,2.7272727272727266,2.929292929292929,3.1313131313131315,3.333333333333334,3.5353535353535346,3.737373737373737,3.9393939393939394,4.141414141414142,4.343434343434344,4.545454545454545,4.747474747474747,4.94949494949495,5.151515151515152,5.353535353535353,5.555555555555555,5.757575757575758,5.95959595959596,6.161616161616163,6.363636363636363,6.565656565656564,6.767676767676768,6.969696969696969,7.171717171717173,7.373737373737374,7.575757575757574,7.777777777777779,7.979797979797979,8.181818181818183,8.383838383838384,8.585858585858585,8.787878787878789,8.98989898989899,9.19191919191919,9.393939393939394,9.595959595959595,9.7979797979798,10.0],"z":[[1.591917938186608,1.4288912056767815,1.3249770123775206,1.2969096848577495,1.3492091814573275,1.4734531988536745,1.649633498563353,1.8493780307561505,2.0405199650314816,2.1922778321056677,2.280212567146542,2.290163173218027,2.2205272061662304,2.082518831992821,1.8983628991938393,1.6977158523917062,1.5128898628083773,1.373649280913328,1.3024173897547988,1.3106653627203948,1.397064947443854,1.5477023673728425,1.7383189943204287,1.9382179544185592,2.1152075482192414,2.240785397289605,2.294728463087508,2.2683497621458173,2.1658973166259625,2.0038700534471627,1.808360819496028,1.6108543933605635,1.4431571811675412,1.3322751175678162,1.2960646339496433,1.3403570613261027,1.458019553637239,1.6301037602416961,1.8288972655469269,2.0223863923839396,2.1794116799204493,2.274685798699471,2.292865818495651,2.231024031566287,2.099119430280221,1.9183939124358425,1.7179514891304253,1.5300713790477845,1.385009767778219,1.3061273560934539,1.3061273560934539,1.385009767778219,1.5300713790477845,1.7179514891304253,1.9183939124358425,2.099119430280221,2.231024031566287,2.292865818495651,2.274685798699471,2.1794116799204493,2.0223863923839396,1.8288972655469269,1.630103760241695,1.4580195536372396,1.3403570613261027,1.2960646339496433,1.3322751175678165,1.4431571811675408,1.6108543933605635,1.808360819496028,2.003870053447163,2.165897316625963,2.2683497621458173,2.294728463087508,2.240785397289605,2.115207548219241,1.93821795441856,1.7383189943204287,1.5477023673728425,1.3970649474438532,1.3106653627203946,1.3024173897547988,1.373649280913327,1.5128898628083773,1.6977158523917053,1.898362899193841,2.082518831992821,2.2205272061662296,2.290163173218027,2.280212567146542,2.1922778321056664,2.0405199650314816,1.849378030756152,1.6496334985633512,1.4734531988536745,1.3492091814573284,1.2969096848577495,1.3249770123775206,1.4288912056767828,1.591917938186608],[1.4288912056767815,1.2658644731669553,1.1619502798676944,1.133882952347923,1.1861824489475012,1.310426466343848,1.4866067660535267,1.6863512982463242,1.8774932325216551,2.0292510995958413,2.1171858346367154,2.1271364407082007,2.057500473656404,1.919492099482995,1.735336166684013,1.5346891198818797,1.349863130298551,1.2106225484035016,1.1393906572449726,1.1476386302105683,1.2340382149340274,1.3846756348630163,1.5752922618106024,1.7751912219087327,1.952180815709415,2.0777586647797786,2.1317017305776815,2.1053230296359913,2.0028705841161365,1.8408433209373363,1.6453340869862016,1.4478276608507372,1.280130448657715,1.1692483850579898,1.133037901439817,1.1773303288162764,1.2949928211274124,1.4670770277318699,1.6658705330371006,1.8593596598741131,2.0163849474106232,2.111659066189645,2.1298390859858247,2.0679972990564606,1.936092697770395,1.7553671799260162,1.5549247566205988,1.3670446465379582,1.2219830352683925,1.1431006235836276,1.1431006235836276,1.2219830352683925,1.3670446465379582,1.5549247566205988,1.7553671799260162,1.936092697770395,2.0679972990564606,2.1298390859858247,2.111659066189645,2.0163849474106232,1.8593596598741131,1.6658705330371006,1.4670770277318688,1.2949928211274133,1.1773303288162764,1.133037901439817,1.1692483850579902,1.2801304486577143,1.4478276608507372,1.6453340869862016,1.8408433209373372,2.002870584116137,2.105323029635991,2.1317017305776815,2.0777586647797786,1.9521808157094145,1.7751912219087336,1.5752922618106024,1.3846756348630163,1.234038214934027,1.1476386302105681,1.1393906572449726,1.2106225484035007,1.349863130298551,1.534689119881879,1.7353361666840148,1.919492099482995,2.057500473656403,2.127136440708201,2.1171858346367154,2.0292510995958404,1.8774932325216551,1.6863512982463258,1.486606766053525,1.310426466343848,1.1861824489475021,1.133882952347923,1.1619502798676944,1.2658644731669564,1.4288912056767815],[1.3249770123775206,1.1619502798676944,1.0580360865684333,1.0299687590486621,1.0822682556482401,1.2065122730445872,1.3826925727542656,1.5824371049470631,1.7735790392223942,1.9253369062965802,2.0132716413374547,2.02322224740894,1.9535862803571429,1.815577906183734,1.631421973384752,1.4307749265826188,1.24594893699929,1.1067083551042405,1.0354764639457115,1.0437244369113075,1.1301240216347663,1.2807614415637552,1.4713780685113413,1.6712770286094716,1.848266622410154,1.9738444714805174,2.0277875372784204,2.00140883633673,1.8989563908168752,1.7369291276380752,1.5414198936869408,1.3439134675514761,1.176216255358454,1.065334191758729,1.029123708140556,1.0734161355170153,1.1910786278281515,1.3631628344326088,1.5619563397378395,1.755445466574852,1.9124707541113621,2.0077448728903837,2.0259248926865636,1.9640831057571995,1.832178504471134,1.6514529866267553,1.451010563321338,1.263130453238697,1.1180688419691314,1.0391864302843665,1.0391864302843665,1.1180688419691314,1.263130453238697,1.451010563321338,1.6514529866267553,1.832178504471134,1.9640831057571995,2.0259248926865636,2.0077448728903837,1.9124707541113621,1.755445466574852,1.5619563397378395,1.3631628344326079,1.1910786278281522,1.0734161355170153,1.029123708140556,1.0653341917587291,1.1762162553584534,1.3439134675514761,1.5414198936869408,1.736929127638076,1.8989563908168758,2.00140883633673,2.0277875372784204,1.9738444714805174,1.8482666224101534,1.6712770286094725,1.4713780685113413,1.2807614415637552,1.1301240216347659,1.0437244369113072,1.0354764639457115,1.1067083551042396,1.24594893699929,1.430774926582618,1.6314219733847537,1.815577906183734,1.953586280357142,2.02322224740894,2.0132716413374547,1.9253369062965793,1.7735790392223942,1.582437104947065,1.382692572754264,1.2065122730445872,1.082268255648241,1.0299687590486621,1.0580360865684333,1.1619502798676955,1.3249770123775206],[1.2969096848577495,1.133882952347923,1.0299687590486621,1.001901431528891,1.054200928128469,1.178444945524816,1.3546252452344945,1.554369777427292,1.745511711702623,1.897269578776809,1.9852043138176834,1.9951549198891687,1.9255189528373717,1.7875105786639627,1.6033546458649808,1.4027075990628477,1.2178816094795188,1.0786410275844693,1.0074091364259403,1.015657109391536,1.1020566941149952,1.252694114043984,1.4433107409915702,1.6432097010897007,1.820199294890383,1.9457771439607465,1.9997202097586495,1.973341508816959,1.870889063297104,1.7088618001183042,1.5133525661671694,1.315846140031705,1.1481489278386827,1.0372668642389578,1.0010563806207848,1.0453488079972442,1.1630113003083804,1.3350955069128374,1.5338890122180684,1.7273781390550809,1.8844034265915908,1.9796775453706126,1.9978575651667927,1.9360157782374283,1.8041111769513627,1.623385659106984,1.4229432358015668,1.235063125718926,1.0900015144493602,1.0111191027645954,1.0111191027645954,1.0900015144493602,1.235063125718926,1.4229432358015668,1.623385659106984,1.8041111769513627,1.9360157782374283,1.9978575651667927,1.9796775453706126,1.8844034265915908,1.7273781390550809,1.5338890122180684,1.3350955069128365,1.163011300308381,1.0453488079972442,1.0010563806207848,1.037266864238958,1.1481489278386823,1.315846140031705,1.5133525661671694,1.708861800118305,1.8708890632971047,1.9733415088169588,1.9997202097586495,1.9457771439607465,1.8201992948903825,1.6432097010897015,1.4433107409915702,1.252694114043984,1.1020566941149947,1.0156571093915359,1.0074091364259403,1.0786410275844684,1.2178816094795188,1.4027075990628468,1.6033546458649826,1.7875105786639627,1.9255189528373708,1.995154919889169,1.9852043138176834,1.897269578776808,1.745511711702623,1.5543697774272935,1.3546252452344927,1.178444945524816,1.0542009281284699,1.001901431528891,1.0299687590486621,1.1338829523479244,1.2969096848577495],[1.3492091814573275,1.1861824489475012,1.0822682556482401,1.054200928128469,1.1065004247280472,1.230744442124394,1.4069247418340725,1.6066692740268702,1.797811208302201,1.9495690753763872,2.0375038104172614,2.0474544164887467,1.97781844943695,1.839810075263541,1.655654142464559,1.4550070956624257,1.2701811060790968,1.1309405241840476,1.0597086330255183,1.0679566059911143,1.1543561907145734,1.304993610643562,1.4956102375911482,1.6955091976892787,1.872498791489961,1.9980766405603245,2.0520197063582275,2.025641005416537,1.923188559896682,1.7611612967178822,1.5656520627667476,1.368145636631283,1.200448424438261,1.0895663608385358,1.0533558772203628,1.0976483045968224,1.2153107969079584,1.3873950035124156,1.5861885088176466,1.779677635654659,1.936702923191169,2.0319770419701904,2.0501570617663707,1.9883152748370065,1.856410673550941,1.6756851557065622,1.4752427324011448,1.2873626223185042,1.1423010110489384,1.0634185993641736,1.0634185993641736,1.1423010110489384,1.2873626223185042,1.4752427324011448,1.6756851557065622,1.856410673550941,1.9883152748370065,2.0501570617663707,2.0319770419701904,1.936702923191169,1.779677635654659,1.5861885088176466,1.3873950035124147,1.215310796907959,1.0976483045968224,1.0533558772203628,1.0895663608385362,1.2004484244382603,1.368145636631283,1.5656520627667476,1.7611612967178831,1.923188559896683,2.025641005416537,2.0520197063582275,1.9980766405603245,1.8724987914899605,1.6955091976892795,1.4956102375911482,1.304993610643562,1.1543561907145727,1.067956605991114,1.0597086330255183,1.1309405241840467,1.2701811060790968,1.4550070956624248,1.6556541424645608,1.839810075263541,1.977818449436949,2.0474544164887467,2.0375038104172614,1.9495690753763861,1.797811208302201,1.6066692740268718,1.406924741834071,1.230744442124394,1.1065004247280479,1.054200928128469,1.0822682556482401,1.1861824489475024,1.3492091814573275],[1.4734531988536745,1.310426466343848,1.2065122730445872,1.178444945524816,1.230744442124394,1.354988459520741,1.5311687592304195,1.730913291423217,1.9220552256985481,2.073813092772734,2.1617478278136084,2.1716984338850938,2.1020624668332966,1.9640540926598877,1.7798981598609058,1.5792511130587727,1.394425123475444,1.2551845415803946,1.1839526504218654,1.1922006233874614,1.2786002081109202,1.429237628039909,1.6198542549874952,1.8197532150856257,1.996742808886308,2.1223206579566716,2.176263723754574,2.1498850228128843,2.047432577293029,1.8854053141142293,1.6898960801630944,1.49238965402763,1.3246924418346078,1.2138103782348828,1.1775998946167099,1.2218923219931692,1.3395548143043055,1.5116390209087625,1.7104325262139934,1.903921653051006,2.060946940587516,2.156221059366538,2.1744010791627177,2.112559292233353,1.9806546909472877,1.799929173102909,1.5994867497974918,1.411606639714851,1.2665450284452853,1.1876626167605204,1.1876626167605204,1.2665450284452853,1.411606639714851,1.5994867497974918,1.799929173102909,1.9806546909472877,2.112559292233353,2.1744010791627177,2.156221059366538,2.060946940587516,1.903921653051006,1.7104325262139934,1.5116390209087616,1.3395548143043061,1.2218923219931692,1.1775998946167099,1.213810378234883,1.3246924418346073,1.49238965402763,1.6898960801630944,1.88540531411423,2.04743257729303,2.149885022812884,2.176263723754574,2.1223206579566716,1.9967428088863075,1.8197532150856266,1.6198542549874952,1.429237628039909,1.2786002081109198,1.1922006233874611,1.1839526504218654,1.2551845415803935,1.394425123475444,1.5792511130587719,1.7798981598609076,1.9640540926598877,2.1020624668332957,2.171698433885094,2.1617478278136084,2.073813092772733,1.9220552256985481,1.7309132914232186,1.5311687592304177,1.354988459520741,1.230744442124395,1.178444945524816,1.2065122730445872,1.3104264663438494,1.4734531988536745],[1.649633498563353,1.4866067660535267,1.3826925727542656,1.3546252452344945,1.4069247418340725,1.5311687592304195,1.707349058940098,1.9070935911328954,2.0982355254082266,2.2499933924824127,2.337928127523287,2.347878733594772,2.2782427665429754,2.1402343923695666,1.9560784595705842,1.7554314127684512,1.5706054231851223,1.431364841290073,1.3601329501315438,1.3683809230971398,1.4547805078205989,1.6054179277495875,1.7960345546971737,1.9959335147953041,2.1729231085959864,2.29850095766635,2.352444023464253,2.3260653225225623,2.2236128770027075,2.0615856138239077,1.866076379872773,1.6685699537373084,1.5008727415442864,1.3899906779445612,1.3537801943263883,1.3980726217028479,1.5157351140139839,1.687819320618441,1.8866128259236719,2.0801019527606845,2.2371272402971947,2.332401359076216,2.350581378872396,2.288739591943032,2.156834990656966,1.9761094728125876,1.7756670495071702,1.5877869394245296,1.442725328154964,1.363842916470199,1.363842916470199,1.442725328154964,1.5877869394245296,1.7756670495071702,1.9761094728125876,2.156834990656966,2.288739591943032,2.350581378872396,2.332401359076216,2.2371272402971947,2.0801019527606845,1.8866128259236719,1.6878193206184402,1.5157351140139845,1.3980726217028479,1.3537801943263883,1.3899906779445614,1.5008727415442857,1.6685699537373084,1.866076379872773,2.061585613823908,2.223612877002708,2.3260653225225623,2.352444023464253,2.29850095766635,2.172923108595986,1.995933514795305,1.7960345546971737,1.6054179277495875,1.4547805078205982,1.3683809230971395,1.3601329501315438,1.4313648412900721,1.5706054231851223,1.7554314127684503,1.956078459570586,2.1402343923695666,2.2782427665429745,2.347878733594772,2.337928127523287,2.249993392482412,2.0982355254082266,1.9070935911328972,1.7073490589400964,1.5311687592304195,1.4069247418340733,1.3546252452344945,1.3826925727542656,1.4866067660535278,1.649633498563353],[1.8493780307561505,1.6863512982463242,1.5824371049470631,1.554369777427292,1.6066692740268702,1.730913291423217,1.9070935911328954,2.106838123325693,2.2979800576010243,2.44973792467521,2.5376726597160846,2.5476232657875695,2.4779872987357727,2.339978924562364,2.1558229917633818,1.9551759449612487,1.7703499553779198,1.6311093734828703,1.5598774823243413,1.568125455289937,1.6545250400133962,1.805162459942385,1.9957790868899712,2.1956780469881014,2.3726676407887837,2.4982454898591473,2.5521885556570503,2.52580985471536,2.4233574091955052,2.261330146016705,2.0658209120655706,1.868314485930106,1.700617273737084,1.5897352101373587,1.5535247265191858,1.5978171538956452,1.7154796462067814,1.8875638528112386,2.0863573581164694,2.279846484953482,2.436871772489992,2.5321458912690136,2.5503259110651935,2.4884841241358293,2.356579522849764,2.175854005005385,1.9754115816999678,1.787531471617327,1.6424698603477612,1.5635874486629966,1.5635874486629966,1.6424698603477612,1.787531471617327,1.9754115816999678,2.175854005005385,2.356579522849764,2.4884841241358293,2.5503259110651935,2.5321458912690136,2.436871772489992,2.279846484953482,2.0863573581164694,1.8875638528112377,1.715479646206782,1.5978171538956452,1.5535247265191858,1.5897352101373592,1.7006172737370833,1.868314485930106,2.0658209120655706,2.261330146016706,2.4233574091955057,2.5258098547153596,2.5521885556570503,2.4982454898591473,2.3726676407887832,2.1956780469881023,1.9957790868899712,1.805162459942385,1.6545250400133957,1.568125455289937,1.5598774823243413,1.6311093734828694,1.7703499553779198,1.9551759449612478,2.1558229917633835,2.339978924562364,2.477987298735772,2.54762326578757,2.5376726597160846,2.449737924675209,2.2979800576010243,2.1068381233256948,1.907093591132894,1.730913291423217,1.6066692740268709,1.554369777427292,1.5824371049470631,1.6863512982463253,1.8493780307561505],[2.0405199650314816,1.8774932325216551,1.7735790392223942,1.745511711702623,1.797811208302201,1.9220552256985481,2.0982355254082266,2.2979800576010243,2.489121991876355,2.640879858950541,2.7288145939914155,2.738765200062901,2.6691292330111036,2.5311208588376948,2.346964926038713,2.14631787923658,1.961491889653251,1.8222513077582017,1.7510194165996724,1.7592673895652684,1.8456669742887275,1.996304394217716,2.1869210211653023,2.3868199812634328,2.563809575064115,2.6893874241344786,2.7433304899323816,2.7169517889906913,2.614499343470836,2.4524720802920363,2.2569628463409015,2.059456420205437,1.8917592080124148,1.7808771444126898,1.744666660794517,1.7889590881709763,1.9066215804821125,2.0787057870865695,2.2774992923918003,2.4709884192288127,2.628013706765323,2.723287825544345,2.741467845340525,2.67962605841116,2.547721457125095,2.366995939280716,2.166553515975299,1.978673405892658,1.8336117946230925,1.7547293829383275,1.7547293829383275,1.8336117946230925,1.978673405892658,2.166553515975299,2.366995939280716,2.547721457125095,2.67962605841116,2.741467845340525,2.723287825544345,2.628013706765323,2.4709884192288127,2.2774992923918003,2.0787057870865686,1.9066215804821132,1.7889590881709763,1.744666660794517,1.78087714441269,1.8917592080124144,2.059456420205437,2.2569628463409015,2.4524720802920372,2.614499343470837,2.716951788990691,2.7433304899323816,2.6893874241344786,2.5638095750641146,2.3868199812634336,2.1869210211653023,1.996304394217716,1.8456669742887268,1.759267389565268,1.7510194165996724,1.8222513077582008,1.961491889653251,2.146317879236579,2.346964926038715,2.5311208588376948,2.6691292330111027,2.7387652000629013,2.7288145939914155,2.64087985895054,2.489121991876355,2.2979800576010256,2.0982355254082248,1.9220552256985481,1.797811208302202,1.745511711702623,1.7735790392223942,1.8774932325216565,2.0405199650314816],[2.1922778321056677,2.0292510995958413,1.9253369062965802,1.897269578776809,1.9495690753763872,2.073813092772734,2.2499933924824127,2.44973792467521,2.640879858950541,2.792637726024727,2.8805724610656016,2.890523067137087,2.8208871000852898,2.682878725911881,2.498722793112899,2.298075746310766,2.113249756727437,1.9740091748323874,1.9027772836738583,1.911025256639454,1.9974248413629132,2.1480622612919023,2.338678888239488,2.5385778483376185,2.715567442138301,2.8411452912086643,2.8950883570065673,2.868709656064877,2.766257210545022,2.604229947366222,2.4087207134150876,2.211214287279623,2.043517075086601,1.9326350114868758,1.8964245278687029,1.9407169552451622,2.058379447556298,2.2304636541607556,2.4292571594659864,2.622746286302999,2.779771573839509,2.8750456926185306,2.8932257124147105,2.8313839254853463,2.699479324199281,2.518753806354902,2.318311383049485,2.130431272966844,1.9853696616972782,1.9064872500125136,1.9064872500125136,1.9853696616972782,2.130431272966844,2.318311383049485,2.518753806354902,2.699479324199281,2.8313839254853463,2.8932257124147105,2.8750456926185306,2.779771573839509,2.622746286302999,2.4292571594659864,2.2304636541607548,2.058379447556299,1.9407169552451622,1.8964245278687029,1.9326350114868762,2.0435170750866005,2.211214287279623,2.4087207134150876,2.604229947366223,2.7662572105450227,2.868709656064877,2.8950883570065673,2.8411452912086643,2.7155674421383003,2.5385778483376193,2.338678888239488,2.1480622612919023,1.9974248413629128,1.911025256639454,1.9027772836738583,1.9740091748323865,2.113249756727437,2.298075746310765,2.4987227931129006,2.682878725911881,2.820887100085289,2.890523067137087,2.8805724610656016,2.792637726024726,2.640879858950541,2.449737924675212,2.249993392482411,2.073813092772734,1.949569075376388,1.897269578776809,1.9253369062965802,2.029251099595842,2.1922778321056677],[2.280212567146542,2.1171858346367154,2.0132716413374547,1.9852043138176834,2.0375038104172614,2.1617478278136084,2.337928127523287,2.5376726597160846,2.7288145939914155,2.8805724610656016,2.9685071961064757,2.978457802177961,2.9088218351261643,2.7708134609527555,2.5866575281537734,2.38601048135164,2.2011844917683114,2.061943909873262,1.9907120187147327,1.9989599916803287,2.0853595764037878,2.2359969963327764,2.426613623280363,2.626512583378493,2.8035021771791753,2.929080026249539,2.983023092047442,2.9566443911057516,2.8541919455858964,2.6921646824070966,2.4966554484559618,2.2991490223204973,2.1314518101274755,2.02056974652775,1.9843592629095772,2.0286516902860368,2.1463141825971728,2.31839838920163,2.517191894506861,2.7106810213438735,2.8677063088803836,2.962980427659405,2.981160447455585,2.919318660526221,2.787414059240155,2.6066885413957763,2.406246118090359,2.2183660080077185,2.073304396738153,1.994421985053388,1.994421985053388,2.073304396738153,2.2183660080077185,2.406246118090359,2.6066885413957763,2.787414059240155,2.919318660526221,2.981160447455585,2.962980427659405,2.8677063088803836,2.7106810213438735,2.517191894506861,2.3183983892016293,2.146314182597173,2.0286516902860368,1.9843592629095772,2.020569746527751,2.1314518101274746,2.2991490223204973,2.4966554484559618,2.6921646824070975,2.8541919455858973,2.956644391105751,2.983023092047442,2.929080026249539,2.803502177179175,2.626512583378494,2.426613623280363,2.2359969963327764,2.0853595764037873,1.9989599916803285,1.9907120187147327,2.061943909873261,2.2011844917683114,2.386010481351639,2.586657528153775,2.7708134609527555,2.9088218351261634,2.9784578021779615,2.9685071961064757,2.8805724610656007,2.7288145939914155,2.537672659716086,2.337928127523285,2.1617478278136084,2.0375038104172623,1.9852043138176834,2.0132716413374547,2.1171858346367167,2.280212567146542],[2.290163173218027,2.1271364407082007,2.02322224740894,1.9951549198891687,2.0474544164887467,2.1716984338850938,2.347878733594772,2.5476232657875695,2.738765200062901,2.890523067137087,2.978457802177961,2.9884084082494464,2.9187724411976497,2.7807640670242404,2.5966081342252583,2.3959610874231254,2.2111350978397963,2.0718945159447473,2.000662624786218,2.008910597751814,2.0953101824752727,2.2459476024042617,2.436564229351848,2.6364631894499784,2.8134527832506606,2.9390306323210242,2.992973698118927,2.9665949971772365,2.8641425516573817,2.702115288478582,2.506606054527447,2.3090996283919827,2.141402416198961,2.0305203525992352,1.9943098689810626,2.0386022963575217,2.156264788668658,2.3283489952731156,2.5271425005783463,2.720631627415359,2.8776569149518685,2.97293103373089,2.9911110535270704,2.9292692665977063,2.7973646653116404,2.6166391474672617,2.4161967241618445,2.228316614079204,2.083255002809638,2.004372591124873,2.004372591124873,2.083255002809638,2.228316614079204,2.4161967241618445,2.6166391474672617,2.7973646653116404,2.9292692665977063,2.9911110535270704,2.97293103373089,2.8776569149518685,2.720631627415359,2.5271425005783463,2.3283489952731142,2.1562647886686586,2.0386022963575217,1.9943098689810626,2.0305203525992357,2.14140241619896,2.3090996283919827,2.506606054527447,2.7021152884785824,2.864142551657382,2.9665949971772365,2.992973698118927,2.9390306323210242,2.81345278325066,2.6364631894499793,2.436564229351848,2.2459476024042617,2.0953101824752727,2.0089105977518136,2.000662624786218,2.071894515944746,2.2111350978397963,2.3959610874231245,2.59660813422526,2.7807640670242404,2.918772441197649,2.9884084082494464,2.978457802177961,2.8905230671370856,2.738765200062901,2.5476232657875713,2.3478787335947704,2.1716984338850938,2.0474544164887476,1.9951549198891687,2.02322224740894,2.127136440708202,2.290163173218027],[2.2205272061662304,2.057500473656404,1.9535862803571429,1.9255189528373717,1.97781844943695,2.1020624668332966,2.2782427665429754,2.4779872987357727,2.6691292330111036,2.8208871000852898,2.9088218351261643,2.9187724411976497,2.8491364741458525,2.7111280999724436,2.5269721671734615,2.3263251203713287,2.1414991307879996,2.00225854889295,1.931026657734421,1.9392746307000168,2.025674215423476,2.176311635352465,2.3669282623000507,2.566827222398181,2.743816816198864,2.869394665269227,2.92333773106713,2.8969590301254398,2.7945065846055845,2.6324793214267848,2.4369700874756504,2.239463661340186,2.0717664491471637,1.9608843855474385,1.9246739019292656,1.968966329305725,2.086628821616861,2.2587130282213184,2.457506533526549,2.6509956603635616,2.8080209479000717,2.9032950666790933,2.921475086475273,2.859633299545909,2.7277286982598437,2.547003180415465,2.3465607571100477,2.1586806470274067,2.013619035757841,1.9347366240730763,1.9347366240730763,2.013619035757841,2.1586806470274067,2.3465607571100477,2.547003180415465,2.7277286982598437,2.859633299545909,2.921475086475273,2.9032950666790933,2.8080209479000717,2.6509956603635616,2.457506533526549,2.2587130282213175,2.086628821616862,1.968966329305725,1.9246739019292656,1.960884385547439,2.0717664491471632,2.239463661340186,2.4369700874756504,2.6324793214267856,2.7945065846055854,2.8969590301254398,2.92333773106713,2.869394665269227,2.743816816198863,2.566827222398182,2.3669282623000507,2.176311635352465,2.0256742154234755,1.9392746307000168,1.931026657734421,2.002258548892949,2.1414991307879996,2.3263251203713278,2.5269721671734633,2.7111280999724436,2.8491364741458516,2.9187724411976497,2.9088218351261643,2.820887100085289,2.6691292330111036,2.4779872987357745,2.2782427665429736,2.1020624668332966,1.9778184494369506,1.9255189528373717,1.9535862803571429,2.057500473656405,2.2205272061662304],[2.082518831992821,1.919492099482995,1.815577906183734,1.7875105786639627,1.839810075263541,1.9640540926598877,2.1402343923695666,2.339978924562364,2.5311208588376948,2.682878725911881,2.7708134609527555,2.7807640670242404,2.7111280999724436,2.5731197257990344,2.3889637930000527,2.1883167461979194,2.0034907566145908,1.8642501747195412,1.793018283561012,1.801266256526608,1.887665841250067,2.038303261179056,2.228919888126642,2.4288188482247723,2.6058084420254546,2.731386291095818,2.785329356893721,2.758950655952031,2.6564982104321757,2.494470947253376,2.2989617133022415,2.101455287166777,1.9337580749737546,1.8228760113740297,1.7866655277558565,1.830957955132316,1.948620447443452,2.120704654047909,2.3194981593531403,2.5129872861901528,2.6700125737266625,2.7652866925056845,2.7834667123018644,2.7216249253725002,2.589720324086435,2.408994806242056,2.2085523829366385,2.020672272853998,1.8756106615844321,1.7967282498996673,1.7967282498996673,1.8756106615844321,2.020672272853998,2.2085523829366385,2.408994806242056,2.589720324086435,2.7216249253725002,2.7834667123018644,2.7652866925056845,2.6700125737266625,2.5129872861901528,2.3194981593531403,2.120704654047908,1.948620447443453,1.830957955132316,1.7866655277558565,1.8228760113740299,1.933758074973754,2.101455287166777,2.2989617133022415,2.494470947253377,2.6564982104321766,2.7589506559520305,2.785329356893721,2.731386291095818,2.605808442025454,2.4288188482247732,2.228919888126642,2.038303261179056,1.8876658412500666,1.8012662565266078,1.793018283561012,1.8642501747195404,2.0034907566145908,2.188316746197919,2.3889637930000545,2.5731197257990344,2.7111280999724428,2.780764067024241,2.7708134609527555,2.6828787259118796,2.5311208588376948,2.3399789245623657,2.140234392369565,1.9640540926598877,1.8398100752635416,1.7875105786639627,1.815577906183734,1.919492099482996,2.082518831992821],[1.8983628991938393,1.735336166684013,1.631421973384752,1.6033546458649808,1.655654142464559,1.7798981598609058,1.9560784595705842,2.1558229917633818,2.346964926038713,2.498722793112899,2.5866575281537734,2.5966081342252583,2.5269721671734615,2.3889637930000527,2.2048078602010706,2.0041608133989373,1.8193348238156086,1.6800942419205591,1.60886235076203,1.6171103237276259,1.703509908451085,1.8541473283800738,2.04476395532766,2.24466291542579,2.4216525092264725,2.547230358296836,2.601173424094739,2.574794723153049,2.472342277633194,2.310315014454394,2.1148057805032594,1.9172993543677948,1.7496021421747727,1.6387200785750475,1.6025095949568746,1.646802022333334,1.7644645146444702,1.9365487212489274,2.135342226554158,2.3288313533911706,2.4858566409276808,2.5811307597067024,2.5993107795028823,2.537468992573518,2.4055643912874527,2.224838873443074,2.0243964501376563,1.8365163400550157,1.69145472878545,1.6125723171006854,1.6125723171006854,1.69145472878545,1.8365163400550157,2.0243964501376563,2.224838873443074,2.4055643912874527,2.537468992573518,2.5993107795028823,2.5811307597067024,2.4858566409276808,2.3288313533911706,2.135342226554158,1.9365487212489265,1.7644645146444708,1.646802022333334,1.6025095949568746,1.638720078575048,1.749602142174772,1.9172993543677948,2.1148057805032594,2.3103150144543947,2.4723422776331945,2.5747947231530484,2.601173424094739,2.547230358296836,2.421652509226472,2.244662915425791,2.04476395532766,1.8541473283800738,1.7035099084510845,1.6171103237276259,1.60886235076203,1.6800942419205582,1.8193348238156086,2.0041608133989364,2.2048078602010723,2.3889637930000527,2.5269721671734606,2.5966081342252587,2.5866575281537734,2.498722793112898,2.346964926038713,2.1558229917633835,1.9560784595705827,1.7798981598609058,1.6556541424645597,1.6033546458649808,1.631421973384752,1.7353361666840141,1.8983628991938393],[1.6977158523917062,1.5346891198818797,1.4307749265826188,1.4027075990628477,1.4550070956624257,1.5792511130587727,1.7554314127684512,1.9551759449612487,2.14631787923658,2.298075746310766,2.38601048135164,2.3959610874231254,2.3263251203713287,2.1883167461979194,2.0041608133989373,1.8035137665968044,1.6186877770134755,1.4794471951184263,1.408215303959897,1.416463276925493,1.502862861648952,1.6535002815779407,1.844116908525527,2.0440158686236574,2.2210054624243396,2.3465833114947032,2.400526377292606,2.3741476763509155,2.2716952308310607,2.109667967652261,1.914158733701126,1.7166523075656617,1.5489550953726394,1.4380730317729145,1.4018625481547415,1.4461549755312009,1.563817467842337,1.7359016744467943,1.934695179752025,2.128184306589038,2.2852095941255475,2.380483712904569,2.3986637327007494,2.3368219457713852,2.2049173444853194,2.0241918266409407,1.8237494033355235,1.6358692932528827,1.4908076819833171,1.411925270298552,1.411925270298552,1.4908076819833171,1.6358692932528827,1.8237494033355235,2.0241918266409407,2.2049173444853194,2.3368219457713852,2.3986637327007494,2.380483712904569,2.2852095941255475,2.128184306589038,1.934695179752025,1.7359016744467932,1.5638174678423378,1.4461549755312009,1.4018625481547415,1.4380730317729147,1.548955095372639,1.7166523075656617,1.914158733701126,2.1096679676522614,2.271695230831061,2.3741476763509155,2.400526377292606,2.3465833114947032,2.221005462424339,2.0440158686236582,1.844116908525527,1.6535002815779407,1.5028628616489514,1.4164632769254928,1.408215303959897,1.4794471951184252,1.6186877770134755,1.8035137665968035,2.004160813398939,2.1883167461979194,2.3263251203713278,2.3959610874231254,2.38601048135164,2.2980757463107646,2.14631787923658,1.9551759449612502,1.7554314127684494,1.5792511130587727,1.4550070956624266,1.4027075990628477,1.4307749265826188,1.534689119881881,1.6977158523917062],[1.5128898628083773,1.349863130298551,1.24594893699929,1.2178816094795188,1.2701811060790968,1.394425123475444,1.5706054231851223,1.7703499553779198,1.961491889653251,2.113249756727437,2.2011844917683114,2.2111350978397963,2.1414991307879996,2.0034907566145908,1.8193348238156086,1.6186877770134755,1.4338617874301467,1.2946212055350972,1.2233893143765682,1.2316372873421642,1.318036872065623,1.4686742919946119,1.659290918942198,1.8591898790403283,2.0361794728410105,2.161757321911374,2.215700387709277,2.189321686767587,2.086869241247732,1.9248419780689319,1.7293327441177975,1.5318263179823328,1.3641291057893108,1.2532470421895856,1.2170365585714127,1.261328985947872,1.3789914782590083,1.5510756848634655,1.7498691901686962,1.9433583170057087,2.100383604542219,2.1956577233212404,2.2138377431174203,2.151995956188056,2.0200913549019908,1.839365837057612,1.6389234137521946,1.4510433036695538,1.305981692399988,1.2270992807152235,1.2270992807152235,1.305981692399988,1.4510433036695538,1.6389234137521946,1.839365837057612,2.0200913549019908,2.151995956188056,2.2138377431174203,2.1956577233212404,2.100383604542219,1.9433583170057087,1.7498691901686962,1.5510756848634646,1.378991478259009,1.261328985947872,1.2170365585714127,1.2532470421895858,1.3641291057893101,1.5318263179823328,1.7293327441177975,1.9248419780689328,2.0868692412477325,2.1893216867675864,2.215700387709277,2.161757321911374,2.03617947284101,1.8591898790403292,1.659290918942198,1.4686742919946119,1.3180368720656226,1.231637287342164,1.2233893143765682,1.2946212055350963,1.4338617874301467,1.6186877770134747,1.8193348238156104,2.0034907566145908,2.1414991307879987,2.211135097839797,2.2011844917683114,2.113249756727436,1.961491889653251,1.7703499553779216,1.5706054231851208,1.394425123475444,1.2701811060790977,1.2178816094795188,1.24594893699929,1.3498631302985522,1.5128898628083773],[1.373649280913328,1.2106225484035016,1.1067083551042405,1.0786410275844693,1.1309405241840476,1.2551845415803946,1.431364841290073,1.6311093734828703,1.8222513077582017,1.9740091748323874,2.061943909873262,2.0718945159447473,2.00225854889295,1.8642501747195412,1.6800942419205591,1.4794471951184263,1.2946212055350972,1.155380623640048,1.0841487324815189,1.0923967054471146,1.1787962901705737,1.3294337100995626,1.5200503370471488,1.719949297145279,1.8969388909459615,2.022516740016325,2.0764598058142276,2.0500811048725374,1.9476286593526826,1.7856013961738826,1.590092162222748,1.3925857360872835,1.2248885238942613,1.114006460294536,1.0777959766763634,1.1220884040528227,1.2397508963639587,1.411835102968416,1.6106286082736467,1.8041177351106592,1.9611430226471693,2.056417141426191,2.0745971612223713,2.0127553742930067,1.8808507730069413,1.7001252551625625,1.4996828318571451,1.3118027217745045,1.1667411105049388,1.087858698820174,1.087858698820174,1.1667411105049388,1.3118027217745045,1.4996828318571451,1.7001252551625625,1.8808507730069413,2.0127553742930067,2.0745971612223713,2.056417141426191,1.9611430226471693,1.8041177351106592,1.6106286082736467,1.411835102968415,1.2397508963639594,1.1220884040528227,1.0777959766763634,1.1140064602945365,1.2248885238942606,1.3925857360872835,1.590092162222748,1.7856013961738832,1.947628659352683,2.0500811048725374,2.0764598058142276,2.022516740016325,1.8969388909459608,1.7199492971452799,1.5200503370471488,1.3294337100995626,1.178796290170573,1.0923967054471144,1.0841487324815189,1.155380623640047,1.2946212055350972,1.4794471951184254,1.680094241920561,1.8642501747195412,2.002258548892949,2.0718945159447473,2.061943909873262,1.9740091748323865,1.8222513077582017,1.631109373482872,1.4313648412900712,1.2551845415803946,1.1309405241840484,1.0786410275844693,1.1067083551042405,1.2106225484035027,1.373649280913328],[1.3024173897547988,1.1393906572449726,1.0354764639457115,1.0074091364259403,1.0597086330255183,1.1839526504218654,1.3601329501315438,1.5598774823243413,1.7510194165996724,1.9027772836738583,1.9907120187147327,2.000662624786218,1.931026657734421,1.793018283561012,1.60886235076203,1.408215303959897,1.2233893143765682,1.0841487324815189,1.0129168413229896,1.0211648142885856,1.1075643990120447,1.2582018189410333,1.4488184458886195,1.64871740598675,1.8257069997874322,1.9512848488577959,2.005227914655699,1.9788492137140083,1.8763967681941534,1.7143695050153536,1.5188602710642187,1.3213538449287543,1.1536566327357323,1.042774569136007,1.0065640855178342,1.0508565128942935,1.1685190052054297,1.340603211809887,1.5393967171151177,1.7328858439521302,1.88991113148864,1.985185250267662,2.003365270063842,1.9415234831344776,1.809618881848412,1.6288933640040333,1.4284509406986161,1.2405708306159753,1.0955092193464098,1.016626807661645,1.016626807661645,1.0955092193464098,1.2405708306159753,1.4284509406986161,1.6288933640040333,1.809618881848412,1.9415234831344776,2.003365270063842,1.985185250267662,1.88991113148864,1.7328858439521302,1.5393967171151177,1.3406032118098858,1.1685190052054304,1.0508565128942935,1.0065640855178342,1.0427745691360073,1.1536566327357316,1.3213538449287543,1.5188602710642187,1.7143695050153542,1.876396768194154,1.9788492137140081,2.005227914655699,1.9512848488577959,1.8257069997874318,1.6487174059867509,1.4488184458886195,1.2582018189410333,1.107564399012044,1.0211648142885854,1.0129168413229896,1.0841487324815178,1.2233893143765682,1.4082153039598961,1.6088623507620319,1.793018283561012,1.9310266577344202,2.0006626247862185,1.9907120187147327,1.9027772836738572,1.7510194165996724,1.5598774823243429,1.360132950131542,1.1839526504218654,1.0597086330255192,1.0074091364259403,1.0354764639457115,1.1393906572449737,1.3024173897547988],[1.3106653627203948,1.1476386302105683,1.0437244369113075,1.015657109391536,1.0679566059911143,1.1922006233874614,1.3683809230971398,1.568125455289937,1.7592673895652684,1.911025256639454,1.9989599916803287,2.008910597751814,1.9392746307000168,1.801266256526608,1.6171103237276259,1.416463276925493,1.2316372873421642,1.0923967054471146,1.0211648142885856,1.0294127872541814,1.1158123719776405,1.2664497919066293,1.4570664188542155,1.6569653789523457,1.8339549727530282,1.9595328218233916,2.0134758876212944,1.987097186679604,1.8846447411597493,1.7226174779809493,1.5271082440298147,1.3296018178943503,1.161904605701328,1.0510225421016028,1.0148120584834301,1.0591044858598895,1.1767669781710257,1.3488511847754827,1.5476446900807135,1.741133816917726,1.898159104454236,1.9934332232332577,2.011613243029438,1.9497714561000734,1