{"data":[{"type":"contour","x":[-1.5,-1.4696969696969697,-1.4393939393939394,-1.4090909090909092,-1.378787878787879,-1.3484848484848484,-1.3181818181818181,-1.2878787878787878,-1.2575757575757576,-1.2272727272727273,-1.196969696969697,-1.1666666666666667,-1.1363636363636362,-1.106060606060606,-1.0757575757575757,-1.0454545454545454,-1.0151515151515151,-0.9848484848484849,-0.9545454545454546,-0.9242424242424242,-0.8939393939393939,-0.8636363636363636,-0.8333333333333334,-0.803030303030303,-0.7727272727272727,-0.7424242424242424,-0.7121212121212122,-0.6818181818181818,-0.6515151515151515,-0.6212121212121212,-0.5909090909090909,-0.5606060606060606,-0.5303030303030303,-0.5,-0.4696969696969697,-0.43939393939393945,-0.40909090909090917,-0.3787878787878789,-0.3484848484848484,-0.3181818181818181,-0.28787878787878785,-0.25757575757575757,-0.2272727272727273,-0.19696969696969702,-0.16666666666666674,-0.13636363636363646,-0.10606060606060597,-0.07575757575757569,-0.045454545454545414,-0.015151515151515138,0.015151515151515138,0.045454545454545414,0.07575757575757569,0.10606060606060597,0.13636363636363646,0.16666666666666674,0.19696969696969702,0.2272727272727273,0.25757575757575757,0.28787878787878785,0.3181818181818181,0.3484848484848484,0.3787878787878789,0.40909090909090917,0.43939393939393945,0.4696969696969697,0.5,0.5303030303030303,0.5606060606060606,0.5909090909090908,0.6212121212121211,0.6515151515151514,0.6818181818181817,0.7121212121212119,0.7424242424242422,0.7727272727272729,0.8030303030303032,0.8333333333333335,0.8636363636363638,0.893939393939394,0.9242424242424243,0.9545454545454546,0.9848484848484849,1.0151515151515151,1.0454545454545454,1.0757575757575757,1.106060606060606,1.1363636363636362,1.1666666666666665,1.1969696969696968,1.227272727272727,1.2575757575757578,1.287878787878788,1.3181818181818183,1.3484848484848486,1.378787878787879,1.4090909090909092,1.4393939393939394,1.4696969696969697,1.5],"y":[-1.5,-1.4696969696969697,-1.4393939393939394,-1.4090909090909092,-1.378787878787879,-1.3484848484848484,-1.3181818181818181,-1.2878787878787878,-1.2575757575757576,-1.2272727272727273,-1.196969696969697,-1.1666666666666667,-1.1363636363636362,-1.106060606060606,-1.0757575757575757,-1.0454545454545454,-1.0151515151515151,-0.9848484848484849,-0.9545454545454546,-0.9242424242424242,-0.8939393939393939,-0.8636363636363636,-0.8333333333333334,-0.803030303030303,-0.7727272727272727,-0.7424242424242424,-0.7121212121212122,-0.6818181818181818,-0.6515151515151515,-0.6212121212121212,-0.5909090909090909,-0.5606060606060606,-0.5303030303030303,-0.5,-0.4696969696969697,-0.43939393939393945,-0.40909090909090917,-0.3787878787878789,-0.3484848484848484,-0.3181818181818181,-0.28787878787878785,-0.25757575757575757,-0.2272727272727273,-0.19696969696969702,-0.16666666666666674,-0.13636363636363646,-0.10606060606060597,-0.07575757575757569,-0.045454545454545414,-0.015151515151515138,0.015151515151515138,0.045454545454545414,0.07575757575757569,0.10606060606060597,0.13636363636363646,0.16666666666666674,0.19696969696969702,0.2272727272727273,0.25757575757575757,0.28787878787878785,0.3181818181818181,0.3484848484848484,0.3787878787878789,0.40909090909090917,0.43939393939393945,0.4696969696969697,0.5,0.5303030303030303,0.5606060606060606,0.5909090909090908,0.6212121212121211,0.6515151515151514,0.6818181818181817,0.7121212121212119,0.7424242424242422,0.7727272727272729,0.8030303030303032,0.8333333333333335,0.8636363636363638,0.893939393939394,0.9242424242424243,0.9545454545454546,0.9848484848484849,1.0151515151515151,1.0454545454545454,1.0757575757575757,1.106060606060606,1.1363636363636362,1.1666666666666665,1.1969696969696968,1.227272727272727,1.2575757575757578,1.287878787878788,1.3181818181818183,1.3484848484848486,1.378787878787879,1.4090909090909092,1.4393939393939394,1.4696969696969697,1.5],"z":[[2.5,2.410009182736456,2.321854912764004,2.2355371900826446,2.1510560146923785,2.068411386593205,1.987603305785124,1.9086317722681359,1.8314967860422406,1.7561983471074383,1.6827364554637283,1.6111111111111116,1.5413223140495864,1.473370064279155,1.407254361799816,1.34297520661157,1.2805325987144167,1.2199265381083562,1.1611570247933884,1.1042240587695131,1.0491276400367306,0.9958677685950414,0.9444444444444446,0.8948576675849402,0.8471074380165291,0.8011937557392104,0.7571166207529845,0.714876033057851,0.6744719926538107,0.6359044995408634,0.5991735537190084,0.5642791551882462,0.5312213039485765,0.5,0.4706152433425159,0.4430670339761251,0.4173553719008263,0.3934802571166207,0.37144168962350754,0.35123966942148765,0.33287419651056016,0.3163452708907255,0.3016528925619837,0.28879706152433426,0.2777777777777777,0.26859504132231393,0.261248852157943,0.25573921028466495,0.2520661157024793,0.25022956841138644,0.25022956841138644,0.2520661157024793,0.25573921028466495,0.261248852157943,0.26859504132231393,0.2777777777777777,0.28879706152433426,0.3016528925619837,0.3163452708907255,0.33287419651056016,0.35123966942148765,0.37144168962350754,0.3934802571166207,0.4173553719008263,0.4430670339761251,0.4706152433425159,0.5,0.5312213039485765,0.5642791551882462,0.5991735537190079,0.6359044995408629,0.6744719926538107,0.714876033057851,0.757116620752984,0.8011937557392099,0.8471074380165291,0.8948576675849407,0.9444444444444446,0.9958677685950414,1.049127640036731,1.1042240587695136,1.1611570247933884,1.2199265381083562,1.2805325987144167,1.34297520661157,1.407254361799816,1.473370064279155,1.5413223140495864,1.6111111111111107,1.6827364554637279,1.7561983471074374,1.831496786042241,1.9086317722681363,1.9876033057851243,2.068411386593205,2.1510560146923785,2.2355371900826446,2.321854912764004,2.410009182736456,2.5],[2.410009182736456,2.3200183654729107,2.231864095500459,2.1455463728191004,2.0610651974288343,1.9784205693296597,1.8976124885215793,1.8186409550045912,1.741505968778696,1.6662075298438932,1.5927456382001837,1.5211202938475665,1.4513314967860418,1.3833792470156103,1.3172635445362717,1.2529843893480255,1.1905417814508725,1.1299357208448115,1.0711662075298438,1.0142332415059685,0.9591368227731865,0.9058769513314968,0.8544536271809,0.8048668503213956,0.757116620752984,0.7112029384756657,0.6671258034894398,0.6248852157943068,0.5844811753902661,0.5459136822773187,0.5091827364554637,0.4742883379247016,0.44123048668503184,0.41000918273645537,0.3806244260789713,0.3530762167125805,0.3273645546372821,0.3034894398530761,0.2814508723599629,0.261248852157943,0.24288337924701553,0.22635445362718087,0.21166207529843906,0.19880624426078963,0.18778696051423305,0.1786042240587693,0.1712580348943984,0.16574839302112032,0.16207529843893465,0.1602387511478418,0.1602387511478418,0.16207529843893465,0.16574839302112032,0.1712580348943984,0.1786042240587693,0.18778696051423305,0.19880624426078963,0.21166207529843906,0.22635445362718087,0.24288337924701553,0.261248852157943,0.2814508723599629,0.3034894398530761,0.3273645546372821,0.3530762167125805,0.3806244260789713,0.41000918273645537,0.44123048668503184,0.4742883379247016,0.5091827364554637,0.5459136822773183,0.5844811753902661,0.6248852157943063,0.6671258034894394,0.7112029384756653,0.7571166207529845,0.804866850321396,0.8544536271809,0.9058769513314968,0.9591368227731865,1.014233241505969,1.0711662075298438,1.1299357208448115,1.1905417814508725,1.2529843893480255,1.3172635445362717,1.3833792470156103,1.4513314967860418,1.521120293847566,1.5927456382001832,1.6662075298438932,1.7415059687786965,1.8186409550045917,1.8976124885215797,1.9784205693296606,2.0610651974288343,2.1455463728191004,2.231864095500459,2.3200183654729107,2.410009182736456],[2.321854912764004,2.231864095500459,2.143709825528008,2.0573921028466486,1.9729109274563825,1.8902662993572088,1.809458218549128,1.7304866850321399,1.6533516988062447,1.5780532598714423,1.5045913682277323,1.4329660238751156,1.3631772268135904,1.295224977043159,1.22910927456382,1.1648301193755741,1.1023875114784207,1.0417814508723602,0.9830119375573925,0.9260789715335171,0.8709825528007347,0.8177226813590455,0.7662993572084487,0.7167125803489443,0.6689623507805331,0.6230486685032144,0.5789715335169885,0.536730945821855,0.49632690541781477,0.4577594123048674,0.4210284664830124,0.38613406795225025,0.3530762167125805,0.321854912764004,0.29247015610651994,0.26492194674012914,0.2392102846648303,0.21533516988062473,0.19329660238751156,0.17309458218549167,0.15472910927456418,0.13820018365472952,0.12350780532598771,0.11065197428833828,0.0996326905417817,0.09044995408631795,0.08310376492194704,0.07759412304866897,0.0739210284664833,0.07208448117539046,0.07208448117539046,0.0739210284664833,0.07759412304866897,0.08310376492194704,0.09044995408631795,0.0996326905417817,0.11065197428833828,0.12350780532598771,0.13820018365472952,0.15472910927456418,0.17309458218549167,0.19329660238751156,0.21533516988062473,0.2392102846648303,0.26492194674012914,0.29247015610651994,0.321854912764004,0.3530762167125805,0.38613406795225025,0.42102846648301195,0.45775941230486694,0.49632690541781477,0.536730945821855,0.578971533516988,0.6230486685032139,0.6689623507805331,0.7167125803489447,0.7662993572084487,0.8177226813590455,0.8709825528007351,0.9260789715335176,0.9830119375573925,1.0417814508723602,1.1023875114784207,1.1648301193755741,1.22910927456382,1.295224977043159,1.3631772268135904,1.4329660238751147,1.5045913682277319,1.5780532598714414,1.653351698806245,1.7304866850321403,1.8094582185491284,1.8902662993572092,1.9729109274563825,2.0573921028466486,2.143709825528008,2.231864095500459,2.321854912764004],[2.2355371900826446,2.1455463728191004,2.0573921028466486,1.9710743801652897,1.8865932047750236,1.8039485766758494,1.723140495867769,1.644168962350781,1.5670339761248853,1.491735537190083,1.418273645546373,1.3466483011937562,1.276859504132231,1.2089072543618,1.142791551882461,1.0785123966942152,1.0160697887970618,0.9554637281910012,0.8966942148760335,0.8397612488521582,0.7846648301193757,0.7314049586776861,0.6799816345270893,0.6303948576675849,0.5826446280991737,0.536730945821855,0.49265381083562954,0.45041322314049603,0.4100091827364558,0.371441689623508,0.334710743801653,0.29981634527089085,0.26675849403122154,0.23553719008264462,0.20615243342516099,0.17860422405876974,0.15289256198347134,0.12901744719926578,0.10697887970615261,0.08677685950413228,0.06841138659320478,0.051882460973370126,0.03719008264462831,0.02433425160697933,0.013314967860422744,0.004132231404958997,-0.003213957759412134,-0.008723599632690426,-0.01239669421487588,-0.014233241505968497,-0.014233241505968497,-0.01239669421487588,-0.008723599632690426,-0.003213957759412134,0.004132231404958997,0.013314967860422744,0.02433425160697933,0.03719008264462831,0.051882460973370126,0.06841138659320478,0.08677685950413228,0.10697887970615261,0.12901744719926578,0.15289256198347134,0.17860422405876974,0.20615243342516099,0.23553719008264462,0.26675849403122154,0.29981634527089085,0.334710743801653,0.371441689623508,0.41000918273645537,0.45041322314049603,0.4926538108356291,0.536730945821855,0.5826446280991742,0.6303948576675853,0.6799816345270893,0.7314049586776865,0.7846648301193762,0.8397612488521582,0.8966942148760335,0.9554637281910012,1.0160697887970618,1.0785123966942152,1.142791551882461,1.2089072543618,1.276859504132231,1.3466483011937553,1.418273645546373,1.4917355371900825,1.5670339761248862,1.644168962350781,1.723140495867769,1.8039485766758503,1.8865932047750236,1.9710743801652897,2.0573921028466486,2.1455463728191004,2.2355371900826446],[2.1510560146923785,2.0610651974288343,1.9729109274563825,1.8865932047750236,1.8021120293847575,1.7194674012855833,1.6386593204775028,1.5596877869605148,1.4825528007346191,1.4072543617998168,1.3337924701561068,1.26216712580349,1.192378328741965,1.124426078971534,1.0583103764921948,0.994031221303949,0.9315886134067957,0.8709825528007351,0.8122130394857674,0.7552800734618921,0.7001836547291096,0.64692378328742,0.5955004591368231,0.5459136822773187,0.4981634527089076,0.45224977043158887,0.4081726354453634,0.3659320477502299,0.3255280073461897,0.28696051423324187,0.2502295684113869,0.21533516988062473,0.18227731864095542,0.1510560146923785,0.12167125803489487,0.09412304866850363,0.06841138659320523,0.04453627180899966,0.02249770431588649,0.0022956841138661588,-0.016069788797061113,-0.03259871441689577,-0.04729109274563781,-0.06014692378328701,-0.07116620752984337,-0.08034894398530712,-0.08769513314967825,-0.09320477502295654,-0.096877869605142,-0.09871441689623461,-0.09871441689623461,-0.096877869605142,-0.09320477502295654,-0.08769513314967825,-0.08034894398530712,-0.07116620752984337,-0.06014692378328701,-0.04729109274563781,-0.03259871441689577,-0.016069788797061113,0.0022956841138661588,0.02249770431588649,0.04453627180899966,0.06841138659320523,0.09412304866850363,0.12167125803489487,0.1510560146923785,0.18227731864095542,0.21533516988062473,0.2502295684113869,0.28696051423324187,0.32552800734618925,0.3659320477502299,0.408172635445363,0.45224977043158887,0.49816345270890805,0.5459136822773192,0.5955004591368231,0.6469237832874204,0.70018365472911,0.7552800734618921,0.8122130394857674,0.8709825528007351,0.9315886134067957,0.994031221303949,1.0583103764921948,1.124426078971534,1.192378328741965,1.2621671258034892,1.3337924701561068,1.4072543617998163,1.48255280073462,1.5596877869605148,1.6386593204775028,1.7194674012855842,1.8021120293847575,1.8865932047750236,1.9729109274563825,2.0610651974288343,2.1510560146923785],[2.068411386593205,1.9784205693296597,1.8902662993572088,1.8039485766758494,1.7194674012855833,1.6368227731864091,1.5560146923783282,1.4770431588613402,1.3999081726354454,1.3246097337006426,1.251147842056933,1.179522497704316,1.1097337006427912,1.0417814508723593,0.9756657483930207,0.9113865932047744,0.8489439853076215,0.7883379247015609,0.7295684113865932,0.6726354453627179,0.6175390266299354,0.5642791551882458,0.512855831037649,0.463269054178145,0.41551882460973344,0.3696051423324147,0.3255280073461888,0.28328741965105575,0.24288337924701553,0.2043158861340677,0.16758494031221272,0.13269054178145057,0.09963269054178125,0.06841138659320478,0.0390266299357207,0.011478420569329462,-0.014233241505968941,-0.038108356290174505,-0.060146923783287676,-0.08034894398530779,-0.09871441689623528,-0.11524334251606994,-0.12993572084481197,-0.14279155188246118,-0.15381083562901754,-0.1629935720844813,-0.17033976124885242,-0.1758494031221307,-0.17952249770431616,-0.18135904499540878,-0.18135904499540878,-0.17952249770431616,-0.1758494031221307,-0.17033976124885242,-0.1629935720844813,-0.15381083562901754,-0.14279155188246118,-0.12993572084481197,-0.11524334251606994,-0.09871441689623528,-0.08034894398530779,-0.060146923783287676,-0.038108356290174505,-0.014233241505968941,0.011478420569329462,0.0390266299357207,0.06841138659320478,0.09963269054178125,0.13269054178145057,0.16758494031221272,0.2043158861340677,0.24288337924701509,0.28328741965105575,0.3255280073461888,0.36960514233241426,0.4155188246097339,0.463269054178145,0.5128558310376494,0.5642791551882462,0.6175390266299354,0.6726354453627179,0.7295684113865932,0.7883379247015609,0.8489439853076215,0.9113865932047744,0.9756657483930207,1.0417814508723593,1.1097337006427912,1.1795224977043155,1.2511478420569322,1.3246097337006422,1.3999081726354454,1.477043158861341,1.5560146923783291,1.6368227731864096,1.7194674012855833,1.8039485766758494,1.8902662993572088,1.9784205693296597,2.068411386593205],[1.987603305785124,1.8976124885215793,1.809458218549128,1.723140495867769,1.6386593204775028,1.5560146923783282,1.4752066115702478,1.3962350780532597,1.3191000918273645,1.2438016528925617,1.1703397612488522,1.098714416896235,1.0289256198347103,0.9609733700642789,0.8948576675849402,0.830578512396694,0.7681359044995411,0.7075298438934801,0.6487603305785123,0.591827364554637,0.536730945821855,0.48347107438016534,0.43204775022956854,0.38246097337006413,0.33471074380165255,0.28879706152433426,0.24471992653810837,0.2024793388429753,0.16207529843893465,0.12350780532598726,0.08677685950413228,0.051882460973370126,0.01882460973370037,-0.012396694214876103,-0.04178145087235996,-0.0693296602387512,-0.0950413223140496,-0.11891643709825539,-0.14095500459136834,-0.16115702479338845,-0.17952249770431594,-0.1960514233241506,-0.21074380165289264,-0.22359963269054184,-0.2346189164370982,-0.24380165289256195,-0.2511478420569331,-0.25665748393021137,-0.2603305785123968,-0.26216712580348944,-0.26216712580348944,-0.2603305785123968,-0.25665748393021137,-0.2511478420569331,-0.24380165289256195,-0.2346189164370982,-0.22359963269054184,-0.21074380165289264,-0.1960514233241506,-0.17952249770431594,-0.16115702479338845,-0.14095500459136834,-0.11891643709825539,-0.0950413223140496,-0.0693296602387512,-0.04178145087235996,-0.012396694214876103,0.01882460973370037,0.051882460973370126,0.08677685950413228,0.12350780532598682,0.16207529843893465,0.20247933884297487,0.24471992653810792,0.2887970615243338,0.334710743801653,0.38246097337006457,0.43204775022956854,0.48347107438016534,0.536730945821855,0.5918273645546375,0.6487603305785123,0.7075298438934801,0.7681359044995411,0.830578512396694,0.8948576675849402,0.9609733700642789,1.0289256198347103,1.0987144168962346,1.1703397612488518,1.2438016528925617,1.319100091827365,1.3962350780532602,1.4752066115702482,1.5560146923783291,1.6386593204775028,1.723140495867769,1.809458218549128,1.8976124885215793,1.987603305785124],[1.9086317722681359,1.8186409550045912,1.7304866850321399,1.644168962350781,1.5596877869605148,1.4770431588613402,1.3962350780532597,1.3172635445362717,1.2401285583103765,1.1648301193755737,1.0913682277318641,1.019742883379247,0.9499540863177223,0.8820018365472908,0.8158861340679522,0.751606978879706,0.689164370982553,0.628558310376492,0.5697887970615243,0.512855831037649,0.45775941230486694,0.4044995408631773,0.3530762167125805,0.3034894398530761,0.2557392102846645,0.20982552800734622,0.16574839302112032,0.12350780532598726,0.0831037649219466,0.04453627180899922,0.007805325987144229,-0.027089072543618142,-0.060146923783287454,-0.09136822773186415,-0.120752984389348,-0.14830119375573925,-0.17401285583103765,-0.19788797061524344,-0.21992653810835638,-0.2401285583103765,-0.258494031221304,-0.27502295684113864,-0.2897153351698807,-0.3025711662075299,-0.31359044995408625,-0.32277318640955,-0.3301193755739211,-0.3356290174471994,-0.3393021120293849,-0.3411386593204775,-0.3411386593204775,-0.3393021120293849,-0.3356290174471994,-0.3301193755739211,-0.32277318640955,-0.31359044995408625,-0.3025711662075299,-0.2897153351698807,-0.27502295684113864,-0.258494031221304,-0.2401285583103765,-0.21992653810835638,-0.19788797061524344,-0.17401285583103765,-0.14830119375573925,-0.120752984389348,-0.09136822773186415,-0.060146923783287454,-0.027089072543618142,0.007805325987144229,0.04453627180899877,0.0831037649219466,0.12350780532598682,0.16574839302111988,0.20982552800734577,0.25573921028466495,0.3034894398530765,0.3530762167125805,0.4044995408631773,0.45775941230486694,0.5128558310376494,0.5697887970615243,0.628558310376492,0.689164370982553,0.751606978879706,0.8158861340679522,0.8820018365472908,0.9499540863177223,1.0197428833792466,1.0913682277318637,1.1648301193755737,1.240128558310377,1.3172635445362721,1.3962350780532602,1.477043158861341,1.5596877869605148,1.644168962350781,1.7304866850321399,1.8186409550045912,1.9086317722681359],[1.8314967860422406,1.741505968778696,1.6533516988062447,1.5670339761248853,1.4825528007346191,1.3999081726354454,1.3191000918273645,1.2401285583103765,1.1629935720844813,1.087695133149679,1.014233241505969,0.9426078971533522,0.8728191000918271,0.8048668503213956,0.7387511478420565,0.6744719926538107,0.6120293847566574,0.5514233241505968,0.4926538108356291,0.43572084481175377,0.3806244260789713,0.3273645546372821,0.2759412304866853,0.22635445362718087,0.17860422405876974,0.132690541781451,0.08861340679522511,0.04637281910009161,0.005968778696051391,-0.03259871441689621,-0.06932966023875098,-0.10422405876951335,-0.13728191000918266,-0.16850321395775936,-0.1978879706152432,-0.22543617998163445,-0.25114784205693286,-0.27502295684113864,-0.2970615243342516,-0.3172635445362717,-0.3356290174471992,-0.35215794306703385,-0.3668503213957759,-0.3797061524334251,-0.39072543617998146,-0.3999081726354452,-0.40725436179981633,-0.4127640036730946,-0.4164370982552801,-0.4182736455463727,-0.4182736455463727,-0.4164370982552801,-0.4127640036730946,-0.40725436179981633,-0.3999081726354452,-0.39072543617998146,-0.3797061524334251,-0.3668503213957759,-0.35215794306703385,-0.3356290174471992,-0.3172635445362717,-0.2970615243342516,-0.27502295684113864,-0.25114784205693286,-0.22543617998163445,-0.1978879706152432,-0.16850321395775936,-0.13728191000918266,-0.10422405876951335,-0.0693296602387512,-0.032598714416896435,0.005968778696051391,0.04637281910009161,0.08861340679522467,0.13269054178145057,0.17860422405876974,0.22635445362718132,0.2759412304866853,0.3273645546372821,0.38062442607897173,0.4357208448117542,0.4926538108356291,0.5514233241505968,0.6120293847566574,0.6744719926538107,0.7387511478420565,0.8048668503213956,0.8728191000918271,0.9426078971533514,1.0142332415059685,1.087695133149678,1.1629935720844817,1.240128558310377,1.319100091827365,1.3999081726354459,1.4825528007346191,1.5670339761248853,1.6533516988062447,1.741505968778696,1.8314967860422406],[1.7561983471074383,1.6662075298438932,1.5780532598714423,1.491735537190083,1.4072543617998168,1.3246097337006426,1.2438016528925617,1.1648301193755737,1.087695133149679,1.012396694214876,0.9389348025711666,0.8673094582185494,0.7975206611570247,0.7295684113865928,0.6634527089072542,0.5991735537190079,0.536730945821855,0.47612488521579444,0.4173553719008267,0.3604224058769514,0.3053259871441689,0.2520661157024793,0.20064279155188247,0.1510560146923785,0.10330578512396693,0.057392102846648196,0.0133149678604223,-0.02892561983471076,-0.0693296602387512,-0.1078971533516988,-0.14462809917355357,-0.17952249770431594,-0.21258034894398525,-0.24380165289256195,-0.2731864095500458,-0.30073461891643705,-0.32644628099173545,-0.350321395775941,-0.3723599632690542,-0.3925619834710743,-0.4109274563820018,-0.42745638200183644,-0.4421487603305785,-0.4550045913682277,-0.46602387511478405,-0.4752066115702478,-0.4825528007346189,-0.4880624426078972,-0.49173553719008267,-0.4935720844811753,-0.4935720844811753,-0.49173553719008267,-0.4880624426078972,-0.4825528007346189,-0.4752066115702478,-0.46602387511478405,-0.4550045913682277,-0.4421487603305785,-0.42745638200183644,-0.4109274563820018,-0.3925619834710743,-0.3723599632690542,-0.350321395775941,-0.32644628099173545,-0.30073461891643705,-0.2731864095500458,-0.24380165289256195,-0.21258034894398525,-0.17952249770431594,-0.1446280991735538,-0.1078971533516988,-0.06932966023875142,-0.02892561983471098,0.0133149678604223,0.05739210284664775,0.10330578512396738,0.1510560146923785,0.20064279155188292,0.2520661157024797,0.3053259871441689,0.3604224058769514,0.4173553719008267,0.47612488521579444,0.536730945821855,0.5991735537190079,0.6634527089072542,0.7295684113865928,0.7975206611570247,0.867309458218549,0.9389348025711657,1.0123966942148757,1.087695133149679,1.1648301193755746,1.2438016528925626,1.324609733700643,1.4072543617998168,1.491735537190083,1.5780532598714423,1.6662075298438932,1.7561983471074383],[1.6827364554637283,1.5927456382001837,1.5045913682277323,1.418273645546373,1.3337924701561068,1.251147842056933,1.1703397612488522,1.0913682277318641,1.014233241505969,0.9389348025711666,0.8654729109274566,0.7938475665748399,0.7240587695133147,0.6561065197428833,0.5899908172635442,0.5257116620752984,0.463269054178145,0.40266299357208446,0.34389348025711675,0.2869605142332414,0.23186409550045894,0.17860422405876974,0.12718089990817294,0.07759412304866853,0.0298438934802574,-0.016069788797061335,-0.06014692378328723,-0.10238751147842051,-0.14279155188246095,-0.18135904499540856,-0.21808999081726332,-0.2529843893480257,-0.286042240587695,-0.3172635445362717,-0.34664830119375556,-0.3741965105601468,-0.3999081726354452,-0.423783287419651,-0.44582185491276394,-0.46602387511478405,-0.48438934802571154,-0.5009182736455462,-0.5156106519742882,-0.5284664830119374,-0.5394857667584938,-0.5486685032139575,-0.5560146923783287,-0.561524334251607,-0.5651974288337924,-0.567033976124885,-0.567033976124885,-0.5651974288337924,-0.561524334251607,-0.5560146923783287,-0.5486685032139575,-0.5394857667584938,-0.5284664830119374,-0.5156106519742882,-0.5009182736455462,-0.48438934802571154,-0.46602387511478405,-0.44582185491276394,-0.423783287419651,-0.3999081726354452,-0.3741965105601468,-0.34664830119375556,-0.3172635445362717,-0.286042240587695,-0.2529843893480257,-0.21808999081726355,-0.18135904499540878,-0.14279155188246095,-0.10238751147842073,-0.060146923783287676,-0.01606978879706178,0.0298438934802574,0.07759412304866897,0.12718089990817294,0.17860422405876974,0.2318640955004594,0.28696051423324187,0.34389348025711675,0.40266299357208446,0.463269054178145,0.5257116620752984,0.5899908172635442,0.6561065197428833,0.7240587695133147,0.793847566574839,0.8654729109274562,0.9389348025711657,1.0142332415059694,1.0913682277318646,1.1703397612488526,1.2511478420569335,1.3337924701561068,1.418273645546373,1.5045913682277323,1.5927456382001837,1.6827364554637283],[1.6111111111111116,1.5211202938475665,1.4329660238751156,1.3466483011937562,1.26216712580349,1.179522497704316,1.098714416896235,1.019742883379247,0.9426078971533522,0.8673094582185494,0.7938475665748399,0.7222222222222228,0.652433425160698,0.5844811753902661,0.5183654729109275,0.45408631772268127,0.3916437098255283,0.33103764921946777,0.27226813590450005,0.21533516988062473,0.16023875114784225,0.10697887970615261,0.0555555555555558,0.005968778696051835,-0.04178145087235974,-0.08769513314967847,-0.13177226813590415,-0.17401285583103743,-0.21441689623507787,-0.2529843893480255,-0.28971533516988024,-0.3246097337006426,-0.3576675849403119,-0.3888888888888886,-0.4182736455463725,-0.4458218549127637,-0.4715335169880621,-0.4954086317722677,-0.5174471992653809,-0.537649219467401,-0.5560146923783285,-0.5725436179981631,-0.5872359963269052,-0.6000918273645544,-0.6111111111111107,-0.6202938475665745,-0.6276400367309456,-0.6331496786042239,-0.6368227731864093,-0.638659320477502,-0.638659320477502,-0.6368227731864093,-0.6331496786042239,-0.6276400367309456,-0.6202938475665745,-0.6111111111111107,-0.6000918273645544,-0.5872359963269052,-0.5725436179981631,-0.5560146923783285,-0.537649219467401,-0.5174471992653809,-0.4954086317722677,-0.4715335169880621,-0.4458218549127637,-0.4182736455463725,-0.3888888888888886,-0.3576675849403119,-0.3246097337006426,-0.28971533516988046,-0.2529843893480255,-0.2144168962350781,-0.17401285583103765,-0.13177226813590437,-0.0876951331496787,-0.041781450872359294,0.005968778696051835,0.055555555555556246,0.10697887970615305,0.16023875114784225,0.21533516988062473,0.27226813590450005,0.33103764921946777,0.3916437098255283,0.45408631772268127,0.5183654729109275,0.5844811753902661,0.652433425160698,0.7222222222222223,0.793847566574839,0.867309458218549,0.9426078971533522,1.019742883379248,1.098714416896236,1.1795224977043164,1.26216712580349,1.3466483011937562,1.4329660238751156,1.5211202938475665,1.6111111111111116],[1.5413223140495864,1.4513314967860418,1.3631772268135904,1.276859504132231,1.192378328741965,1.1097337006427912,1.0289256198347103,0.9499540863177223,0.8728191000918271,0.7975206611570247,0.7240587695133147,0.652433425160698,0.5826446280991728,0.5146923783287414,0.4485766758494023,0.3842975206611565,0.32185491276400313,0.2612488521579426,0.20247933884297487,0.14554637281909955,0.09044995408631706,0.037190082644627864,-0.014233241505968941,-0.06382001836547335,-0.1115702479338847,-0.15748393021120322,-0.2015610651974291,-0.2438016528925624,-0.28420569329660283,-0.32277318640955044,-0.3595041322314052,-0.3943985307621676,-0.4274563820018369,-0.4586776859504136,-0.48806244260789744,-0.5156106519742887,-0.5413223140495871,-0.5651974288337929,-0.5872359963269058,-0.6074380165289259,-0.6258034894398534,-0.6423324150596881,-0.6570247933884301,-0.6698806244260793,-0.6808999081726357,-0.6900826446280994,-0.6974288337924706,-0.7029384756657489,-0.7066115702479343,-0.7084481175390269,-0.7084481175390269,-0.7066115702479343,-0.7029384756657489,-0.6974288337924706,-0.6900826446280994,-0.6808999081726357,-0.6698806244260793,-0.6570247933884301,-0.6423324150596881,-0.6258034894398534,-0.6074380165289259,-0.5872359963269058,-0.5651974288337929,-0.5413223140495871,-0.5156106519742887,-0.48806244260789744,-0.4586776859504136,-0.4274563820018369,-0.3943985307621676,-0.3595041322314054,-0.32277318640955066,-0.28420569329660283,-0.24380165289256261,-0.20156106519742956,-0.15748393021120366,-0.11157024793388448,-0.06382001836547291,-0.014233241505968941,0.037190082644627864,0.09044995408631751,0.1455463728191,0.20247933884297487,0.2612488521579426,0.32185491276400313,0.3842975206611565,0.4485766758494023,0.5146923783287414,0.5826446280991728,0.6524334251606971,0.7240587695133143,0.7975206611570238,0.8728191000918275,0.9499540863177227,1.0289256198347108,1.1097337006427916,1.192378328741965,1.276859504132231,1.3631772268135904,1.4513314967860418,1.5413223140495864],[1.473370064279155,1.3833792470156103,1.295224977043159,1.2089072543618,1.124426078971534,1.0417814508723593,0.9609733700642789,0.8820018365472908,0.8048668503213956,0.7295684113865928,0.6561065197428833,0.5844811753902661,0.5146923783287414,0.4467401285583099,0.3806244260789713,0.31634527089072506,0.2539026629935721,0.19329660238751112,0.1345270890725434,0.07759412304866808,0.022497704315886047,-0.030762167125803597,-0.0821854912764004,-0.1317722681359048,-0.17952249770431616,-0.22543617998163468,-0.2695133149678606,-0.31175390266299385,-0.3521579430670343,-0.3907254361799819,-0.42745638200183667,-0.46235078053259904,-0.49540863177226835,-0.526629935720845,-0.5560146923783289,-0.5835629017447201,-0.6092745638200185,-0.6331496786042243,-0.6551882460973373,-0.6753902662993574,-0.6937557392102849,-0.7102846648301195,-0.7249770431588616,-0.7378328741965108,-0.7488521579430671,-0.7580348943985309,-0.765381083562902,-0.7708907254361803,-0.7745638200183658,-0.7764003673094584,-0.7764003673094584,-0.7745638200183658,-0.7708907254361803,-0.765381083562902,-0.7580348943985309,-0.7488521579430671,-0.7378328741965108,-0.7249770431588616,-0.7102846648301195,-0.6937557392102849,-0.6753902662993574,-0.6551882460973373,-0.6331496786042243,-0.6092745638200185,-0.5835629017447201,-0.5560146923783289,-0.526629935720845,-0.49540863177226835,-0.46235078053259904,-0.4274563820018369,-0.3907254361799821,-0.3521579430670343,-0.3117539026629941,-0.269513314967861,-0.22543617998163512,-0.17952249770431594,-0.13177226813590437,-0.0821854912764004,-0.030762167125803597,0.022497704315886047,0.07759412304866853,0.1345270890725434,0.19329660238751112,0.2539026629935721,0.31634527089072506,0.3806244260789713,0.4467401285583099,0.5146923783287414,0.5844811753902657,0.6561065197428828,0.7295684113865928,0.804866850321396,0.8820018365472913,0.9609733700642793,1.0417814508723602,1.124426078971534,1.2089072543618,1.295224977043159,1.3833792470156103,1.473370064279155],[1.407254361799816,1.3172635445362717,1.22910927456382,1.142791551882461,1.0583103764921948,0.9756657483930207,0.8948576675849402,0.8158861340679522,0.7387511478420565,0.6634527089072542,0.5899908172635442,0.5183654729109275,0.4485766758494023,0.3806244260789713,0.3145087235996322,0.25022956841138644,0.18778696051423305,0.1271808999081725,0.06841138659320478,0.011478420569329462,-0.04361799816345302,-0.09687786960514266,-0.14830119375573947,-0.19788797061524366,-0.245638200183655,-0.29155188246097374,-0.3356290174471994,-0.3778696051423327,-0.41827364554637314,-0.45684113865932074,-0.4935720844811755,-0.5284664830119379,-0.5615243342516072,-0.5927456382001839,-0.6221303948576677,-0.649678604224059,-0.6753902662993574,-0.699265381083563,-0.7213039485766761,-0.7415059687786962,-0.7598714416896237,-0.7764003673094584,-0.7910927456382004,-0.8039485766758496,-0.814967860422406,-0.8241505968778697,-0.8314967860422409,-0.8370064279155192,-0.8406795224977046,-0.8425160697887972,-0.8425160697887972,-0.8406795224977046,-0.8370064279155192,-0.8314967860422409,-0.8241505968778697,-0.814967860422406,-0.8039485766758496,-0.7910927456382004,-0.7764003673094584,-0.7598714416896237,-0.7415059687786962,-0.7213039485766761,-0.699265381083563,-0.6753902662993574,-0.649678604224059,-0.6221303948576677,-0.5927456382001839,-0.5615243342516072,-0.5284664830119379,-0.49357208448117573,-0.45684113865932074,-0.41827364554637336,-0.3778696051423329,-0.33562901744719964,-0.29155188246097397,-0.24563820018365456,-0.19788797061524344,-0.14830119375573925,-0.09687786960514222,-0.0436179981634528,0.011478420569329462,0.06841138659320478,0.1271808999081725,0.18778696051423305,0.25022956841138644,0.3145087235996322,0.3806244260789713,0.4485766758494023,0.5183654729109266,0.5899908172635442,0.6634527089072537,0.7387511478420574,0.8158861340679522,0.8948576675849402,0.9756657483930216,1.0583103764921948,1.142791551882461,1.22910927456382,1.3172635445362717,1.407254361799816],[1.34297520661157,1.2529843893480255,1.1648301193755741,1.0785123966942152,0.994031221303949,0.9113865932047744,0.830578512396694,0.751606978879706,0.6744719926538107,0.5991735537190079,0.5257116620752984,0.45408631772268127,0.3842975206611565,0.31634527089072506,0.25022956841138644,0.1859504132231402,0.12350780532598726,0.06290174471992627,0.004132231404958553,-0.05280073461891677,-0.10789715335169903,-0.16115702479338845,-0.21258034894398525,-0.26216712580348966,-0.309917355371901,-0.35583103764921953,-0.3999081726354454,-0.4421487603305787,-0.48255280073461915,-0.5211202938475668,-0.5578512396694215,-0.5927456382001839,-0.6258034894398532,-0.6570247933884299,-0.6864095500459138,-0.713957759412305,-0.7396694214876034,-0.7635445362718092,-0.7855831037649221,-0.8057851239669422,-0.8241505968778697,-0.8406795224977044,-0.8553719008264464,-0.8682277318640956,-0.879247015610652,-0.8884297520661157,-0.8957759412304869,-0.9012855831037652,-0.9049586776859506,-0.9067952249770432,-0.9067952249770432,-0.9049586776859506,-0.9012855831037652,-0.8957759412304869,-0.8884297520661157,-0.879247015610652,-0.8682277318640956,-0.8553719008264464,-0.8406795224977044,-0.8241505968778697,-0.8057851239669422,-0.7855831037649221,-0.7635445362718092,-0.7396694214876034,-0.713957759412305,-0.6864095500459138,-0.6570247933884299,-0.6258034894398532,-0.5927456382001839,-0.5578512396694217,-0.521120293847567,-0.48255280073461915,-0.4421487603305789,-0.39990817263544587,-0.35583103764922,-0.3099173553719008,-0.2621671258034892,-0.21258034894398525,-0.16115702479338845,-0.1078971533516988,-0.05280073461891632,0.004132231404958553,0.06290174471992627,0.12350780532598726,0.1859504132231402,0.25022956841138644,0.31634527089072506,0.3842975206611565,0.4540863177226808,0.525711662075298,0.5991735537190079,0.6744719926538112,0.7516069788797064,0.8305785123966944,0.9113865932047753,0.994031221303949,1.0785123966942152,1.1648301193755741,1.2529843893480255,1.34297520661157],[1.2805325987144167,1.1905417814508725,1.1023875114784207,1.0160697887970618,0.9315886134067957,0.8489439853076215,0.7681359044995411,0.689164370982553,0.6120293847566574,0.536730945821855,0.463269054178145,0.3916437098255283,0.32185491276400313,0.2539026629935721,0.18778696051423305,0.12350780532598726,0.06106519742883387,0.0004591368227733206,-0.05831037649219439,-0.11524334251606971,-0.1703397612488522,-0.22359963269054184,-0.27502295684113864,-0.32460973370064283,-0.3723599632690542,-0.4182736455463729,-0.4623507805325986,-0.5045913682277319,-0.5449954086317723,-0.5835629017447199,-0.6202938475665747,-0.6551882460973371,-0.6882460973370064,-0.7194674012855831,-0.7488521579430669,-0.7764003673094582,-0.8021120293847566,-0.8259871441689621,-0.8480257116620753,-0.8682277318640954,-0.8865932047750229,-0.9031221303948576,-0.9178145087235996,-0.9306703397612488,-0.9416896235078052,-0.9508723599632689,-0.95821854912764,-0.9637281910009183,-0.9674012855831038,-0.9692378328741964,-0.9692378328741964,-0.9674012855831038,-0.9637281910009183,-0.95821854912764,-0.9508723599632689,-0.9416896235078052,-0.9306703397612488,-0.9178145087235996,-0.9031221303948576,-0.8865932047750229,-0.8682277318640954,-0.8480257116620753,-0.8259871441689621,-0.8021120293847566,-0.7764003673094582,-0.7488521579430669,-0.7194674012855831,-0.6882460973370064,-0.6551882460973371,-0.6202938475665749,-0.5835629017447199,-0.5449954086317725,-0.5045913682277321,-0.4623507805325988,-0.41827364554637314,-0.37235996326905374,-0.3246097337006426,-0.2750229568411384,-0.2235996326905414,-0.17033976124885197,-0.11524334251606971,-0.05831037649219439,0.0004591368227733206,0.06106519742883387,0.12350780532598726,0.18778696051423305,0.2539026629935721,0.32185491276400313,0.39164370982552743,0.463269054178145,0.5367309458218545,0.6120293847566582,0.689164370982553,0.7681359044995411,0.8489439853076224,0.9315886134067957,1.0160697887970618,1.1023875114784207,1.1905417814508725,1.2805325987144167],[1.2199265381083562,1.1299357208448115,1.0417814508723602,0.9554637281910012,0.8709825528007351,0.7883379247015609,0.7075298438934801,0.628558310376492,0.5514233241505968,0.47612488521579444,0.40266299357208446,0.33103764921946777,0.2612488521579426,0.19329660238751112,0.1271808999081725,0.06290174471992627,0.0004591368227733206,-0.060146923783287454,-0.11891643709825517,-0.1758494031221305,-0.23094582185491275,-0.2842056932966024,-0.3356290174471992,-0.3852157943067036,-0.43296602387511474,-0.47887970615243347,-0.5229568411386594,-0.5651974288337924,-0.6056014692378329,-0.6441689623507805,-0.6808999081726355,-0.7157943067033976,-0.7488521579430671,-0.7800734618916438,-0.8094582185491277,-0.8370064279155187,-0.8627180899908171,-0.8865932047750229,-0.9086317722681361,-0.9288337924701562,-0.9471992653810837,-0.9637281910009183,-0.9784205693296602,-0.9912764003673094,-1.002295684113866,-1.0114784205693297,-1.0188246097337008,-1.0243342516069789,-1.0280073461891643,-1.0298438934802572,-1.0298438934802572,-1.0280073461891643,-1.0243342516069789,-1.0188246097337008,-1.0114784205693297,-1.002295684113866,-0.9912764003673094,-0.9784205693296602,-0.9637281910009183,-0.9471992653810837,-0.9288337924701562,-0.9086317722681361,-0.8865932047750229,-0.8627180899908171,-0.8370064279155187,-0.8094582185491277,-0.7800734618916438,-0.7488521579430671,-0.7157943067033976,-0.6808999081726355,-0.6441689623507807,-0.6056014692378331,-0.5651974288337926,-0.5229568411386596,-0.4788797061524339,-0.4329660238751145,-0.38521579430670316,-0.3356290174471992,-0.28420569329660217,-0.23094582185491275,-0.17584940312213027,-0.11891643709825517,-0.060146923783287454,0.0004591368227733206,0.06290174471992627,0.1271808999081725,0.19329660238751112,0.2612488521579426,0.3310376492194669,0.402662993572084,0.476124885215794,0.5514233241505972,0.6285583103764925,0.7075298438934805,0.7883379247015614,0.8709825528007351,0.9554637281910012,1.0417814508723602,1.1299357208448115,1.2199265381083562],[1.1611570247933884,1.0711662075298438,0.9830119375573925,0.8966942148760335,0.8122130394857674,0.7295684113865932,0.6487603305785123,0.5697887970615243,0.4926538108356291,0.4173553719008267,0.34389348025711675,0.27226813590450005,0.20247933884297487,0.1345270890725434,0.06841138659320478,0.004132231404958553,-0.05831037649219439,-0.11891643709825517,-0.17768595041322288,-0.2346189164370982,-0.28971533516988046,-0.3429752066115701,-0.3943985307621669,-0.4439853076216713,-0.49173553719008245,-0.5376492194674012,-0.5817263544536271,-0.6239669421487601,-0.6643709825528006,-0.7029384756657482,-0.7396694214876032,-0.7745638200183653,-0.8076216712580349,-0.8388429752066116,-0.8682277318640954,-0.8957759412304864,-0.9214876033057848,-0.9453627180899906,-0.9674012855831038,-0.9876033057851239,-1.0059687786960514,-1.022497704315886,-1.0371900826446279,-1.0500459136822773,-1.0610651974288337,-1.0702479338842974,-1.0775941230486685,-1.0831037649219466,-1.0867768