{"data":[{"type":"contour","x":[-100.0,-97.97979797979798,-95.95959595959596,-93.93939393939394,-91.91919191919192,-89.8989898989899,-87.87878787878788,-85.85858585858585,-83.83838383838383,-81.81818181818181,-79.79797979797979,-77.77777777777777,-75.75757575757575,-73.73737373737373,-71.71717171717171,-69.69696969696969,-67.67676767676767,-65.65656565656565,-63.63636363636363,-61.61616161616162,-59.5959595959596,-57.57575757575758,-55.55555555555556,-53.535353535353536,-51.515151515151516,-49.494949494949495,-47.474747474747474,-45.45454545454545,-43.43434343434343,-41.41414141414141,-39.39393939393939,-37.37373737373738,-35.35353535353535,-33.33333333333333,-31.313131313131308,-29.292929292929287,-27.272727272727266,-25.252525252525245,-23.23232323232324,-21.212121212121218,-19.191919191919197,-17.171717171717177,-15.151515151515156,-13.131313131313135,-11.111111111111114,-9.090909090909093,-7.070707070707073,-5.050505050505052,-3.030303030303031,-1.0101010101010104,1.0101010101010104,3.030303030303031,5.050505050505052,7.070707070707073,9.090909090909093,11.111111111111114,13.131313131313135,15.151515151515156,17.171717171717177,19.191919191919197,21.212121212121218,23.23232323232324,25.252525252525245,27.272727272727266,29.2929292929293,31.313131313131322,33.33333333333334,35.353535353535364,37.373737373737384,39.393939393939405,41.414141414141426,43.43434343434345,45.45454545454547,47.47474747474749,49.49494949494951,51.5151515151515,53.53535353535352,55.55555555555554,57.575757575757564,59.595959595959584,61.616161616161605,63.636363636363626,65.65656565656565,67.67676767676767,69.69696969696969,71.71717171717171,73.73737373737373,75.75757575757575,77.77777777777777,79.79797979797979,81.81818181818181,83.83838383838383,85.85858585858585,87.87878787878788,89.8989898989899,91.91919191919192,93.93939393939394,95.95959595959596,97.97979797979798,100.0],"y":[-100.0,-97.97979797979798,-95.95959595959596,-93.93939393939394,-91.91919191919192,-89.8989898989899,-87.87878787878788,-85.85858585858585,-83.83838383838383,-81.81818181818181,-79.79797979797979,-77.77777777777777,-75.75757575757575,-73.73737373737373,-71.71717171717171,-69.69696969696969,-67.67676767676767,-65.65656565656565,-63.63636363636363,-61.61616161616162,-59.5959595959596,-57.57575757575758,-55.55555555555556,-53.535353535353536,-51.515151515151516,-49.494949494949495,-47.474747474747474,-45.45454545454545,-43.43434343434343,-41.41414141414141,-39.39393939393939,-37.37373737373738,-35.35353535353535,-33.33333333333333,-31.313131313131308,-29.292929292929287,-27.272727272727266,-25.252525252525245,-23.23232323232324,-21.212121212121218,-19.191919191919197,-17.171717171717177,-15.151515151515156,-13.131313131313135,-11.111111111111114,-9.090909090909093,-7.070707070707073,-5.050505050505052,-3.030303030303031,-1.0101010101010104,1.0101010101010104,3.030303030303031,5.050505050505052,7.070707070707073,9.090909090909093,11.111111111111114,13.131313131313135,15.151515151515156,17.171717171717177,19.191919191919197,21.212121212121218,23.23232323232324,25.252525252525245,27.272727272727266,29.2929292929293,31.313131313131322,33.33333333333334,35.353535353535364,37.373737373737384,39.393939393939405,41.414141414141426,43.43434343434345,45.45454545454547,47.47474747474749,49.49494949494951,51.5151515151515,53.53535353535352,55.55555555555554,57.575757575757564,59.595959595959584,61.616161616161605,63.636363636363626,65.65656565656565,67.67676767676767,69.69696969696969,71.71717171717171,73.73737373737373,75.75757575757575,77.77777777777777,79.79797979797979,81.81818181818181,83.83838383838383,85.85858585858585,87.87878787878788,89.8989898989899,91.91919191919192,93.93939393939394,95.95959595959596,97.97979797979798,100.0],"z":[[16.022515696707075,14.000014995129776,15.690642498460258,14.42807312128487,14.114256504836868,15.427579648754916,13.61252054576732,13.860820250488189,15.048924890317501,13.648229254875186,12.872472015840497,14.059073762723914,14.507644659322237,13.402853837170586,12.37224637440354,12.410612820046882,13.085692211495779,13.657816629811768,13.834243130191657,13.712427186880777,13.49109252739304,13.311568523710598,13.2331608244417,13.243742051348171,13.246596767859513,13.038807983283103,12.395906591163788,11.41797828471079,10.915269835171836,11.73866943036546,12.739832249235178,11.639278378135964,10.689828061405525,12.382737177066698,11.242666382895395,11.123711708581968,11.941205640413553,10.672522635189361,11.784852648303367,11.066172292877669,10.728532793345884,12.120363291367854,10.483164612277053,10.455849699314602,11.810025589366118,11.893459863073566,11.02284781327306,10.316637894009759,10.04589525562119,10.001023791782188,10.001023791782188,10.04589525562119,10.316637894009759,11.02284781327306,11.893459863073566,11.810025589366118,10.455849699314602,10.483164612277053,12.120363291367854,10.728532793345884,11.066172292877669,11.784852648303367,10.672522635189361,11.941205640413553,11.123711708581968,11.242666382895395,12.382737177066698,10.689828061405525,11.639278378135852,12.739832249235178,11.738669430365574,10.915269835171836,11.41797828471079,12.395906591163683,13.038807983283103,13.246596767859513,13.24374205134812,13.2331608244417,13.311568523710596,13.49109252739298,13.712427186880745,13.834243130191657,13.657816629811768,13.085692211495779,12.410612820046882,12.37224637440354,13.402853837170586,14.507644659322237,14.059073762723914,12.872472015840497,13.648229254875186,15.048924890317501,13.860820250488189,13.61252054576732,15.427579648754916,14.114256504836868,14.42807312128487,15.690642498460258,14.000014995129776,16.022515696707075],[14.000014995129776,15.775782263826455,14.093020551062782,14.652625959738021,15.008348186909227,13.31147377440327,14.908305401427132,14.187852833080656,12.93832559192639,14.357980465781086,14.29102860622487,12.692179756315731,12.788627249669252,13.963372231832226,14.02564011812262,12.962555249075988,12.033528121984583,11.855331360585843,12.192510104750381,12.614261472212139,12.88849219004447,12.981195560720609,12.928543792397242,12.744892538355508,12.395906591163788,11.842231338251684,11.177868325822162,10.802965069204351,11.26623315511249,12.334530943092366,12.359320978491517,10.821483093809242,10.89602881914062,12.348914075421337,10.640011780722016,11.320182413737115,11.451373840661669,10.701919607870547,11.399605522824166,11.02284781327306,10.439212564594131,11.933124733420431,10.298486476651751,10.26863536086711,11.640042503657043,11.651428253682608,10.726819902945813,10.039991439721648,9.816648218326456,9.802935801518863,9.802935801518863,9.816648218326456,10.039991439721648,10.726819902945813,11.651428253682608,11.640042503657043,10.26863536086711,10.298486476651751,11.933124733420431,10.439212564594131,11.02284781327306,11.399605522824166,10.701919607870547,11.451373840661669,11.320182413737115,10.640011780722016,12.348914075421337,10.896028819140717,10.821483093809158,12.359320978491517,12.334530943092366,11.26623315511249,10.802965069204351,11.177868325822162,11.842231338251684,12.395906591163788,12.7448925383556,12.928543792397242,12.981195560720609,12.88849219004447,12.614261472212252,12.192510104750381,11.855331360585843,12.033528121984583,12.962555249075988,14.02564011812262,13.963372231832226,12.788627249669252,12.692179756315731,14.29102860622487,14.357980465781086,12.93832559192639,14.187852833080656,14.908305401427132,13.31147377440327,15.008348186909227,14.652625959738021,14.093020551062782,15.775782263826455,14.000014995129776],[15.690642498460258,14.093020551062782,14.835445225162324,14.65574290698206,13.55450346705286,15.147819037773338,13.278161880065284,13.793975919538841,14.633367883401396,12.820155591873926,13.149372843585253,14.34283924624383,13.287402846514704,12.108485517682373,12.681872813890793,13.669748874885306,13.63044946836278,12.760929091259971,11.889779568055264,11.433078366637268,11.327670818256067,11.356091553593874,11.353573245337907,11.246475005859153,11.036828975963259,10.812445188310917,10.779089971386453,11.196785159603827,12.024764653873358,12.447085562043792,11.492014991178493,10.305363356201386,11.320182413737115,12.021627040561738,10.16562682706861,11.520634154882496,10.913577232526892,10.776669902917511,10.986769529309283,10.991069357509483,10.148716064853673,11.743282161610814,10.118973854918316,10.07802192820767,11.466389034819326,11.40645094493535,10.43300745217953,9.773130659210958,9.601832867646952,9.620695033052343,9.620695033052343,9.601832867646952,9.773130659210958,10.43300745217953,11.40645094493535,11.466389034819326,10.07802192820767,10.118973854918316,11.743282161610814,10.148716064853673,10.991069357509483,10.986769529309283,10.776669902917511,10.913577232526892,11.520634154882595,10.16562682706861,12.021627040561738,11.320182413737115,10.305363356201372,11.492014991178381,12.447085562043792,12.024764653873458,11.196785159603827,10.779089971386497,10.8124451883109,11.036828975963259,11.246475005859228,11.353573245337984,11.356091553593934,11.327670818256093,11.433078366637238,11.889779568055264,12.760929091259971,13.63044946836278,13.669748874885306,12.681872813890793,12.108485517682373,13.287402846514704,14.34283924624383,13.149372843585253,12.820155591873926,14.633367883401396,13.793975919538841,13.278161880065284,15.147819037773338,13.55450346705286,14.65574290698206,14.835445225162324,14.093020551062782,15.690642498460258],[14.42807312128487,14.652625959738021,14.65574290698206,13.69539767345941,15.046797074456773,13.01455249474945,14.51891178888861,13.818767317450792,12.74465172082227,14.349674553283894,13.37068383596168,12.228930707704931,13.490128356607546,13.826987719731552,12.428019212162024,11.713378820182292,12.39727772678078,13.232496164673458,13.321701247130719,12.790962399523083,12.11712888832639,11.590782387448957,11.265097406604367,11.097623684070623,11.063770860160007,11.196785159603827,11.55225383931942,12.066673354982052,12.348914075421337,11.784852648303367,10.524871878888586,10.304674428203022,11.729557459332225,11.404437854801458,9.910622181021798,11.651428253682608,10.365981497215484,10.879853758526428,10.55427620147792,10.96645222429925,9.859796537960014,11.54927279269725,9.945208584114413,9.883678827922928,11.289246140560723,11.15922953280159,10.142244951343491,9.516677300180993,9.401546432316735,9.453975915265378,9.453975915265378,9.401546432316735,9.516677300180993,10.142244951343491,11.15922953280159,11.289246140560723,9.883678827922928,9.945208584114413,11.54927279269725,9.859796537960014,10.96645222429925,10.55427620147792,10.879853758526428,10.365981497215484,11.651428253682608,9.910622181021798,11.404437854801458,11.729557459332309,10.304674428203022,10.524871878888503,11.784852648303367,12.348914075421337,12.066673354982052,11.552253839319533,11.196785159603829,11.063770860159918,11.097623684070541,11.265097406604367,11.590782387448852,12.117128888326388,12.790962399522988,13.321701247130692,13.232496164673458,12.39727772678078,11.713378820182292,12.428019212162024,13.826987719731552,13.490128356607546,12.228930707704931,13.37068383596168,14.349674553283894,12.74465172082227,13.818767317450792,14.51891178888861,13.01455249474945,15.046797074456773,13.69539767345941,14.65574290698206,14.652625959738021,14.42807312128487],[14.114256504836868,15.008348186909227,13.55450346705286,15.046797074456773,13.000204895904362,14.754462899643952,13.226679261278155,13.385161735343178,14.287610426000724,12.37224637440354,13.331948432516997,13.884642905938826,12.16076236179158,12.246572388697299,13.513493052207393,13.14905233017316,11.80607716072222,11.327670818256093,11.884558004680637,12.60056523373041,12.909244748331766,12.818560647078549,12.562880130415078,12.334530943092366,12.224025744704477,12.240358560912588,12.306262316694152,12.216572338272446,11.677946156716263,10.66742920748618,10.001023791782188,10.776669902917511,11.84302087430123,10.611757945825499,9.925847560290249,11.633974544200992,9.85979653796009,10.985660877746785,10.114614695764121,10.942532785566215,9.576084406802686,11.34919949761382,9.777873338275704,9.685294708361486,11.108809875290337,10.91046671706297,9.855282910485684,9.271091381239655,9.215666488392511,9.302205463375,9.302205463375,9.215666488392511,9.271091381239655,9.855282910485684,10.91046671706297,11.108809875290337,9.685294708361486,9.777873338275704,11.34919949761382,9.576084406802686,10.942532785566215,10.114614695764121,10.985660877746785,9.85979653796009,11.633974544200992,9.925847560290249,10.611757945825499,11.84302087430123,10.776669902917625,10.001023791782188,10.66742920748618,11.677946156716263,12.216572338272416,12.306262316694152,12.240358560912657,12.224025744704477,12.334530943092366,12.562880130415078,12.818560647078549,12.909244748331798,12.600565233730505,11.884558004680637,11.327670818256093,11.80607716072222,13.14905233017316,13.513493052207393,12.246572388697299,12.16076236179158,13.884642905938826,13.331948432516997,12.37224637440354,14.287610426000724,13.385161735343178,13.226679261278155,14.754462899643952,13.000204895904362,15.046797074456773,13.55450346705286,15.008348186909227,14.114256504836868],[15.427579648754916,13.31147377440327,15.147819037773338,13.01455249474945,14.754462899643952,13.058810163551563,13.783677069037044,13.812210758935315,12.399849928187553,14.092776154390126,12.74927214380584,12.181389923014796,13.679173132860766,12.760929091259971,11.500090979028846,12.363219179828224,13.239801602749793,12.569969559495295,11.390026708485598,10.901648620331297,11.15459226451053,11.639278378135964,11.994156128749351,12.138380285189696,12.119942356201703,11.976180577238157,11.677946156716263,11.155262523462921,10.439212564594223,9.906169547385497,10.234853246491268,11.364630529438845,11.466389034819326,9.85979653796009,10.188748261073288,11.404071945208544,9.453975915265413,11.05971933765105,9.685294708361486,10.91046671706297,9.302205463375,11.140802591729074,9.617751570888336,9.482582435381417,10.92528227307224,10.660859932235827,9.572779722668907,9.036668178785375,9.04385527166159,9.164572779599611,9.164572779599611,9.04385527166159,9.036668178785375,9.572779722668907,10.660859932235827,10.92528227307224,9.482582435381417,9.617751570888336,11.140802591729074,9.302205463375,10.91046671706297,9.685294708361486,11.05971933765105,9.453975915265413,11.404071945208544,10.188748261073288,9.85979653796009,11.466389034819326,11.364630529438934,10.23485324649136,9.906169547385483,10.439212564594131,11.155262523462921,11.677946156716263,11.976180577238079,12.119942356201701,12.138380285189779,11.99415612874935,11.639278378135964,11.154592264510617,10.901648620331306,11.390026708485598,12.569969559495295,13.239801602749793,12.363219179828224,11.500090979028846,12.760929091259971,13.679173132860766,12.181389923014796,12.74927214380584,14.092776154390126,12.399849928187553,13.812210758935315,13.783677069037044,13.058810163551563,14.754462899643952,13.01455249474945,15.147819037773338,13.31147377440327,15.427579648754916],[13.61252054576732,14.908305401427132,13.278161880065284,14.51891178888861,13.226679261278155,13.783677069037044,13.611451555581834,12.652472021278047,14.107597985814634,12.10323106990098,13.161417588739992,13.345555947570034,11.61523941439792,12.680420636148256,13.24374205134812,11.691868190147632,11.221298824786395,12.295678784247308,12.850008219680555,12.201745382172492,11.196785159603827,10.576748267432995,10.418326169480423,10.475685519613227,10.524871878888586,10.455849699314689,10.248222210155776,9.967925303226282,9.816648218326456,10.118973854918224,10.96645222429925,11.54927279269725,10.637688088903984,9.401546432316735,10.583303703850495,10.936826603421652,9.204941293938106,11.061427204866462,9.288720112294792,10.858880772190941,9.04385527166159,10.921447842497413,9.465720066510205,9.275287036103581,10.738861091768612,10.411096006136619,9.295295163941578,8.813537866795393,8.885567431164006,9.040042373177638,9.040042373177638,8.885567431164006,8.813537866795393,9.295295163941578,10.411096006136619,10.738861091768612,9.275287036103581,9.465720066510205,10.921447842497413,9.04385527166159,10.858880772190941,9.288720112294792,11.061427204866462,9.204941293938106,10.936826603421654,10.583303703850495,9.401546432316735,10.637688088903984,11.54927279269725,10.96645222429925,10.118973854918316,9.816648218326478,9.96792530322624,10.248222210155776,10.455849699314602,10.524871878888586,10.475685519613227,10.418326169480444,10.576748267432995,11.196785159603722,12.201745382172492,12.850008219680555,12.295678784247308,11.221298824786395,11.691868190147632,13.24374205134812,12.680420636148256,11.61523941439792,13.345555947570034,13.161417588739992,12.10323106990098,14.107597985814634,12.652472021278047,13.611451555581834,13.783677069037044,13.226679261278155,14.51891178888861,13.278161880065284,14.908305401427132,13.61252054576732],[13.860820250488189,14.187852833080656,13.793975919538841,13.818767317450792,13.385161735343178,13.812210758935315,12.652472021278047,14.025640118122565,12.000349941721469,13.669748874885306,12.504902040873889,12.000295083151457,13.450124425415844,11.871492892742994,11.499403789102612,12.914693378768932,12.383517666065858,10.949504514336153,11.00063898997107,11.994156128749351,12.447085562043792,12.050602739341587,11.320182413737115,10.701919607870547,10.316637894009759,10.113333783308812,10.039991439721648,10.118973854918224,10.43300745217953,10.985660877746785,11.42197133167023,11.000324302199255,9.685294708361486,9.409250501439551,10.911236706219562,10.27094418974228,9.1512772710649,10.9490587225375,8.951088113688204,10.774011662093596,8.807788852694255,10.688143050196606,9.322730310038866,9.063197778725527,10.54972818467218,10.161846988647126,9.023285573050405,8.601667760759971,8.740061078464084,8.927371082425536,8.927371082425536,8.740061078464084,8.601667760759971,9.023285573050405,10.161846988647126,10.54972818467218,9.063197778725527,9.322730310038866,10.688143050196606,8.807788852694255,10.774011662093596,8.951088113688204,10.9490587225375,9.1512772710649,10.27094418974228,10.911236706219562,9.40925050143962,9.685294708361486,11.000324302199255,11.421971331670257,10.985660877746785,10.43300745217953,10.118973854918316,10.039991439721648,10.113333783308812,10.316637894009677,10.701919607870444,11.320182413737115,12.050602739341505,12.447085562043803,11.99415612874935,11.00063898997107,10.949504514336153,12.383517666065858,12.914693378768932,11.499403789102612,11.871492892742994,13.450124425415844,12.000295083151457,12.504902040873889,13.669748874885306,12.000349941721469,14.025640118122565,12.652472021278047,13.812210758935315,13.385161735343178,13.818767317450792,13.793975919538841,14.187852833080656,13.860820250488189],[15.048924890317501,12.93832559192639,14.633367883401396,12.74465172082227,14.287610426000724,12.399849928187553,14.107597985814634,12.000349941721469,13.773343049000644,12.10459017892587,12.614261472212252,13.074454400611572,11.299918709109239,12.7448925383556,12.502473907370963,10.915269835171816,11.804922377717673,12.645864357705754,11.55225383931942,10.44477756829184,10.640011780722016,11.451373840661669,11.949002228820051,11.933124733420431,11.651428253682608,11.364630529438845,11.206637164161998,11.210515097964587,11.322911410670116,11.349199497613819,10.936826603421652,9.921623053004698,9.101785636360496,9.846355942626499,10.9490587225375,9.521483871020571,9.295295163941578,10.688143050196606,8.699875405439323,10.64031021961235,8.601667760759971,10.437600707528313,9.189773479991143,8.846165923752327,10.35803618793698,9.913767284965928,8.757100725740228,8.40086707267463,8.606411934973982,8.825128323614832,8.825128323614832,8.606411934973982,8.40086707267463,8.757100725740228,9.913767284965928,10.35803618793698,8.846165923752327,9.189773479991143,10.437600707528313,8.601667760759971,10.64031021961235,8.699875405439323,10.688143050196606,9.295295163941578,9.521483871020571,10.9490587225375,9.846355942626499,9.10178563636049,9.921623053004698,10.936826603421654,11.34919949761382,11.322911410670171,11.210515097964587,11.206637164162093,11.364630529438934,11.65142825368254,11.93312473342041,11.949002228820051,11.451373840661669,10.640011780722102,10.44477756829184,11.552253839319304,12.645864357705754,11.804922377717673,10.915269835171816,12.502473907370963,12.7448925383556,11.299918709109239,13.074454400611572,12.614261472212252,12.10459017892587,13.773343049000644,12.000349941721469,14.107597985814634,12.399849928187553,14.287610426000724,12.74465172082227,14.633367883401396,12.93832559192639,15.048924890317501],[13.648229254875186,14.357980465781086,12.820155591873926,14.349674553283894,12.37224637440354,14.092776154390126,12.10323106990098,13.669748874885306,12.10459017892587,12.829359626130941,12.670331802714626,11.528168886454086,13.149978872344255,11.390026708485598,11.567539778991172,12.739832249235162,11.196785159603722,10.66439450414267,11.941205640413553,12.131852527334729,10.947176698707974,10.04589525562119,10.091569665319662,10.611757945825499,11.064578425058553,11.273585302225229,11.289246140560786,11.180917027577378,10.936826603421654,10.464371502082603,9.72424600285151,9.04385527166159,9.226628588714757,10.411096006136619,10.548701688882018,8.8671591836168,9.586302771290198,10.262871525605718,8.559516143752834,10.441725785814032,8.433687615098869,10.166370557140045,9.06782212387952,8.624130105320896,10.16389312212943,9.66749221847063,8.496982391773246,8.210794041197499,8.483530330880326,8.731719338007725,8.731719338007725,8.483530330880326,8.210794041197499,8.496982391773246,9.66749221847063,10.16389312212943,8.624130105320896,9.06782212387952,10.166370557140045,8.433687615098869,10.441725785814032,8.559516143752834,10.262871525605718,9.586302771290198,8.8671591836168,10.548701688882018,10.411096006136619,9.22662858871484,9.04385527166159,9.72424600285151,10.464371502082603,10.936826603421654,11.18091702757738,11.289246140560723,11.273585302225229,11.064578425058553,10.611757945825499,10.091569665319662,10.04589525562119,10.94717669870786,12.131852527334674,11.941205640413552,10.66439450414267,11.196785159603722,12.739832249235162,11.567539778991172,11.390026708485598,13.149978872344255,11.528168886454086,12.670331802714626,12.829359626130941,12.10459017892587,13.669748874885306,12.10323106990098,14.092776154390126,12.37224637440354,14.349674553283894,12.820155591873926,14.357980465781086,13.648229254875186],[12.872472015840497,14.29102860622487,13.149372843585253,13.37068383596168,13.331948432516997,12.74927214380584,13.161417588739992,12.504902040873889,12.614261472212252,12.670331802714626,11.690333967738546,13.053423268036674,11.022653399596587,12.45059606754084,11.975561810916421,10.644094268832031,12.138380285189779,11.852634126036973,10.289256317144718,10.66742920748618,11.782562341898752,11.651428253682608,10.612806900489435,9.773130659210958,9.504756592800826,9.57608440680275,9.685294708361486,9.669667665602663,9.482582435381417,9.164572779599611,8.900434344289287,9.0677134618482,9.907889810996494,10.64031021961235,9.748341591079548,8.500896397108553,9.913767284965928,9.688911257315233,8.545107316597047,10.16389312212943,8.311891407472904,9.871072977706952,8.95773950303867,8.397151798062197,9.96734440672765,9.423638137271018,8.243064538635219,8.030965260324946,8.370180764881155,8.645411060278402,8.645411060278402,8.370180764881155,8.030965260324946,8.243064538635219,9.423638137271018,9.96734440672765,8.397151798062197,8.95773950303867,9.871072977706952,8.311891407472904,10.16389312212943,8.545107316597047,9.688911257315233,9.913767284965928,8.500896397108553,9.748341591079438,10.64031021961235,9.907889810996494,9.0677134618482,8.900434344289282,9.164572779599611,9.482582435381417,9.669667665602663,9.685294708361486,9.576084406802686,9.504756592800836,9.773130659210958,10.61280690048932,11.65142825368254,11.782562341898752,10.667429207486178,10.289256317144718,11.852634126036973,12.138380285189779,10.644094268832031,11.975561810916421,12.45059606754084,11.022653399596587,13.053423268036674,11.690333967738546,12.670331802714626,12.614261472212252,12.504902040873889,13.161417588739992,12.74927214380584,13.331948432516997,13.37068383596168,13.149372843585253,14.29102860622487,12.872472015840497],[14.059073762723914,12.692179756315731,14.34283924624383,12.228930707704931,13.884642905938826,12.181389923014796,13.345555947570034,12.000295083151457,13.074454400611572,11.528168886454086,13.053423268036674,11.000060390542663,12.747714424927215,11.266233155112388,11.296209676143016,12.365929316903388,10.499469746352952,10.960916666847751,12.048561840360438,10.776669902917511,9.802935801518863,10.55427620147792,11.430199334281248,11.322911410670171,10.583303703850495,9.855282910485684,9.392269770799535,9.151277271064961,9.043851512513996,9.0677134618482,9.322730310038866,9.885383423397107,10.46300748839995,10.192222741011438,8.825128323614832,8.545107316597047,10.120723753227272,9.023973641150205,8.65450920306315,9.79738585533919,8.243064538635219,9.548770996738188,8.860145335279002,8.165463873600597,9.768351683844482,9.182804163630555,7.9953751255235845,7.860766991665626,8.265003694751247,8.564360189534073,8.564360189534073,8.265003694751247,7.860766991665626,7.9953751255235845,9.182804163630555,9.768351683844482,8.165463873600597,8.860145335279002,9.548770996738188,8.243064538635219,9.79738585533919,8.65450920306315,9.023973641150205,10.120723753227272,8.545107316597047,8.825128323614832,10.192222741011438,10.463007488399953,9.885383423397107,9.322730310038866,9.067713461848276,9.043851512514053,9.151277271064961,9.392269770799535,9.85528291048579,10.583303703850383,11.322911410670116,11.430199334281303,10.55427620147792,9.802935801518872,10.776669902917511,12.048561840360431,10.960916666847751,10.499469746352952,12.365929316903388,11.296209676143016,11.266233155112388,12.747714424927215,11.000060390542663,13.053423268036674,11.528168886454086,13.074454400611572,12.000295083151457,13.345555947570034,12.181389923014796,13.884642905938826,12.228930707704931,14.34283924624383,12.692179756315731,14.059073762723914],[14.507644659322237,12.788627249669252,13.287402846514704,13.490128356607546,12.16076236179158,13.679173132860766,11.61523941439792,13.450124425415844,11.299918709109239,13.149978872344255,11.022653399596587,12.747714424927215,11.063770860159918,11.768213311208639,11.855021310866185,10.361729160309519,12.021627040561738,11.022847813272945,9.967925303226282,11.346665711577348,11.40645094493535,9.945208584114413,9.453975915265413,10.185738527941151,10.917928707777047,11.04828535060655,10.763660292331336,10.411096006136619,10.18964765750888,10.161846988647126,10.300808209213518,10.435065699276361,10.166370557140045,9.172127629479142,8.210794041197499,8.95773950303867,10.045913105804983,8.370180764881155,8.860145335279002,9.342022991672849,8.23111935561368,9.197523112512462,8.77522456001755,7.929535793555956,9.566767755299313,8.945575663167304,7.753839416171159,7.699468209899427,8.166539195410612,8.486643008922409,8.486643008922409,8.166539195410612,7.699468209899427,7.753839416171159,8.945575663167304,9.566767755299313,7.929535793555956,8.77522456001755,9.197523112512462,8.23111935561368,9.342022991672849,8.860145335279002,8.370180764881155,10.045913105804983,8.957739503038784,8.210794041197499,9.17212762947903,10.166370557140045,10.435065699276361,10.300808209213518,10.161846988647223,10.189647657508983,10.411096006136619,10.763660292331336,11.04828535060655,10.917928707777195,10.185738527941151,9.453975915265413,9.945208584114319,11.40645094493535,11.346665711577439,9.967925303226282,11.022847813272945,12.021627040561738,10.361729160309519,11.855021310866185,11.768213311208639,11.063770860159918,12.747714424927215,11.022653399596587,13.149978872344255,11.299918709109239,13.450124425415844,11.61523941439792,13.679173132860766,12.16076236179158,13.490128356607546,13.287402846514704,12.788627249669252,14.507644659322237],[13.402853837170586,13.963372231832226,12.108485517682373,13.826987719731552,12.246572388697299,12.760929091259971,12.680420636148256,11.871492892742994,12.7448925383556,11.390026708485598,12.45059606754084,11.266233155112388,11.768213311208639,11.617851820861226,10.640011780722102,12.120363291367827,10.153374890607925,10.986769529309283,11.54954365010271,9.773130659210958,10.114614695764121,11.300317773904663,10.67765584161846,9.392269770799535,9.04385527166159,9.521483871020571,10.086980629367117,10.38385694313196,10.437600707528313,10.35803618793698,10.166370557140045,9.75958230377291,9.023973641150205,8.210947247094968,8.243064538635219,9.484745270783971,9.59370008398211,7.860766991665626,9.103157353505619,8.811851569090132,8.27493074416885,8.81715680728918,8.702464515568026,7.690159400098004,9.362306880897984,8.712529475141839,7.518284731367498,7.546235098432377,8.073252094263738,8.410286471925003,8.410286471925003,8.073252094263738,7.546235098432377,7.518284731367498,8.712529475141839,9.362306880897984,7.690159400098004,8.702464515568026,8.81715680728918,8.27493074416885,8.811851569090132,9.103157353505619,7.860766991665626,9.59370008398211,9.48474527078402,8.243064538635219,8.210947247094943,9.023973641150205,9.75958230377291,10.166370557140045,10.35803618793698,10.437600707528262,10.383856943131882,10.08698062936701,9.521483871020571,9.043855271661622,9.392269770799453,10.67765584161846,11.300317773904663,10.114614695764226,9.773130659210958,11.549543650102644,10.986769529309283,10.153374890607925,12.120363291367827,10.640011780722102,11.617851820861226,11.768213311208639,11.266233155112388,12.45059606754084,11.390026708485598,12.7448925383556,11.871492892742994,12.680420636148256,12.760929091259971,12.246572388697299,13.826987719731552,12.108485517682373,13.963372231832226,13.402853837170586],[12.37224637440354,14.02564011812262,12.681872813890793,12.428019212162024,13.513493052207393,11.500090979028846,13.24374205134812,11.499403789102612,12.502473907370963,11.567539778991172,11.975561810916421,11.296209676143016,11.855021310866185,10.640011780722102,12.028728231880471,10.001023791782188,11.640042503657043,10.61280690048932,9.859796537960088,11.404071945208544,10.306813538222734,9.215666488392511,10.27094418974228,10.9490587225375,10.148413380300667,9.0687582703284,8.601667760759971,8.651315762079143,8.825128323614832,8.878899217343644,8.731719338007725,8.397151798062197,8.030965260324946,8.048313265585218,8.857721425686393,9.727841316982504,8.811851569090132,7.624954799535772,9.294099054738975,8.239818295767327,8.365710176861638,8.410286471924891,8.640306883854539,7.448559316406443,9.154509711002635,8.484240886353573,7.288446564428953,7.400146682525957,7.983558173631461,8.333300053352948,8.333300053352948,7.983558173631461,7.400146682525957,7.288446564428953,8.484240886353573,9.154509711002635,7.448559316406443,8.640306883854539,8.410286471924891,8.365710176861638,8.239818295767327,9.294099054738975,7.624954799535772,8.811851569090132,9.727841316982504,8.85772142568645,8.048313265585277,8.030965260324946,8.397151798062197,8.731719338007728,8.878899217343644,8.82512832361474,8.651315762079083,8.601667760759971,9.0687582703284,10.148413380300667,10.949058722537496,10.27094418974228,9.215666488392534,10.306813538222618,11.404071945208544,9.859796537960088,10.61280690048932,11.640042503657043,10.001023791782188,12.028728231880471,10.640011780722102,11.855021310866185,11.296209676143016,11.975561810916421,11.567539778991172,12.502473907370963,11.499403789102612,13.24374205134812,11.500090979028846,13.513493052207393,12.428019212162024,12.681872813890793,14.02564011812262,12.37224637440354],[12.410612820046882,12.962555249075988,13.669748874885306,11.713378820182292,13.14905233017316,12.363219179828224,11.691868190147632,12.914693378768932,10.915269835171816,12.739832249235162,10.644094268832031,12.365929316903388,10.361729160309519,12.120363291367827,10.001023791782188,11.770866153675506,10.118973854918224,10.56241782089781,11.159229532801511,9.318301321388601,10.464371502082603,10.858880772190941,9.226628588714757,9.040042373177638,10.155303908000672,10.542931748706824,9.913767284965928,9.06782212387952,8.496982391773246,8.210079635584062,8.07541851054092,8.048313265585218,8.23111935561368,8.77522456001755,9.478265924908369,9.359806268105013,7.932839979468276,7.731638508242196,9.325359923631456,7.680280106634511,8.484240886353573,7.983558173631461,8.58570623387061,7.206531238737457,8.942702311757115,8.261292233336585,7.063975999121274,7.260211259952638,7.895851017536803,8.253707851101082,8.253707851101082,7.895851017536803,7.260211259952638,7.063975999121274,8.261292233336585,8.942702311757115,7.206531238737457,8.58570623387061,7.983558173631461,8.484240886353573,7.680280106634511,9.325359923631456,7.731638508242196,7.932839979468276,9.359806268105013,9.478265924908369,8.77522456001755,8.23111935561368,8.048313265585218,8.075418510540965,8.210079635584062,8.496982391773246,9.06782212387952,9.913767284965928,10.542931748706824,10.155303908000768,9.040042373177714,9.226628588714673,10.858880772190941,10.4643715020826,9.318301321388581,11.159229532801511,10.56241782089781,10.118973854918224,11.770866153675506,10.001023791782188,12.120363291367827,10.361729160309519,12.365929316903388,10.644094268832031,12.739832249235162,10.915269835171816,12.914693378768932,11.691868190147632,12.363219179828224,13.14905233017316,11.713378820182292,13.669748874885306,12.962555249075988,12.410612820046882],[13.085692211495779,12.033528121984583,13.63044946836278,12.39727772678078,11.80607716072222,13.239801602749793,11.221298824786395,12.383517666065858,11.804922377717673,11.196785159603722,12.138380285189779,10.499469746352952,12.021627040561738,10.153374890607925,11.640042503657043,10.118973854918224,10.82326340192429,10.688348616838544,9.49431327256169,11.140802591729074,9.572779722668907,9.275287036103581,10.688143050196606,9.885383423396995,8.559516143752834,8.825128323614832,9.75958230377291,10.140537423358566,9.904588714021632,9.484745270783971,9.1828041636305,9.103157353505619,9.246126807795562,9.474771203309615,9.362306880898032,8.410286471925003,7.3201044054553375,8.12673893310835,9.099624274672948,7.206531238737457,8.598675635600301,7.549021245030264,8.533600743027192,6.966609174958656,8.725949218246905,8.044282855399702,6.844448405038032,7.125383263811097,7.808529075275898,8.169580421072542,8.169580421072542,7.808529075275898,7.125383263811097,6.844448405038032,8.044282855399702,8.725949218246905,6.966609174958656,8.533600743027192,7.549021245030264,8.598675635600301,7.206531238737457,9.099624274672948,8.12673893310835,7.3201044054553375,8.410286471924891,9.362306880897984,9.474771203309658,9.246126807795562,9.103157353505619,9.182804163630555,9.48474527078402,9.904588714021664,10.140537423358566,9.75958230377291,8.825128323614832,8.559516143752797,9.885383423396995,10.688143050196606,9.27528703610358,9.572779722668805,11.140802591729074,9.49431327256169,10.688348616838544,10.82326340192429,10.118973854918224,11.640042503657043,10.153374890607925,12.021627040561738,10.499469746352952,12.138380285189779,11.196785159603722,11.804922377717673,12.383517666065858,11.221298824786395,13.239801602749793,11.80607716072222,12.39727772678078,13.63044946836278,12.033528121984583,13.085692211495779],[13.657816629811768,11.855331360585843,12.760929091259971,13.232496164673458,11.327670818256093,12.569969559495295,12.295678784247308,10.949504514336153,12.645864357705754,10.66439450414267,11.852634126036973,10.960916666847751,11.022847813272945,10.986769529309283,10.61280690048932,10.56241782089781,10.688348616838544,9.685294708361576,11.061427204866462,9.036668178785375,10.34588205810472,10.18964765750888,8.60166776075997,9.682964069341644,10.304208344511908,9.050134754428425,8.112170194157086,8.370180764881198,9.040511349247359,9.461867762200885,9.56676775529936,9.508717474176033,9.362306880898032,9.031596335179348,8.32876306548842,7.400146682526025,7.284653796593852,8.598675635600301,8.573928279459073,6.899881420901698,8.66412432821688,7.125383263811097,8.476328427184045,6.732257794671921,8.503001434462647,7.833839854901024,6.629373447923776,6.994580167382515,7.720022517386029,8.079065832430683,8.079065832430683,7.720022517386029,6.994580167382515,6.629373447923776,7.833839854901024,8.503001434462647,6.732257794671921,8.476328427184045,7.125383263811097,8.66412432821688,6.899881420901698,8.573928279459073,8.598675635600301,7.284653796593852,7.400146682525957,8.32876306548842,9.031596335179264,9.362306880897984,9.508717474176033,9.566767755299313,9.461867762200885,9.040511349247248,8.370180764881155,8.112170194157104,9.050134754428425,10.304208344511874,9.682964069341754,8.60166776075997,10.189647657508777,10.34588205810472,9.036668178785344,11.061427204866416,9.685294708361576,10.688348616838544,10.56241782089781,10.61280690048932,10.986769529309283,11.022847813272945,10.960916666847751,11.852634126036973,10.66439450414267,12.645864357705754,10.949504514336153,12.295678784247308,12.569969559495295,11.327670818256093,13.232496164673458,12.760929091259971,11.855331360585843,13.657816629811768],[13.834243130191657,12.192510104750381,11.889779568055264,13.321701247130719,11.884558004680637,11.390026708485598,12.850008219680555,11.00063898997107,11.55225383931942,11.941205640413553,10.289256317144718,12.048561840360438,9.967925303226282,11.54954365010271,9.859796537960088,11.159229532801511,9.49431327256169,11.061427204866462,8.99995695942679,10.738861091768612,9.322730310038866,9.17314454718041,10.435065699276361,8.7813193962399,8.483530330880326,9.79738585533919,9.726469989221409,8.529000897947967,7.746605481072671,7.699468209899427,7.932839979468276,8.073252094263632,7.986389848369249,7.658638372069042,7.206531238737457,7.063975999121274,7.824950014593362,8.820456749140968,7.808529075275786,6.8274019931218035,8.625848431509148,6.738682491986365,8.403071994593727,6.508076678844261,8.272242132617027,7.630628689131287,6.418206553195267,6.866699015041849,7.628819471006859,7.980419443392826,7.980419443392826,7.628819471006859,6.866699015041849,6.418206553195267,7.630628689131287,8.272242132617027,6.508076678844261,8.403071994593727,6.738682491986365,8.625848431509148,6.8274019931218035,7.808529075275786,8.820456749140968,7.824950014593362,7.063975999121313,7.206531238737406,7.658638372069042,7.986389848369141,8.073252094263632,7.932839979468276,7.699468209899427,7.746605481072689,8.529000897947967,9.726469989221481,9.79738585533919,8.483530330880324,8.7813193962399,10.43506569927634,9.173144547180513,9.322730310038866,10.738861091768612,8.999956959426791,11.061427204866462,9.49431327256169,11.159229532801511,9.859796537960088,11.54954365010271,9.967925303226282,12.048561840360438,10.289256317144718,11.941205640413553,11.55225383931942,11.00063898997107,12.850008219680555,11.390026708485598,11.884558004680637,13.321701247130719,11.889779568055264,12.192510104750381,13.834243130191657],[13.712427186880777,12.614261472212139,11.433078366637268,12.790962399523083,12.60056523373041,10.901648620331297,12.201745382172492,11.994156128749351,10.44477756829184,12.131852527334729,10.66742920748618,10.776669902917511,11.346665711577348,9.773130659210958,11.404071945208544,9.318301321388601,11.140802591729074,9.036668178785375,10.738861091768612,9.0687582703284,9.74834159107944,9.913767284965928,8.32230257194713,9.871072977706952,9.423638137271018,7.925485729142699,8.564360189533962,9.566767755299313,9.294099054739052,8.365710176861638,7.642554027780316,7.288446564428977,7.132463518227757,7.063975999121313,7.16696543729698,7.664977477195558,8.476328427184045,8.503001434462618,6.99458016738247,7.008652305268833,8.428270275965147,6.421608394432469,8.299497103608722,6.299986684631419,8.03163602293001,7.435361925041244,6.210362116485733,6.740632133657071,7.533491241402424,7.872031918957049,7.872031918957049,7.533491241402424,6.740632133657071,6.210362116485733,7.435361925041244,8.03163602293001,6.299986684631419,8.299497103608722,6.421608394432469,8.428270275965147,7.008652305268833,6.99458016738247,8.