{"data":[{"type":"contour","x":[-100.0,-97.97979797979798,-95.95959595959596,-93.93939393939394,-91.91919191919192,-89.8989898989899,-87.87878787878788,-85.85858585858585,-83.83838383838383,-81.81818181818181,-79.79797979797979,-77.77777777777777,-75.75757575757575,-73.73737373737373,-71.71717171717171,-69.69696969696969,-67.67676767676767,-65.65656565656565,-63.63636363636363,-61.61616161616162,-59.5959595959596,-57.57575757575758,-55.55555555555556,-53.535353535353536,-51.515151515151516,-49.494949494949495,-47.474747474747474,-45.45454545454545,-43.43434343434343,-41.41414141414141,-39.39393939393939,-37.37373737373738,-35.35353535353535,-33.33333333333333,-31.313131313131308,-29.292929292929287,-27.272727272727266,-25.252525252525245,-23.23232323232324,-21.212121212121218,-19.191919191919197,-17.171717171717177,-15.151515151515156,-13.131313131313135,-11.111111111111114,-9.090909090909093,-7.070707070707073,-5.050505050505052,-3.030303030303031,-1.0101010101010104,1.0101010101010104,3.030303030303031,5.050505050505052,7.070707070707073,9.090909090909093,11.111111111111114,13.131313131313135,15.151515151515156,17.171717171717177,19.191919191919197,21.212121212121218,23.23232323232324,25.252525252525245,27.272727272727266,29.2929292929293,31.313131313131322,33.33333333333334,35.353535353535364,37.373737373737384,39.393939393939405,41.414141414141426,43.43434343434345,45.45454545454547,47.47474747474749,49.49494949494951,51.5151515151515,53.53535353535352,55.55555555555554,57.575757575757564,59.595959595959584,61.616161616161605,63.636363636363626,65.65656565656565,67.67676767676767,69.69696969696969,71.71717171717171,73.73737373737373,75.75757575757575,77.77777777777777,79.79797979797979,81.81818181818181,83.83838383838383,85.85858585858585,87.87878787878788,89.8989898989899,91.91919191919192,93.93939393939394,95.95959595959596,97.97979797979798,100.0],"y":[-100.0,-97.97979797979798,-95.95959595959596,-93.93939393939394,-91.91919191919192,-89.8989898989899,-87.87878787878788,-85.85858585858585,-83.83838383838383,-81.81818181818181,-79.79797979797979,-77.77777777777777,-75.75757575757575,-73.73737373737373,-71.71717171717171,-69.69696969696969,-67.67676767676767,-65.65656565656565,-63.63636363636363,-61.61616161616162,-59.5959595959596,-57.57575757575758,-55.55555555555556,-53.535353535353536,-51.515151515151516,-49.494949494949495,-47.474747474747474,-45.45454545454545,-43.43434343434343,-41.41414141414141,-39.39393939393939,-37.37373737373738,-35.35353535353535,-33.33333333333333,-31.313131313131308,-29.292929292929287,-27.272727272727266,-25.252525252525245,-23.23232323232324,-21.212121212121218,-19.191919191919197,-17.171717171717177,-15.151515151515156,-13.131313131313135,-11.111111111111114,-9.090909090909093,-7.070707070707073,-5.050505050505052,-3.030303030303031,-1.0101010101010104,1.0101010101010104,3.030303030303031,5.050505050505052,7.070707070707073,9.090909090909093,11.111111111111114,13.131313131313135,15.151515151515156,17.171717171717177,19.191919191919197,21.212121212121218,23.23232323232324,25.252525252525245,27.272727272727266,29.2929292929293,31.313131313131322,33.33333333333334,35.353535353535364,37.373737373737384,39.393939393939405,41.414141414141426,43.43434343434345,45.45454545454547,47.47474747474749,49.49494949494951,51.5151515151515,53.53535353535352,55.55555555555554,57.575757575757564,59.595959595959584,61.616161616161605,63.636363636363626,65.65656565656565,67.67676767676767,69.69696969696969,71.71717171717171,73.73737373737373,75.75757575757575,77.77777777777777,79.79797979797979,81.81818181818181,83.83838383838383,85.85858585858585,87.87878787878788,89.8989898989899,91.91919191919192,93.93939393939394,95.95959595959596,97.97979797979798,100.0],"z":[[0.4988662131519274,0.5004403635607271,0.4987892299225066,0.49917889089775247,0.5007446385472484,0.5012313007480411,0.4988838080541513,0.501111806794361,0.5001102202904338,0.5001411643369058,0.4994034071320335,0.5017057940085308,0.5000166981311224,0.5013824384544279,0.4983254877404625,0.4987789057879782,0.49928360994723825,0.4980505596114292,0.49803525736240406,0.5016743137388626,0.5021699078236755,0.49792503096843943,0.5013375751293134,0.4990141696076887,0.5017690568466824,0.5011644356679199,0.5012826327007425,0.502679052488774,0.5025026126657501,0.4982725258773331,0.4976774511109483,0.5032386910791552,0.5000439786165553,0.502999561668386,0.4965207226208043,0.496530380544769,0.5019318346550449,0.49724337335384333,0.5010252130878184,0.4973197306161129,0.49761235418963173,0.49974170428651016,0.49608368081232385,0.4990587165603182,0.49871882334791207,0.49893174748687885,0.49837350632408983,0.4959208060723245,0.4981480898190718,0.4993770649575137,0.4993770649575137,0.4981480898190718,0.4959208060723245,0.49837350632408983,0.49893174748687885,0.49871882334791207,0.4990587165603182,0.49608368081232385,0.49974170428651016,0.49761235418963173,0.4973197306161129,0.5010252130878184,0.49724337335384333,0.5019318346550449,0.49653038054477183,0.4965207226208043,0.502999561668386,0.5000439786165431,0.5032386910791541,0.49767745111094047,0.4982725258773238,0.5025026126657561,0.5026790524887719,0.5012826327007517,0.5011644356679108,0.5017690568466897,0.49901416960768435,0.5013375751293057,0.4979250309684347,0.5021699078236721,0.501674313738857,0.4980352573624059,0.4980505596114292,0.49928360994723825,0.4987789057879782,0.4983254877404625,0.5013824384544279,0.5000166981311224,0.5017057940085308,0.4994034071320335,0.5001411643369058,0.5001102202904338,0.501111806794361,0.4988838080541513,0.5012313007480411,0.5007446385472484,0.49917889089775247,0.4987892299225066,0.5004403635607271,0.4988662131519274],[0.5004403635607271,0.49877463984115195,0.500295297256112,0.49938082038251935,0.5007658300755069,0.5001081381108616,0.5012956473705622,0.5005146751385734,0.501445348555406,0.49840025980223196,0.4987307278463436,0.49954676082248817,0.49825638908066927,0.49825846591883,0.5015713591904665,0.5020120933585852,0.4983951461373088,0.5016146026138756,0.49978960607350925,0.5008607036692735,0.5000556982327931,0.5020809140722661,0.5015686411148146,0.5027572791947101,0.497313995098506,0.49706789401340895,0.5019960905005706,0.4977665870438484,0.5006575863489884,0.4981519073884798,0.4987858821282122,0.49840037971169565,0.49668003126986354,0.49719461481349264,0.5015625111320924,0.502162011765767,0.49617651453743344,0.49866220258582855,0.49599364308529187,0.5037776368088949,0.5039918490936734,0.49620517972971845,0.5009560421051884,0.4964939285964117,0.5043401375738166,0.5043511412931206,0.4969019829192654,0.5021681201420595,0.497063493078087,0.5043302105829246,0.5043302105829246,0.497063493078087,0.5021681201420595,0.4969019829192654,0.5043511412931206,0.5043401375738166,0.4964939285964117,0.5009560421051884,0.49620517972971845,0.5039918490936734,0.5037776368088949,0.49599364308529187,0.49866220258582855,0.49617651453743344,0.5021620117657785,0.5015625111320924,0.49719461481349264,0.49668003126986826,0.4984003797116844,0.4987858821282179,0.4981519073884848,0.500657586348977,0.49776658704384447,0.5019960905005624,0.4970678940134084,0.49731399509850943,0.5027572791947101,0.5015686411148225,0.5020809140722605,0.5000556982328022,0.5008607036692817,0.49978960607350503,0.5016146026138756,0.4983951461373088,0.5020120933585852,0.5015713591904665,0.49825846591883,0.49825638908066927,0.49954676082248817,0.4987307278463436,0.49840025980223196,0.501445348555406,0.5005146751385734,0.5012956473705622,0.5001081381108616,0.5007658300755069,0.49938082038251935,0.500295297256112,0.49877463984115195,0.5004403635607271],[0.4987892299225066,0.500295297256112,0.4986737400905517,0.49896234468158385,0.500976587235333,0.5014236724700812,0.498940490187068,0.5013596362168611,0.5003687259749081,0.4998938661055604,0.4990999725859019,0.5018913311567813,0.49972598424138864,0.5013071066180067,0.49832280073402707,0.4989206183610982,0.49889507096395,0.49799928137745897,0.4976686050923188,0.5021059085781665,0.5025546405707488,0.4979145888762838,0.5018413013076886,0.49930579050377444,0.5016337594827687,0.5008793916232813,0.5018618672269355,0.5028028087564356,0.5030919047067323,0.49762371056271215,0.4970173737337122,0.5036020405953445,0.49948368955407824,0.50312015670053,0.4960845153603718,0.4961932188789205,0.501672276105571,0.49644123257907574,0.5005498003789002,0.4974065108401103,0.49779488878569117,0.4990323887018117,0.49541078708065167,0.4982514032913904,0.4991917431369531,0.4994519765365198,0.49748557195229626,0.4954087653350972,0.49723771375327,0.4999896078025804,0.4999896078025804,0.49723771375327,0.4954087653350972,0.49748557195229626,0.4994519765365198,0.4991917431369531,0.4982514032913904,0.49541078708065167,0.4990323887018117,0.49779488878569117,0.4974065108401103,0.5005498003789002,0.49644123257907574,0.501672276105571,0.49619321887892587,0.4960845153603718,0.50312015670053,0.4994836895540714,0.5036020405953445,0.49701737373370847,0.4976237105627075,0.5030919047067376,0.5028028087564324,0.501861867226945,0.5008793916232704,0.5016337594827779,0.4993057905037692,0.5018413013076807,0.4979145888762774,0.5025546405707464,0.5021059085781613,0.49766860509232025,0.49799928137745897,0.49889507096395,0.4989206183610982,0.49832280073402707,0.5013071066180067,0.49972598424138864,0.5018913311567813,0.4990999725859019,0.4998938661055604,0.5003687259749081,0.5013596362168611,0.498940490187068,0.5014236724700812,0.500976587235333,0.49896234468158385,0.4986737400905517,0.500295297256112,0.4987892299225066],[0.49917889089775247,0.49938082038251935,0.49896234468158385,0.4985623648434436,0.5014893638395547,0.5014297483546998,0.4999520983647649,0.5016725266232948,0.501422533909398,0.4987103995892018,0.4981980039842939,0.5014650648831629,0.49843588763253627,0.4999449203467519,0.49957490938067795,0.5004788568467595,0.4977334181357,0.4992994388999032,0.497603276802098,0.5026750727216417,0.5024991667805829,0.4995743383864543,0.5029693066566303,0.5014347871401612,0.49952349732453055,0.4986033531709515,0.5033337727556562,0.5009965415219968,0.5035039775722759,0.49626751875332326,0.49616427003034264,0.5022620651454501,0.4969209888271218,0.50085732438136,0.4974008299058555,0.4979732364736013,0.4986461186413655,0.49547776706196694,0.49740002575217357,0.5004254025242061,0.5009754632968972,0.4960709209668472,0.4962565516327695,0.4955268166047991,0.502626209304883,0.5028918642007068,0.4950909030176868,0.4972060312353372,0.49497290171206826,0.5034066865563084,0.5034066865563084,0.49497290171206826,0.4972060312353372,0.4950909030176868,0.5028918642007068,0.502626209304883,0.4955268166047991,0.4962565516327695,0.4960709209668472,0.5009754632968972,0.5004254025242061,0.49740002575217357,0.49547776706196694,0.4986461186413655,0.4979732364736084,0.49740082990586165,0.50085732438136,0.496920988827117,0.5022620651454501,0.49616427003034347,0.49626751875332253,0.5035039775722723,0.5009965415219906,0.503333772755659,0.49860335317094057,0.4995234973245421,0.5014347871401562,0.5029693066566288,0.4995743383864439,0.5024991667805875,0.5026750727216429,0.49760327680209615,0.4992994388999032,0.4977334181357,0.5004788568467595,0.49957490938067795,0.4999449203467519,0.49843588763253627,0.5014650648831629,0.4981980039842939,0.4987103995892018,0.501422533909398,0.5016725266232948,0.4999520983647649,0.5014297483546998,0.5014893638395547,0.4985623648434436,0.49896234468158385,0.49938082038251935,0.49917889089775247],[0.5007446385472484,0.5007658300755069,0.500976587235333,0.5014893638395547,0.4984391987007162,0.4985831401963175,0.49987525459510496,0.4982879578858876,0.4984081357236835,0.5014834361768759,0.5019458680783844,0.4986157889121114,0.5017792858988677,0.5002898034451437,0.500207552870536,0.4992522819982226,0.5024656162082612,0.5004743756884575,0.5024095473072037,0.49722167159495007,0.4975047164680476,0.5001361460699131,0.49682053034842866,0.49818349110626253,0.5008513685822726,0.5018081008910722,0.49638056137912484,0.4993155356569095,0.49639050755122077,0.5040114576731313,0.5040295486268908,0.4979511235517151,0.5035761384861294,0.49953730414249764,0.5023987453249656,0.5017359636149582,0.5019199940804964,0.5047679609431355,0.5032121642075946,0.49902095319886386,0.49843107900257827,0.5045370728383834,0.503658886661451,0.5050524903245507,0.49669889366876263,0.49642598364572876,0.5054414910582861,0.5025219098519447,0.5055398256757149,0.49590263702035403,0.49590263702035403,0.5055398256757149,0.5025219098519447,0.5054414910582861,0.49642598364572876,0.49669889366876263,0.5050524903245507,0.503658886661451,0.5045370728383834,0.49843107900257827,0.49902095319886386,0.5032121642075946,0.5047679609431355,0.5019199940804964,0.5017359636149502,0.5023987453249585,0.49953730414249764,0.5035761384861339,0.4979511235517151,0.5040295486268891,0.5040114576731313,0.4963905075512261,0.4993155356569163,0.4963805613791231,0.5018081008910833,0.5008513685822605,0.49818349110626753,0.4968205303484291,0.5001361460699242,0.49750471646804184,0.4972216715949478,0.5024095473072061,0.5004743756884575,0.5024656162082612,0.4992522819982226,0.500207552870536,0.5002898034451437,0.5017792858988677,0.4986157889121114,0.5019458680783844,0.5014834361768759,0.4984081357236835,0.4982879578858876,0.49987525459510496,0.4985831401963175,0.4984391987007162,0.5014893638395547,0.500976587235333,0.5007658300755069,0.5007446385472484],[0.5012313007480411,0.5001081381108616,0.5014236724700812,0.5014297483546998,0.4985831401963175,0.49830273223891447,0.5007543733830444,0.4982167435461396,0.49902563130627886,0.5007266471143936,0.5015412319494748,0.49793367238250935,0.5009885208200405,0.4991092890314007,0.5013998042774147,0.5005179713822793,0.5019472707176343,0.5017838411524397,0.5028993383226299,0.4971105273619495,0.4968717151480738,0.5017230894843152,0.49712578190011514,0.49975574256092936,0.4990607836641855,0.5000892577674663,0.4968899722183385,0.4974195407179951,0.49587949337929654,0.5037231793861222,0.5042356710253129,0.496127567934382,0.5020180041712969,0.49721495114177733,0.5043146267268008,0.5039373795407699,0.49946553027558266,0.5051022270003034,0.5009777965783953,0.5017347505371101,0.5011480527756288,0.5028481072387412,0.5055063498253838,0.503742379657237,0.49920004992062245,0.4988577026369022,0.5045714650366708,0.5050186002367424,0.5048284371342644,0.49816702783267647,0.49816702783267647,0.5048284371342644,0.5050186002367424,0.5045714650366708,0.4988577026369022,0.49920004992062245,0.503742379657237,0.5055063498253838,0.5028481072387412,0.5011480527756288,0.5017347505371101,0.5009777965783953,0.5051022270003034,0.49946553027558266,0.5039373795407641,0.5043146267267964,0.49721495114177733,0.5020180041713047,0.496127567934382,0.5042356710253152,0.5037231793861261,0.49587949337929454,0.4974195407180007,0.49688997221833003,0.5000892577674799,0.4990607836641727,0.49975574256093575,0.49712578190012163,0.5017230894843253,0.4968717151480732,0.4971105273619526,0.5028993383226298,0.5017838411524397,0.5019472707176343,0.5005179713822793,0.5013998042774147,0.4991092890314007,0.5009885208200405,0.49793367238250935,0.5015412319494748,0.5007266471143936,0.49902563130627886,0.4982167435461396,0.5007543733830444,0.49830273223891447,0.4985831401963175,0.5014297483546998,0.5014236724700812,0.5001081381108616,0.5012313007480411],[0.4988838080541513,0.5012956473705622,0.498940490187068,0.4999520983647649,0.49987525459510496,0.5007543733830444,0.49815122912433,0.5003394447437178,0.49886153374384173,0.501450133726665,0.500657031688967,0.5015945596203724,0.501505882034819,0.5024899442459717,0.4974335581296768,0.4973649562757801,0.5008803235300813,0.49715121575751714,0.4987355117664835,0.5004794596089837,0.5015717521186168,0.49657346276495257,0.4995975123506704,0.49675058481603607,0.5038019080442924,0.5035823752651668,0.499156841955999,0.5041554276942933,0.5013516151646203,0.5003639945510178,0.4992971578589615,0.5040931810666955,0.503181832859445,0.5050896484472427,0.49568608092236704,0.4950984608534593,0.5052660920526536,0.499028854162093,0.5047359307342053,0.49409966723610216,0.4941144687161915,0.5035028586615825,0.49578465257535737,0.5026622020356988,0.49464192985157546,0.49480139365863657,0.5016928463124152,0.4944081524321769,0.5013447020608954,0.49518103169302163,0.49518103169302163,0.5013447020608954,0.4944081524321769,0.5016928463124152,0.49480139365863657,0.49464192985157546,0.5026622020356988,0.49578465257535737,0.5035028586615825,0.4941144687161915,0.49409966723610216,0.5047359307342053,0.499028854162093,0.5052660920526536,0.495098460853455,0.4956860809223614,0.5050896484472427,0.5031818328594378,0.5040931810666955,0.49929715785895296,0.5003639945510094,0.5013516151646358,0.5041554276942953,0.4991568419560138,0.5035823752651603,0.5038019080442948,0.49675058481603274,0.4995975123506574,0.496573462764954,0.5015717521186063,0.5004794596089722,0.49873551176648856,0.49715121575751714,0.5008803235300813,0.4973649562757801,0.4974335581296768,0.5024899442459717,0.501505882034819,0.5015945596203724,0.500657031688967,0.501450133726665,0.49886153374384173,0.5003394447437178,0.49815122912433,0.5007543733830444,0.49987525459510496,0.4999520983647649,0.498940490187068,0.5012956473705622,0.4988838080541513],[0.501111806794361,0.5005146751385734,0.5013596362168611,0.5016725266232948,0.4982879578858876,0.4982167435461396,0.5003394447437178,0.49798268693414954,0.4984970470146594,0.5013039148464595,0.5020407038793899,0.49800614244502883,0.5016417536498954,0.4996819175709949,0.5009100768068736,0.4998267489305494,0.5026248065417449,0.5012987508394151,0.5031411528732812,0.4966242666907238,0.49665780566402107,0.5010636101442365,0.49634981755221286,0.4987052338820064,0.5000068896710681,0.5012090645711049,0.49588956263319073,0.4980745835043827,0.4952901507777303,0.5047539275423604,0.5050753400377106,0.4964153991613032,0.5035155053462183,0.4980736221303613,0.5040986222223148,0.5034492438961662,0.5009585414165114,0.5061598810975151,0.502712502601924,0.5003681448921511,0.4996281572466813,0.5047189948273688,0.5057077703055495,0.5056074580473998,0.49730614268893397,0.4969167932261989,0.5063771087226075,0.5046771371615287,0.5066020092108708,0.4961474902595753,0.4961474902595753,0.5066020092108708,0.5046771371615287,0.5063771087226075,0.4969167932261989,0.49730614268893397,0.5056074580473998,0.5057077703055495,0.5047189948273688,0.4996281572466813,0.5003681448921511,0.502712502601924,0.5061598810975151,0.5009585414165114,0.5034492438961575,0.5040986222223075,0.4980736221303803,0.5035155053462257,0.4964153991613032,0.5050753400377109,0.5047539275423627,0.4952901507777326,0.49807458350439787,0.49588956263318773,0.5012090645711124,0.5000068896710531,0.49870523388202004,0.4963498175522148,0.501063610144246,0.49665780566401707,0.4966242666907241,0.5031411528732826,0.5012987508394151,0.5026248065417449,0.4998267489305494,0.5009100768068736,0.4996819175709949,0.5016417536498954,0.49800614244502883,0.5020407038793899,0.5013039148464595,0.4984970470146594,0.49798268693414954,0.5003394447437178,0.4982167435461396,0.4982879578858876,0.5016725266232948,0.5013596362168611,0.5005146751385734,0.501111806794361],[0.5001102202904338,0.501445348555406,0.5003687259749081,0.501422533909398,0.4984081357236835,0.49902563130627886,0.49886153374384173,0.4984970470146594,0.49779479034544444,0.5022770558428118,0.5023071715196051,0.4994969361487506,0.502629021601056,0.5016807792348879,0.49877723231039905,0.4977623677462049,0.503019363004527,0.4988860478133774,0.501777303431269,0.49738681529558115,0.4982880426265469,0.4981976826152523,0.496425168592634,0.49622650216279907,0.5030775772181176,0.5039817841994438,0.49563668050911375,0.5016555450545361,0.49687675651133856,0.5045675805287945,0.5039882422115314,0.5001335977035685,0.5057866042037196,0.5024587437653812,0.5001374261426363,0.49906053830458375,0.5052354848174299,0.5047727900786303,0.5064011777294336,0.495415050298486,0.4947484892889175,0.5072164818569419,0.5016612443158088,0.5073321177252842,0.49305409644138976,0.49282888632879995,0.507230437559219,0.49956215503999285,0.5071462618418251,0.4924376936897984,0.4924376936897984,0.5071462618418251,0.49956215503999285,0.507230437559219,0.49282888632879995,0.49305409644138976,0.5073321177252842,0.5016612443158088,0.5072164818569419,0.4947484892889175,0.495415050298486,0.5064011777294336,0.5047727900786303,0.5052354848174299,0.49906053830457237,0.5001374261426251,0.5024587437653812,0.5057866042037205,0.5001335977035685,0.5039882422115246,0.5045675805287897,0.49687675651135316,0.5016555450545445,0.4956366805091204,0.5039817841994518,0.5030775772181063,0.49622650216280245,0.49642516859262886,0.4981976826152617,0.49828804262653487,0.49738681529557227,0.5017773034312744,0.4988860478133774,0.503019363004527,0.4977623677462049,0.49877723231039905,0.5016807792348879,0.502629021601056,0.4994969361487506,0.5023071715196051,0.5022770558428118,0.49779479034544444,0.4984970470146594,0.49886153374384173,0.49902563130627886,0.4984081357236835,0.501422533909398,0.5003687259749081,0.501445348555406,0.5001102202904338],[0.5001411643369058,0.49840025980223196,0.4998938661055604,0.4987103995892018,0.5014834361768759,0.5007266471143936,0.501450133726665,0.5013039148464595,0.5022770558428118,0.49758485504016553,0.497730527487247,0.5001072722881171,0.4972379300575155,0.49788837571214256,0.5017091521918193,0.5026671031638125,0.4970026586894904,0.5016825168796653,0.4986385725248838,0.5023198277136985,0.5012318057633837,0.5024721073660728,0.5034298329046675,0.5042828993942813,0.4962319400626694,0.4954294584348466,0.5042913883684685,0.4974634287830353,0.5026165584050528,0.4956128957934879,0.49640821055410855,0.49889331732542924,0.49376745779221076,0.49644673491200514,0.5009134369574879,0.5020799618045161,0.4937500854813631,0.4957032668847538,0.49275516755860715,0.5058101731612428,0.5064481165614547,0.4922593975272395,0.4994560106168426,0.49234519123417847,0.507958007976385,0.5081380688007077,0.4926714142824361,0.5018068964929646,0.4928348094466211,0.5084269024770651,0.5084269024770651,0.4928348094466211,0.5018068964929646,0.4926714142824361,0.5081380688007077,0.507958007976385,0.49234519123417847,0.4994560106168426,0.4922593975272395,0.5064481165614547,0.5058101731612428,0.49275516755860715,0.4957032668847538,0.4937500854813631,0.5020799618045279,0.5009134369574998,0.49644673491198554,0.49376745779221165,0.49889331732542924,0.49640821055411694,0.4956128957934943,0.5026165584050354,0.4974634287830186,0.5042913883684638,0.4954294584348436,0.4962319400626794,0.5042828993942776,0.5034298329046745,0.5024721073660637,0.5012318057633973,0.5023198277137094,0.4986385725248777,0.5016825168796653,0.4970026586894904,0.5026671031638125,0.5017091521918193,0.49788837571214256,0.4972379300575155,0.5001072722881171,0.497730527487247,0.49758485504016553,0.5022770558428118,0.5013039148464595,0.501450133726665,0.5007266471143936,0.5014834361768759,0.4987103995892018,0.4998938661055604,0.49840025980223196,0.5001411643369058],[0.4994034071320335,0.4987307278463436,0.4990999725859019,0.4981980039842939,0.5019458680783844,0.5015412319494748,0.500657031688967,0.5020407038793899,0.5023071715196051,0.497730527487247,0.49734976028273337,0.5013248071769828,0.49729445850832266,0.4989284561590922,0.5004512891781994,0.5017238404749765,0.49649770166204404,0.5001819355361182,0.4971395750004359,0.5036038209051196,0.5029298194229193,0.5008097405431138,0.5044914813631888,0.5034704312717381,0.49769068210567646,0.496397020928427,0.5053744455589537,0.49973196340002835,0.504775096181048,0.4940913462304927,0.49434881047410406,0.5017531919631281,0.4937508768387735,0.49911992835653723,0.4977515818629138,0.49891389525321345,0.49545790221420105,0.4930614406291215,0.49360875314604563,0.5033608524987426,0.5042775704047258,0.49187026588850546,0.4956578219675836,0.49128083303023273,0.5068672493024343,0.5072588251597501,0.4909201760900413,0.49782900850826395,0.49085550035100917,0.5079933842209088,0.5079933842209088,0.49085550035100917,0.49782900850826395,0.4909201760900413,0.5072588251597501,0.5068672493024343,0.49128083303023273,0.4956578219675836,0.49187026588850546,0.5042775704047258,0.5033608524987426,0.49360875314604563,0.4930614406291215,0.49545790221420105,0.4989138952532267,0.4977515818629262,0.49911992835653723,0.49375087683876895,0.5017531919631281,0.4943488104741091,0.49409134623049517,0.5047750961810358,0.49973196340001813,0.5053744455589518,0.4963970209284168,0.4976906821056925,0.5034704312717291,0.5044914813631911,0.500809740543102,0.5029298194229302,0.5036038209051259,0.4971395750004312,0.5001819355361182,0.49649770166204404,0.5017238404749765,0.5004512891781994,0.4989284561590922,0.49729445850832266,0.5013248071769828,0.49734976028273337,0.497730527487247,0.5023071715196051,0.5020407038793899,0.500657031688967,0.5015412319494748,0.5019458680783844,0.4981980039842939,0.4990999725859019,0.4987307278463436,0.4994034071320335],[0.5017057940085308,0.49954676082248817,0.5018913311567813,0.5014650648831629,0.4986157889121114,0.49793367238250935,0.5015945596203724,0.49800614244502883,0.4994969361487506,0.5001072722881171,0.5013248071769828,0.49708586763505347,0.5003650325626589,0.49789867057711085,0.5026997745965954,0.5017896307693163,0.5017211428279852,0.5033093275892505,0.5038204802629256,0.4965377346946357,0.49571967177585585,0.5036102322386923,0.49690722930128334,0.5013062630746639,0.4970399393730583,0.4983317130043371,0.4967547183777238,0.4948541739030854,0.4943906534297326,0.5043003148580528,0.5054976154783659,0.49316698864296854,0.5008390676889343,0.4939071266736469,0.5076313018472708,0.5075124478028751,0.4965460681334659,0.5069899017315438,0.4987240194702567,0.5053821253042892,0.5046414344387313,0.5017961561160887,0.5094333124674119,0.5034332260510943,0.5018693983567444,0.5013374201088909,0.5050791945765436,0.5096596031759117,0.5056215546276626,0.5002244046933597,0.5002244046933597,0.5056215546276626,0.5096596031759117,0.5050791945765436,0.5013374201088909,0.5018693983567444,0.5034332260510943,0.5094333124674119,0.5017961561160887,0.5046414344387313,0.5053821253042892,0.4987240194702567,0.5069899017315438,0.4965460681334659,0.5075124478028701,0.5076313018472683,0.4939071266736469,0.5008390676889474,0.49316698864296854,0.505497615478373,0.5043003148580617,0.4943906534297225,0.4948541739030939,0.49675471837771074,0.4983317130043515,0.49703993937304225,0.5013062630746773,0.4969072293012936,0.5036102322387003,0.49571967177586024,0.49653773469464463,0.503820480262923,0.5033093275892505,0.5017211428279852,0.5017896307693163,0.5026997745965954,0.49789867057711085,0.5003650325626589,0.49708586763505347,0.5013248071769828,0.5001072722881171,0.4994969361487506,0.49800614244502883,0.5015945596203724,0.49793367238250935,0.4986157889121114,0.5014650648831629,0.5018913311567813,0.49954676082248817,0.5017057940085308],[0.5000166981311224,0.49825638908066927,0.49972598424138864,0.49843588763253627,0.5017792858988677,0.5009885208200405,0.501505882034819,0.5016417536498954,0.502629021601056,0.4972379300575155,0.49729445850832266,0.5003650325626589,0.49678892265462055,0.49773458217802274,0.5017573388517509,0.5029553655415232,0.49635412752733,0.5016965388932618,0.49807714674954295,0.5030323062279188,0.5018211579511593,0.5026416693835349,0.5043632294427782,0.5050339334856854,0.4957057259936284,0.4946064411997188,0.5054927666577247,0.49733952017797156,0.5036839430103942,0.4942344947811148,0.4950932277145204,0.49920975215593644,0.4921661913117038,0.4960789602949741,0.500492717941626,0.5019750249046042,0.4923998360908384,0.493952869209703,0.49089791536213023,0.5069456388189278,0.5078447002682739,0.48992319365917353,0.4984867386196507,0.4898498983876175,0.5100999267875582,0.5103933803500524,0.49008558747286735,0.5015020723059203,0.4902358268307703,0.5108950013691671,0.5108950013691671,0.4902358268307703,0.5015020723059203,0.49008558747286735,0.5103933803500524,0.5100999267875582,0.4898498983876175,0.4984867386196507,0.48992319365917353,0.5078447002682739,0.5069456388189278,0.49089791536213023,0.493952869209703,0.4923998360908384,0.5019750249046195,0.5004927179416413,0.4960789602949483,0.49216619131170375,0.49920975215593644,0.4950932277145302,0.49423449478112197,0.5036839430103738,0.4973395201779555,0.5054927666577169,0.4946064411997121,0.4957057259936418,0.5050339334856799,0.5043632294427858,0.5026416693835235,0.5018211579511752,0.503032306227931,0.498077146749536,0.5016965388932618,0.49635412752733,0.5029553655415232,0.5017573388517509,0.49773458217802274,0.49678892265462055,0.5003650325626589,0.49729445850832266,0.4972379300575155,0.502629021601056,0.5016417536498954,0.501505882034819,0.5009885208200405,0.5017792858988677,0.49843588763253627,0.49972598424138864,0.49825638908066927,0.5000166981311224],[0.5013824384544279,0.49825846591883,0.5013071066180067,0.4999449203467519,0.5002898034451437,0.4991092890314007,0.5024899442459717,0.4996819175709949,0.5016807792348879,0.49788837571214256,0.4989284561590922,0.49789867057711085,0.49773458217802274,0.4964539356399496,0.503640621076751,0.5038543560811743,0.49850269681468234,0.5041227485066885,0.5016445036095729,0.49954380688512917,0.4978736785946324,0.50517872245149,0.5009199335686643,0.5051898625668194,0.49399605192176393,0.4941905538586524,0.5017002309175091,0.4934174106826235,0.4981866210325137,0.4989907175673997,0.5007335776225341,0.4934254497235146,0.4942918225183522,0.4914600036942442,0.5070783524264856,0.5082149104192876,0.49068570401485934,0.5011546113197138,0.491335749034761,0.5105194398871846,0.5106241561018369,0.49322466483657457,0.5071321046469596,0.4946134506297773,0.5100754997619636,0.5098514071163212,0.4962764950320591,0.5098892646579585,0.49688723076902774,0.5092861780628168,0.5092861780628168,0.49688723076902774,0.5098892646579585,0.4962764950320591,0.5098514071163212,0.5100754997619636,0.4946134506297773,0.5071321046469596,0.49322466483657457,0.5106241561018369,0.5105194398871846,0.491335749034761,0.5011546113197138,0.49068570401485934,0.5082149104192959,0.507078352426496,0.4914600036942368,0.49429182251836357,0.4934254497235146,0.5007335776225482,0.4989907175674133,0.49818662103248834,0.49341741068261774,0.5017002309174917,0.4941905538586593,0.4939960519217612,0.5051898625668263,0.5009199335686791,0.5051787224514875,0.49787367859464887,0.49954380688514644,0.5016445036095653,0.5041227485066885,0.49850269681468234,0.5038543560811743,0.503640621076751,0.4964539356399496,0.49773458217802274,0.49789867057711085,0.4989284561590922,0.49788837571214256,0.5016807792348879,0.4996819175709949,0.5024899442459717,0.4991092890314007,0.5002898034451437,0.4999449203467519,0.5013071066180067,0.49825846591883,0.5013824384544279],[0.4983254877404625,0.5015713591904665,0.49832280073402707,0.49957490938067795,0.500207552870536,0.5013998042774147,0.4974335581296768,0.5009100768068736,0.49877723231039905,0.5017091521918193,0.5004512891781994,0.5026997745965954,0.5017573388517509,0.503640621076751,0.4960750364992007,0.49619401689281245,0.5006699914068057,0.49544436529773184,0.4973329216058705,0.5015582768239284,0.5032426069556971,0.49441634089877756,0.5002912794446495,0.4951795840903506,0.5060896564857768,0.5054872295689513,0.4996990371878694,0.5073861371378285,0.5035209192265937,0.499330815662004,0.4974154830547927,0.5080498541868013,0.5045699719771396,0.5094997312876135,0.4911740808752741,0.4902238527548347,0.5092563826028823,0.4964440502647878,0.5079244627757279,0.48895123968920967,0.4891195431458047,0.5051812107948812,0.49032592835800354,0.5033762187723712,0.4905833447093099,0.4909703114504783,0.5013203135926363,0.487805026236256,0.5005859730508726,0.4918665903859906,0.4918665903859906,0.5005859730508726,0.487805026236256,0.5013203135926363,0.4909703114504783,0.4905833447093099,0.5033762187723712,0.49032592835800354,0.5051812107948812,0.4891195431458047,0.48895123968920967,0.5079244627757279,0.4964440502647878,0.5092563826028823,0.49022385275482944,0.4911740808752661,0.5094997312876137,0.5045699719771252,0.5080498541868013,0.4974154830547781,0.49933081566198934,0.5035209192266188,0.5073861371378304,0.4996990371878887,0.5054872295689405,0.5060896564857845,0.49517958409034013,0.5002912794446335,0.4944163408987769,0.5032426069556818,0.5015582768239109,0.4973329216058778,0.49544436529773184,0.5006699914068057,0.49619401689281245,0.4960750364992007,0.503640621076751,0.5017573388517509,0.5026997745965954,0.5004512891781994,0.5017091521918193,0.49877723231039905,0.5009100768068736,0.4974335581296768,0.5013998042774147,0.500207552870536,0.49957490938067795,0.49832280073402707,0.5015713591904665,0.4983254877404625],[0.4987789057879782,0.5020120933585852,0.4989206183610982,0.5004788568467595,0.4992522819982226,0.5005179713822793,0.4973649562757801,0.4998267489305494,0.4977623677462049,0.5026671031638125,0.5017238404749765,0.5017896307693163,0.5029553655415232,0.5038543560811743,0.49619401689281245,0.495645297565366,0.5024155961065426,0.49573716595236766,0.49904892994676203,0.4995360732486511,0.5014295766173792,0.49442883217118644,0.49785711269486377,0.4936723310307765,0.5068897509989339,0.5070600747154647,0.4967491234228405,0.5070128600698595,0.5005973715978329,0.5027165476218451,0.5008050148929309,0.5065227586068769,0.5078908354434485,0.5094239835525392,0.49302459271717036,0.49144179564776697,0.5114167969798551,0.500786849907697,0.5113239078900818,0.48752020217687336,0.48710121103317283,0.5098671845169952,0.49347867512433424,0.5085638095192864,0.48681721465842664,0.48692580315078765,0.5068817475826561,0.4897399784521887,0.5062395454164169,0.48728620869042083,0.48728620869042083,0.5062395454164169,0.4897399784521887,0.5068817475826561,0.48692580315078765,0.48681721465842664,0.5085638095192864,0.49347867512433424,0.5098671845169952,0.48710121103317283,0.48752020217687336,0.5113239078900818,0.500786849907697,0.5114167969798551,0.4914417956477542,0.4930245927171556,0.5094239835525467,0.5078908354434376,0.5065227586068769,0.5008050148929144,0.50271654762183,0.5005973715978632,0.5070128600698697,0.49674912342285926,0.5070600747154602,0.5068897509989324,0.4936723310307717,0.4978571126948478,0.4944288321711921,0.5014295766173593,0.4995360732486317,0.49904892994677114,0.49573716595236766,0.5024155961065426,0.495645297565366,0.49619401689281245,0.5038543560811743,0.5029553655415232,0.5017896307693163,0.5017238404749765,0.5026671031638125,0.4977623677462049,0.4998267489305494,0.4973649562757801,0.5005179713822793,0.4992522819982226,0.5004788568467595,0.4989206183610982,0.5020120933585852,0.4987789057879782],[0.49928360994723825,0.4983951461373088,0.49889507096395,0.4977334181357,0.5024656162082612,0.5019472707176343,0.5008803235300813,0.5026248065417449,0.503019363004527,0.4970026586894904,0.49649770166204404,0.5017211428279852,0.49635412752733,0.49850269681468234,0.5006699914068057,0.5024155961065426,0.49515651659171767,0.500319739234998,0.4960259124991967,0.505076076412216,0.5041332050841728,0.5012482417524493,0.506518446143386,0.5051567833560378,0.49649480349719305,0.49454250025723095,0.5080958314867676,0.49948137232277856,0.5072677041196128,0.4908688341460976,0.49121741902454114,0.5026382897036036,0.4900009007153567,0.498443522010205,0.49650261049963695,0.49838175356135644,0.4923979732286237,0.4885759754703312,0.4892267639673113,0.505810706613215,0.5073913791517556,0.4861157183943506,0.49274133995975533,0.4849957582682061,0.5119721954270292,0.5126834732395609,0.48424872286279075,0.4964241734158111,0.4840924867858767,0.5140357793392286,0.5140357793392286,0.4840924867858767,0.4964241734158111,0.48424872286279075,0.5126834732395609,0.5119721954270292,0.4849957582682061,0.49274133995975533,0.4861157183943506,0.5073913791517556,0.505810706613215,0.4892267639673113,0.4885759754703312,0.4923979732286237,0.49838175356137815,0.4965026104996571,0.4984435220101849,0.4900009007153497,0.5026382897036036,0.4912174190245492,0.49086883414610166,0.5072677041195937,0.49948137232275525,0.5080958314867652,0.4945425002572159,0.49649480349721664,0.5051567833560248,0.5065184461433897,0.5012482417524324,0.5041332050841886,0.5050760764122253,0.4960259124991901,0.500319739234998,0.49515651659171767,0.5024155961065426,0.5006699914068057,0.49850269681468234,0.49635412752733,0.5017211428279852,0.49649770166204404,0.4970026586894904,0.503019363004527,0.5026248065417449,0.5008803235300813,0.5019472707176343,0.5024656162082612,0.4977334181357,0.49889507096395,0.4983951461373088,0.49928360994723825],[0.4980505596114292,0.5016146026138756,0.49799928137745897,0.4992994388999032,0.5004743756884575,0.5017838411524397,0.49715121575751714,0.5012987508394151,0.4988860478133774,0.5016825168796653,0.5001819355361182,0.5033093275892505,0.5016965388932618,0.5041227485066885,0.49544436529773184,0.49573716595236766,0.500319739234998,0.49459895014145694,0.496413882960796,0.5023758370888243,0.5043281626650341,0.4933421622088021,0.5010017847177265,0.4946010095984354,0.5071556939500187,0.5062518406383356,0.5004336264127306,0.5091880081863762,0.5051550059304556,0.49823795906500484,0.4958345379753061,0.5105407238066576,0.5048533278795342,0.5120877939552291,0.48821514767375873,0.48711561354231714,0.5113261314606289,0.49417038844190214,0.5093475343699,0.4859732350089117,0.4863058124759212,0.5054840043667547,0.4863276362802672,0.502987333354939,0.4885780147229468,0.4891473027498265,0.5001628103113861,0.48317086345795324,0.499157145596023,0.49044955502266074,0.49044955502266074,0.499157145596023,0.48317086345795324,0.5001628103113861,0.4891473027498265,0.4885780147229468,0.502987333354939,0.4863276362802672,0.5054840043667547,0.4863058124759212,0.4859732350089117,0.5093475343699,0.49417038844190214,0.5113261314606289,0.4871156135423125,0.48821514767375046,0.5120877939552274,0.504853327879515,0.5105407238066576,0.4958345379752883,0.4982379590649867,0.5051550059304852,0.5091880081863762,0.5004336264127544,0.5062518406383207,0.5071556939500307,0.4946010095984213,0.5010017847177073,0.4933421622087996,0.5043281626650171,0.5023758370888041,0.4964138829608041,0.49459895014145694,0.500319739234998,0.49573716595236766,0.49544436529773184,0.5041227485066885,0.5016965388932618,0.5033093275892505,0.5001819355361182,0.5016825168796653,0.4988860478133774,0.5012987508394151,0.49715121575751714,0.5017838411524397,0.5004743756884575,0.4992994388999032,0.49799928137745897,0.5016146026138756,0.4980505596114292],[0.49803525736240406,0.49978960607350925,0.4976686050923188,0.497603276802098,0.5024095473072037,0.5028993383226299,0.4987355117664835,0.5031411528732812,0.501777303431269,0.4986385725248838,0.4971395750004359,0.5038204802629256,0.49807714674954295,0.5016445036095729,0.4973329216058705,0.49904892994676203,0.4960259124991967,0.496413882960796,0.49396098501816116,0.5061504088264628,0.5067427487818404,0.49630579624647597,0.5064874085445722,0.500674831857034,0.5020584935705227,0.499656780356309,0.5075750811038133,0.5062202178670618,0.5103229206662512,0.4904357988849007,0.4889618944735676,0.51013670141411,0.4944032371985164,0.5074631659806533,0.48808668383355286,0.48898855149410697,0.5013168074989812,0.48503865387626227,0.4968687183518669,0.4950227917654427,0.4967555411508937,0.49100864730583016,0.4829509078017358,0.48803882503171087,0.5028081168845238,0.5039190435288,0.48515768233408846,0.4840004161866035,0.48423321972381134,0.5062052973586153,0.5062052973586153,0.48423321972381134,0.4840004161866035,0.48515768233408846,0.5039190435288,0.5028081168845238,0.48803882503171087,0.4829509078017358,0.49100864730583016,0.4967555411508937,0.4950227917654427,0.4968687183518669,0.48503865387626227,0.5013168074989812,0.4889885514941236,0.48808668383356535,0.5074631659806336,0.4944032371984959,0.51013670141411,0.4889618944735619,0.4904357988848911,0.5103229206662556,0.5062202178670409,0.5075750811038284,0.49965678035628475,0.5020584935705524,0.5006748318570123,0.5064874085445616,0.49630579624645926,0.5067427487818422,0.5061504088264565,0.49396098501816116,0.496413882960796,0.4960259124991967,0.49904892994676203,0.4973329216058705,0.5016445036095729,0.49807714674954295,0.5038204802629256,0.4971395750004359,0.4986385725248838,0.501777303431269,0.5031411528732812,0.4987355117664835,0.5028993383226299,0.5