{"data":[{"type":"contour","x":[-10.0,-9.797979797979798,-9.595959595959595,-9.393939393939394,-9.191919191919192,-8.98989898989899,-8.787878787878787,-8.585858585858587,-8.383838383838384,-8.181818181818182,-7.979797979797979,-7.777777777777778,-7.575757575757576,-7.373737373737374,-7.171717171717171,-6.96969696969697,-6.767676767676768,-6.565656565656566,-6.363636363636363,-6.161616161616162,-5.959595959595959,-5.757575757575758,-5.555555555555555,-5.353535353535354,-5.151515151515151,-4.94949494949495,-4.747474747474747,-4.545454545454546,-4.343434343434343,-4.141414141414141,-3.9393939393939394,-3.737373737373737,-3.5353535353535355,-3.333333333333333,-3.1313131313131315,-2.929292929292929,-2.7272727272727275,-2.525252525252525,-2.3232323232323235,-2.121212121212121,-1.9191919191919187,-1.717171717171718,-1.5151515151515156,-1.3131313131313131,-1.1111111111111107,-0.9090909090909083,-0.7070707070707076,-0.5050505050505052,-0.30303030303030276,-0.10101010101010033,0.10101010101010033,0.30303030303030276,0.5050505050505052,0.7070707070707076,0.9090909090909083,1.1111111111111107,1.3131313131313131,1.5151515151515156,1.717171717171718,1.9191919191919187,2.121212121212121,2.3232323232323235,2.525252525252526,2.7272727272727266,2.929292929292929,3.1313131313131315,3.333333333333334,3.5353535353535346,3.737373737373737,3.9393939393939394,4.141414141414142,4.343434343434344,4.545454545454545,4.747474747474747,4.94949494949495,5.151515151515152,5.353535353535353,5.555555555555555,5.757575757575758,5.95959595959596,6.161616161616163,6.363636363636363,6.565656565656564,6.767676767676768,6.969696969696969,7.171717171717173,7.373737373737374,7.575757575757574,7.777777777777779,7.979797979797979,8.181818181818183,8.383838383838384,8.585858585858585,8.787878787878789,8.98989898989899,9.19191919191919,9.393939393939394,9.595959595959595,9.7979797979798,10.0],"y":[-10.0,-9.797979797979798,-9.595959595959595,-9.393939393939394,-9.191919191919192,-8.98989898989899,-8.787878787878787,-8.585858585858587,-8.383838383838384,-8.181818181818182,-7.979797979797979,-7.777777777777778,-7.575757575757576,-7.373737373737374,-7.171717171717171,-6.96969696969697,-6.767676767676768,-6.565656565656566,-6.363636363636363,-6.161616161616162,-5.959595959595959,-5.757575757575758,-5.555555555555555,-5.353535353535354,-5.151515151515151,-4.94949494949495,-4.747474747474747,-4.545454545454546,-4.343434343434343,-4.141414141414141,-3.9393939393939394,-3.737373737373737,-3.5353535353535355,-3.333333333333333,-3.1313131313131315,-2.929292929292929,-2.7272727272727275,-2.525252525252525,-2.3232323232323235,-2.121212121212121,-1.9191919191919187,-1.717171717171718,-1.5151515151515156,-1.3131313131313131,-1.1111111111111107,-0.9090909090909083,-0.7070707070707076,-0.5050505050505052,-0.30303030303030276,-0.10101010101010033,0.10101010101010033,0.30303030303030276,0.5050505050505052,0.7070707070707076,0.9090909090909083,1.1111111111111107,1.3131313131313131,1.5151515151515156,1.717171717171718,1.9191919191919187,2.121212121212121,2.3232323232323235,2.525252525252526,2.7272727272727266,2.929292929292929,3.1313131313131315,3.333333333333334,3.5353535353535346,3.737373737373737,3.9393939393939394,4.141414141414142,4.343434343434344,4.545454545454545,4.747474747474747,4.94949494949495,5.151515151515152,5.353535353535353,5.555555555555555,5.757575757575758,5.95959595959596,6.161616161616163,6.363636363636363,6.565656565656564,6.767676767676768,6.969696969696969,7.171717171717173,7.373737373737374,7.575757575757574,7.777777777777779,7.979797979797979,8.181818181818183,8.383838383838384,8.585858585858585,8.787878787878789,8.98989898989899,9.19191919191919,9.393939393939394,9.595959595959595,9.7979797979798,10.0],"z":[[0.06674108334561424,0.6771856979099115,0.20133513203734577,-0.7438937233460244,-0.7803980644135873,0.25954948866073463,0.9260487293977616,0.07209594377869434,-1.357527502467072,-1.2377908916252347,0.9777331081487436,3.131301184638895,2.598041403668933,-0.5680930618128895,-3.4049330037027072,-3.2000301755625657,-0.42583071503976444,1.9377218368339584,1.7953015914017152,0.023921217018093438,-0.9912631815046998,-0.2979837992304308,0.8071550012605491,0.7670060148758768,-0.2349689655926909,-0.7533390661366538,-0.1435793564558537,0.6371428349938861,0.45373186986693625,-0.41944814777395123,-0.7267092376810687,-0.028146297822081362,0.659683852480141,0.29407230402350787,-0.6698149401209872,-0.8391228660259384,0.14008989971616367,0.9225213561332677,0.2187037503933787,-1.25050465183268,-1.3600415725059924,0.7031278446634747,3.0042120324585078,2.8028969351084796,-0.19955030117020425,-3.2298517133483253,-3.3752781891844776,-0.7446964030484546,1.7989128607504203,1.9211048486522042,0.2067781607050269,-0.9708630713700355,-0.4205509104689864,0.7312859794106005,0.8342764307328413,-0.13040541445698847,-0.7555734731823482,-0.23815429254289824,0.5910668197858736,0.5216207900489243,-0.33592349924661413,-0.7473397955515441,-0.12310655181040249,0.6296873410972327,0.3796011285628347,-0.5864318148352539,-0.8841474422630056,0.01858172333239387,0.9015178920117501,0.3558748898756054,-1.1281050745511794,-1.4569615166117746,0.431867334408829,2.848754861863545,2.9756132756669795,0.16855115979969953,-3.0218273965738933,-3.518999955350761,-1.0650463817647784,1.6320312920781186,2.026106032779582,0.39647336267360156,-0.9301685321073992,-0.5363975479331861,0.6428143291531371,0.8890102638502045,-0.02165798620464932,-0.7442445430849681,-0.3291134363703835,0.5342749043033836,0.5801573870808421,-0.24709272120046813,-0.7556532654604969,-0.21648719011227158,0.587805703944991,0.45653589231562897,-0.495250804516533,-0.9148823164976,-0.10288640873802352,0.8637570747966068],[0.6771856979099115,6.871037245215297,2.042838759395918,-7.547887522385915,-7.918277339922544,2.63350837010994,9.396115910621026,0.7315185723226222,-13.774097798645835,-12.559195128300951,9.920529365438341,31.771620593946583,26.360921833283445,-5.764133233339553,-34.5480147588948,-32.468976515549976,-4.320674096079517,19.66101610362769,18.215954854020747,0.24271565921946558,-10.057811706524697,-3.0234805450002704,8.189765515486178,7.782395451915485,-2.3841030887688226,-7.643724310298813,-1.4568221226424325,6.464743959119255,4.603772033017222,-4.255913635929739,-7.373525834878026,-0.2855852704027001,6.693455479712696,2.9837927173716015,-6.796250149962886,-8.514126160034547,1.4214164912211273,9.360325560717122,2.219068741793019,-12.688194781101819,-13.7996067084291,7.13425818611043,30.482115660824903,28.43948018257208,-2.0247290453213442,-32.771559540365736,-34.24712338495764,-7.556031879463153,18.25259645214375,19.492412506338898,2.0980662292285532,-9.850822815627565,-4.267102772932494,7.419963559393478,8.46495200070399,-1.3231532539408506,-7.66639563085287,-2.4164228796040605,5.997235537747547,5.292604210878639,-3.4084341739503183,-7.582852954389142,-1.2490956398370827,6.389097092383158,3.8516074700502365,-5.950206647820072,-8.97096619849041,0.18853870288641209,9.147214763039454,3.6108701505646312,-11.446272429676611,-14.783000994236367,4.381924409912265,28.9047757782926,30.191939533821724,1.7101975134478402,-30.660849239071478,-35.70539046195671,-10.806449958370386,16.559339377420528,20.557802766584622,4.022800909815548,-9.437917321885658,-5.442535986017515,6.5222895448049965,9.020306620690121,-0.2197518794738363,-7.551447100652377,-3.3393361469109704,5.420998668434308,5.886543420841065,-2.5071162838053302,-7.667205239970033,-2.196578502712722,5.964146758003934,4.632222933177772,-5.025042221149564,-9.282816354577138,-1.043932777445413,8.764076161182075],[0.20133513203734577,2.042838759395918,0.6073595656603795,-2.2440741669720974,-2.354195339125007,0.782972465387296,2.793573820802634,0.21748892334985356,-4.095198418314209,-3.7339938177129843,2.9494879998729826,9.446069884620735,7.837406629099149,-1.7137434077493772,-10.271523947683258,-9.653401857204306,-1.2845863288451136,5.845447246493489,5.41581384107805,0.07216216976718182,-2.9903036260067384,-0.8989156986315407,2.4349119104323855,2.3137960838722407,-0.7088213936729826,-2.272567551294938,-0.4331300488513279,1.9220430712198275,1.3687546163455322,-1.265332295815034,-2.192234422740929,-0.08490780047764379,1.9900416487728767,0.8871160489334509,-2.0206036919043764,-2.5313480776453448,0.42260354556120316,2.7829329362626836,0.6597547755479629,-3.7723469049231775,-4.102782511916884,2.1210973863186124,9.062685169358481,8.455386041530607,-0.6019753384305127,-9.743363286457122,-10.182065465781598,-2.2464955784291996,5.426707811548665,5.795319449012115,0.6237793305271818,-2.928763437240699,-1.268658955522684,2.206040894770225,2.5167280319293757,-0.3933887498067992,-2.279307996834914,-0.718430440903773,1.7830474160606047,1.573552381433227,-1.0133668601846073,-2.254469793889264,-0.37137056548900743,1.899552383732583,1.1451274014380537,-1.7690651837241242,-2.66717189930363,0.05605473470119798,2.7195726338796797,1.0735534149310335,-3.403109040957555,-4.395156995000131,1.302796754819712,8.593723798057251,8.97641245417181,0.5084614799791118,-9.115824727218088,-10.615625116257826,-3.212882427875663,4.923282919728338,6.112072282658655,1.196025189010144,-2.806001863335558,-1.618128830459466,1.939152038712739,2.6818413768915614,-0.06533477273054523,-2.24513247071727,-0.9928232184030025,1.6117255371047354,1.7501373707928962,-0.7453946378236673,-2.279548702979485,-0.6530681676223101,1.7732097395426325,1.3772133976784593,-1.4940031105367162,-2.7598885537536195,-0.3103732760951582,2.605661100851672],[-0.7438937233460244,-7.547887522385915,-2.2440741669720974,8.291412783457249,8.698288860886505,-2.8929292998220166,-10.321705953501345,-0.803578805845124,15.130952896365002,13.79637292260703,-10.897778186983013,-34.901370795802556,-28.957676386135798,6.331944909713606,37.95126124566594,35.66742166577819,4.746293890460897,-21.597778156324065,-20.01036720427502,-0.2666250276821011,11.048583899766944,3.3213167481628223,-8.996520720164959,-8.549021556634745,2.6189556705329813,8.396690235733763,1.600330361982201,-7.1015712072343735,-5.057279162344449,4.6751540244313725,8.099875122030745,0.3137176269202723,-7.352812580393174,-3.2777193627523977,7.465733320196975,9.352833395291926,-1.5614370022040747,-10.28238997749647,-2.4376641647750694,13.93808003828972,15.158974630928709,-7.837037760480834,-33.484839659758734,-31.240988798693554,2.2241805060852147,35.99981145730247,37.62072974570713,8.30035942265702,-20.050618283028154,-21.412565801509416,-2.3047419694546076,10.821205003230922,4.687445377913436,-8.150887321343482,-9.298815201183986,1.4534940765426656,8.421594856596522,2.6544592105758316,-6.5880095928305105,-5.813966633936694,3.7441912849982284,8.329822580772168,1.37214121503391,-7.018472539425146,-4.231020576196809,6.536347993743351,9.854675708603278,-0.20711122239864743,-10.048286119043787,-3.9665687700035956,12.57381873602097,16.239240854867322,-4.813577833630082,-31.752119607015928,-33.16607894137859,-1.8786651872040465,33.68117987695348,39.22264740121862,11.870968805891817,-18.190562298701348,-22.582905237142647,-4.419077892989659,10.367625126872461,5.978667847798973,-7.164785477899005,-9.908876543758085,0.24139913813688693,8.295323007696114,3.6682865682140253,-5.955008937964778,-6.466413446832798,2.75408661609021,8.422484218469462,2.4129584633108747,-6.55166131252804,-5.088532696077221,5.520047720144289,10.197245515457434,1.146768224925116,-9.62740540349862],[-0.7803980644135873,-7.918277339922544,-2.354195339125007,8.698288860886505,9.125131154774614,-3.034891080827563,-10.82821254537165,-0.843012012340389,15.873458778417202,14.47338831722123,-11.432553786415285,-36.61405031341535,-30.378687025355706,6.642666010525592,39.81360493936525,37.41769281960874,4.979203949447483,-22.657623985609654,-20.99231562834077,-0.2797088468382529,11.590759834760108,3.4843003512815547,-9.437997843151162,-8.968539007721207,2.7474730219201415,8.808732486641858,1.6788617482826615,-7.450059397588256,-5.305449885691482,4.904573109033391,8.497352066357294,0.3291123733640154,-7.713629683450901,-3.438563555661406,7.832091668018617,9.811795488256132,-1.6380598141664993,-10.786967256411922,-2.5572851822490037,14.622049282251261,15.90285559509777,-8.221616753943975,-35.128007183789464,-32.77404610863532,2.3333254568246264,37.76639363774392,39.46685360284995,8.707674529424079,-21.03454190739608,-22.463322893038665,-2.4178402310547567,11.352223004596977,4.917467623619802,-8.550867535510706,-9.755126514178306,1.5248199149583168,8.834859226667074,2.7847187911204045,-6.9112962957365855,-6.099269512963586,3.9279261807236425,8.738583503169886,1.4394749071118023,-7.362882913262009,-4.438645151227027,6.857099559473258,10.338264199656788,-0.2172745810399238,-10.541375457106948,-4.161216170168312,13.190840970859636,17.036132626151474,-5.049789649215407,-33.31025911992778,-34.793604244460944,-1.9708550156609717,35.33398220502788,41.14738053630496,12.45350080003677,-19.083209285122642,-23.691093207011626,-4.635930813705573,10.876385063694705,6.272052942196668,-7.516375717946625,-10.395124777340055,0.25324507283886,8.70239096758759,3.8482966688737354,-6.247233042711976,-6.783733185578945,2.889235111107962,8.835792231291826,2.5313671229919437,-6.873164333195997,-5.338237092339003,5.790927414866003,10.697644586673665,1.2030424171844825,-10.09984128972203],[0.25954948866073463,2.63350837010994,0.782972465387296,-2.8929292998220166,-3.034891080827563,1.009362355045974,3.601312147503619,0.28037401259089456,-5.279290527599242,-4.8136466608817186,3.802307597444074,12.177321382500224,10.103526704080696,-2.209257871073138,-13.241448531164288,-12.444601647611162,-1.656013639638781,7.535609053760479,6.981750770018608,0.09302725298954277,-3.8549247178898938,-1.1588295970404514,3.138946168468163,2.982810721393895,-0.913771125873285,-2.9296613060862553,-0.5583659521583574,2.4777856267354244,1.7645184781193854,-1.6311924652265226,-2.8261005304395956,-0.10945817540275249,2.5654454199118955,1.1436181780768353,-2.604844220245146,-3.2632660406893796,0.5447957991567907,3.5875945408778183,0.8505173086393502,-4.863089220027928,-5.289067497950172,2.7343948194620027,11.683084207896233,10.900189655431355,-0.7760314342309158,-12.560574665958628,-13.12612388315584,-2.8960508419948527,6.9957946402389775,7.47098722610267,0.8041398668834121,-3.775590702188413,-1.6354810005523328,2.843899027498458,3.24441873196895,-0.5071337914254384,-2.9383506946472226,-0.9261585481280649,2.298600549309651,2.0285317909947196,-1.306373347389076,-2.9063307346503793,-0.4787492346762436,2.4487919465074754,1.4762313386990584,-2.280575472332048,-3.438362175688887,0.07226248882390965,3.505914141046517,1.3839623372022827,-4.387089339546648,-5.665979598753459,1.6794894568107412,11.078526608379553,11.571866464199516,0.65547883172113,-11.751588621063231,-13.685043652628355,-4.141860304477348,6.346808683695563,7.879326472079615,1.5418457925930185,-3.617333653794314,-2.085997144577052,2.499841507988551,3.4572732090904568,-0.08422577163946156,-2.8942936031759703,-1.2798896847233086,2.0777423929142533,2.2561748418109175,-0.9609192153394276,-2.938660998944882,-0.8418973243851562,2.2859183915361343,1.7754230447861061,-1.9259815188410556,-3.5578870693789018,-0.40011509312499277,3.359066048263109],[0.9260487293977616,9.396115910621026,2.793573820802634,-10.321705953501345,-10.82821254537165,3.601312147503619,12.849150871261099,1.0003487175246706,-18.836023566955767,-17.17464903159974,13.566284170164984,43.4475638997416,36.04845501730222,-7.882429108128657,-47.24427179935188,-44.40119532924758,-5.9085045197581065,26.886360768734825,24.910245298147203,0.33191269177546595,-13.75401722171074,-4.134597534617207,11.199471537998317,10.642394607802263,-3.26025142427234,-10.452762377094196,-1.992198417355012,8.840511469308481,6.295639814560458,-5.819944849903863,-10.083267044246929,-0.3905367133526194,9.15327355760699,4.080324589306162,-9.293844857426016,-11.643033420178847,1.9437813582050312,12.80020771112717,3.0345676158345194,-17.351055540091725,-18.870906898907435,9.756069492953253,41.684171068860614,38.89087523420691,-2.7688088593448286,-44.814976403674876,-46.83280405072509,-10.332843329181923,24.960352536811037,26.655796024790764,2.8690971645829526,-13.470960742511085,-5.835245949936602,10.14677044651367,11.575787954263348,-1.8094067748215283,-10.483765317141,-3.3044486087813296,8.201195575706107,7.237615058641468,-4.6610200802594415,-10.369521041710339,-1.708133284175322,8.737064682053381,5.26705778752795,-8.13688375710636,-12.267760342876434,0.25782592099795226,12.508779548926668,4.93785046741422,-15.652731699086752,-20.21569464572425,5.9922640785838395,39.527165097594846,41.2873563774957,2.338688249376278,-41.9285885211884,-48.826978437374976,-14.777777032409652,22.64483026953508,28.11271293821405,5.501164130684934,-12.90631413372828,-7.4426461605862375,8.919204827232619,12.33523317259953,-0.30050981495564405,-10.3265736625227,-4.566528805058008,7.413193965059778,8.049824549218137,-3.4284714757505554,-10.4848724543658,-3.003812303977753,8.155946801945129,6.334546306568806,-6.871725109417068,-12.694214182196925,-1.427573891642657,11.984839045563495],[0.07209594377869434,0.7315185723226222,0.21748892334985356,-0.803578805845124,-0.843012012340389,0.28037401259089456,1.0003487175246706,0.07788044258173134,-1.4664464762891636,-1.3371029965197154,1.0561799069192372,3.3825359560442285,2.8064909585550524,-0.6136730690066007,-3.678122171526043,-3.456779303877523,-0.45999653814078384,2.093191743437734,1.9393446451750478,0.02584049630006105,-1.0707955433322882,-0.32189203649914416,0.8719157477595324,0.8285454738583505,-0.25382131191045176,-0.8137819800920469,-0.15509920864211701,0.688262936531067,0.49013629597725306,-0.4531018761471073,-0.7850155513958261,-0.030404569474111062,0.7126124952726901,0.3176667089438719,-0.7235564339736712,-0.9064485012798102,0.15132978111244821,0.9965383313005438,0.2362510840721433,-1.3508368242489592,-1.4691622585794073,0.7595421443128788,3.245250015942969,3.027782734730433,-0.21556088953018124,-3.488993523422966,-3.6460880520137406,-0.8044458872258536,1.9432456587469393,2.075241518693567,0.22336866441996533,-1.0487586641025688,-0.4542931171830189,0.7899595004281371,0.9012132202669321,-0.14086827719655512,-0.8161956610913634,-0.2572622083000067,0.6384900884521568,0.5634721713823757,-0.3628757655942013,-0.8073013679542809,-0.1329838023777739,0.6802092634129357,0.41005779725620034,-0.6334832015455809,-0.9550855499210118,0.020072597169964203,0.9738496889747782,0.3844279230508879,-1.2186167193320843,-1.5738584140957956,0.4665174956804108,3.07731999639009,3.214356685202361,0.1820745833241168,-3.2642787196624976,-3.80134109637386,-1.1504986166284805,1.7629746234328383,2.188667299158385,0.4282837471643202,-1.0047990657905992,-0.5794345179948558,0.6943894736435847,0.9603385319551963,-0.023395678905663776,-0.8039577730255691,-0.3555193085868794,0.5771415675642498,0.6267053554581412,-0.2669177969968356,-0.8162818553709738,-0.2338566817430524,0.6349673223756375,0.49316529452928853,-0.5349864336765134,-0.9882863859546116,-0.11114132956991848,0.933059195046432],[-1.357527502467072,-13.774097798645835,-4.095198418314209,15.130952896365002,15.873458778417202,-5.279290527599242,-18.836023566955767,-1.4664464762891636,27.612391462260973,25.176923919304574,-19.887294569541215,-63.69131670581968,-52.84470196213106,11.55513091356498,69.25704475979244,65.08927866146456,8.661485221451477,-39.41366477393223,-36.51680739028466,-0.4865625244106733,20.162499072830336,6.061052390326812,-16.417700433342514,-15.601061708269285,4.779317581144388,15.323073131245051,2.9204339427036423,-12.959617646974829,-9.22900050783567,8.53166247711844,14.781416887410456,0.572501545835566,-13.418106626135115,-5.981491765101886,13.624175053750122,17.067933444836115,-2.849457667591836,-18.764276061851294,-4.4484797244636765,25.43552444354243,27.663528169216853,-14.301766453777326,-61.106296944353126,-57.0115060357417,4.058894587630945,65.69585493623654,68.65385967092314,15.147279568290275,-36.59026135917361,-39.07567178169855,-4.205910752347357,19.747556594031273,8.55409289946344,-14.874508765127729,-16.969355943999986,2.6524732252134187,15.36852143481137,4.844107793147146,-12.022421924138568,-10.609875250047908,6.8327537716275675,15.201046721037502,2.5040128424509747,-12.807971352041745,-7.721165827096963,11.92814496039865,17.983742680539216,-0.37795611342314833,-18.33706123759696,-7.238569202447948,22.945891609901896,29.63489996999864,-8.78427131368486,-57.94426579413139,-60.52459228906876,-3.428365611267089,61.464597110515754,71.5771902567263,21.663264696522813,-33.19585557833931,-41.21141768360997,-8.064350574560825,18.91982121006728,10.910437575674298,-13.074977016576227,-18.082653482002062,0.44052793941943025,15.138088642747153,6.694235677755173,-10.867262563209016,-11.80052179619635,5.025917289236009,15.370144426327862,4.4033944277972,-11.956090150352338,-9.286034907051569,10.073504265260286,18.608896408450203,2.092730931091691,-17.56899836963697],[-1.2377908916252347,-12.559195128300951,-3.7339938177129843,13.79637292260703,14.47338831722123,-4.8136466608817186,-17.17464903159974,-1.3371029965197154,25.176923919304574,22.956269430874833,-18.133195852393566,-58.07361659399898,-48.183694724787046,10.535945511494221,63.148436424868386,59.348275540054324,7.897525092917419,-35.93730158253425,-33.29595274996926,-0.44364674736033255,18.384126774151287,5.526455581029276,-14.969626781698258,-14.225017207448689,4.357772317226674,13.971547772766057,2.6628458924790164,-11.816553737009976,-8.41498440852453,7.779152971417714,13.477666681007724,0.5220057771122902,-12.234603081339129,-5.453912360316286,12.422495866045034,15.562507955448437,-2.5981298652197373,-17.1092297983586,-4.056115013886602,23.192060877375486,25.223550267560995,-13.040322364346572,-55.71660068853878,-51.98297843736676,3.7008920567032186,59.90135058761267,62.59845345390852,13.81125954977512,-33.36292793351378,-35.6291202407495,-3.834941104900726,18.00578304271861,7.799604986145586,-13.562547670979068,-15.472625185167619,2.418519840284868,14.012987446063264,4.416847904378859,-10.962020530656028,-9.674063267169688,6.230091374111012,13.860284333301195,2.283153956929583,-11.678282945239083,-7.040143729051604,10.87605898159328,16.397541005135814,-0.34461963664017536,-16.719696166613915,-6.600113081249591,20.922018584036294,27.021043176235025,-8.009481208950822,-52.83346694011245,-55.186203534434384,-3.125976983210706,56.04329807134534,65.26394049983625,19.752521901391717,-30.26791545652077,-37.57648912970945,-7.353058902986193,17.2510555568411,9.948115401177976,-11.921738182037235,-16.48772767826882,0.40167250381951664,13.802879282044112,6.103790850100304,-9.908748510210234,-10.759692432906116,4.582621443302227,14.014467286517801,4.015006329562662,-10.90153935051881,-8.466988260918283,9.185001264156396,16.967554937720983,1.908147923648068,-16.019377962799485],[0.9777331081487436,9.920529365438341,2.9494879998729826,-10.897778186983013,-11.432553786415285,3.802307597444074,13.566284170164984,1.0561799069192372,-19.887294569541215,-18.133195852393566,14.323441916874758,45.87244746916467,38.06038154271697,-8.322361088562593,-49.88105619306301,-46.879302715546324,-6.238268360209205,28.38693499241584,26.300529104925484,0.35043731227263714,-14.521652674217355,-4.365356562925581,11.824533384535469,11.236365028867224,-3.4422116862826377,-11.036149095893636,-2.1033864512899485,9.333915680800988,6.647010344345768,-6.1447660222495974,-10.646031590450747,-0.4123332417299189,9.664133561346068,4.308054550814551,-9.812550388155977,-12.292851221333017,2.05226715245897,13.514609407745636,3.2039320747699076,-18.319447912755127,-19.924124800487995,10.30057257879261,44.01063663924675,41.06144214040971,-2.9233408631504143,-47.316177626282425,-49.44662371883514,-10.909537158833094,26.3534329151077,28.14350203195753,3.029226431888475,-14.222798324112581,-6.160921103098133,10.713079227259945,12.221852669840773,-1.9103928915297563,-11.068882363562416,-3.4888755919817482,8.658918463162937,7.6415588534652095,-4.921159659902003,-10.948261917835264,-1.8034671524847035,9.224695349710302,5.561021378159881,-8.59101729090916,-12.952445232406864,0.2722156308800067,13.206916136554955,5.21344042901324,-16.526337685403714,-21.34396747372467,6.326702684654649,41.7332444398615,43.591675034710434,2.4692144791782913,-44.268695451665465,-51.552096421678556,-15.60255028784874,23.908677351495324,29.681731994221188,5.8081936005990515,-13.626637813023828,-7.858033095271027,9.41700105092386,13.023683837273431,-0.31728178666889906,-10.902917571250738,-4.821394663457681,7.826937121852202,8.499099158288994,-3.619820389327563,-11.07005129202761,-3.1714602558480722,8.611144277199731,6.688088274859452,-7.255247954331198,-13.402700196929034,-1.5072492557659423,12.653733608923348],[3.131301184638895,31.771620593946583,9.446069884620735,-34.901370795802556,-36.61405031341535,12.177321382500224,43.4475638997416,3.3825359560442285,-63.69131670581968,-58.07361659399898,45.87244746916467,146.9117164033159,121.8926891390357,-26.653305404529863,-159.7497405443447,-150.1362845390153,-19.978762040087027,90.91237928755542,84.23042776859118,1.1223152432044285,-46.507239902909916,-13.980549561977735,37.86940943925287,35.985733563370694,-11.02407338076447,-35.344519327217,-6.736333700664283,29.8929237283896,21.287804608525608,-19.679310196655244,-34.095123764398586,-1.3205439782432618,30.950483947964823,13.797033368335487,-31.425805670975883,-39.36925043362021,6.572618347616219,43.282069611544685,10.260955896466701,-58.670109944168786,-63.80926969813732,32.988752093608504,140.94905603239533,131.5039261181345,-9.362330713356181,-151.53542599605066,-158.35842126727633,-34.93903023699097,84.3998582216615,90.13275761870703,9.701441258005154,-45.55012494718398,-19.731048675568715,34.30985142659814,39.14186951898979,-6.118249933971551,-35.449351329911906,-11.173519831925528,27.73116857291578,24.472959022170343,-15.760572025657536,-35.06305067030527,-5.775808125926296,29.54313322903905,17.80980175889182,-27.51370736663711,-41.48167507286241,0.8718014357371177,42.296647008428515,16.69663434260012,-52.927471045784046,-68.35647691414836,20.261982995367013,133.65544918571226,139.60728397039904,7.907939456420903,-141.77551865118014,-165.10143642518733,-49.96893711846785,76.57025121675342,95.05911355668194,18.60139883838425,-43.640853287004965,-25.166242336564604,30.159014050711313,41.70982478565373,-1.0161309115754378,-34.91783025688832,-15.441063308045333,25.066653954426016,27.219329120503772,-11.592885398698249,-35.45309495591508,-10.156961213040418,27.578166323268132,21.419361340529456,-23.235754547845413,-42.92366766986806,-4.827136711226089,40.52501721533075],[2.598041403668933,26.360921833283445,7.837406629099149,-28.957676386135798,-30.378687025355706,10.103526704080696,36.04845501730222,2.8064909585550524,-52.84470196213106,-48.183694724787046,38.06038154271697,121.8926891390357,101.13439573979575,-22.114254395361556,-132.54440109294043,-124.56811415614874,-16.576384037673183,75.4300246344272,69.88600772901427,0.9311852478828636,-38.587068989359416,-11.599665591495128,31.420258817107715,29.857372455156366,-9.14667653843511,-29.325356837392864,-5.5891378156504095,24.802166557488103,17.662496995651306,-16.32792876564208,-28.28873301542193,-1.0956556806710778,25.67962454549908,11.447402158113116,-26.073999102154318,-32.664677278481534,5.453303144836334,35.911144363534525,8.513517764122597,-48.678605411870336,-52.942567590398056,27.37077615369945,116.94546828539748,109.10884154994933,-7.767928217018732,-125.72898218532454,-131.3900231285086,-28.98892243424082,70.02658421979659,74.78317233391968,8.049288323718386,-37.79295046277204,-16.370856194993006,28.466892612347387,32.47601927473793,-5.076313554387739,-29.412335977172518,-9.270672297658953,23.008557745257722,20.305220437370366,-13.076550690503646,-29.091822219873766,-4.792189497585639,24.511945289607233,14.77679713076617,-22.82813012610203,-34.417356548621605,0.7233338769627975,35.093538974577896,13.853201837241405,-43.913936430964284,-56.71538659491078,16.81137253760214,110.893960796203,115.83219965814003,6.561219414560402,-117.63118453419558,-136.98470455096663,-41.45924006542987,63.53035726053864,78.87057113121713,15.43358543258579,-36.2088272719622,-20.880437782832082,25.022941766816025,34.60665242439836,-0.843084080436448,-28.971332805260435,-12.811454224771815,20.797809276385713,22.58388441906314,-9.61862001699476,-29.415442064636668,-8.427233348356925,22.881611739108866,17.771649650258304,-19.278711564679057,-35.61377817972599,-4.005076579173561,33.62361727652438],[-0.5680930618128895,-5.764133233339553,-1.7137434077493772,6.331944909713606,6.642666010525592,-2.209257871073138,-7.882429108128657,-0.6136730690066007,11.55513091356498,10.535945511494221,-8.322361088562593,-26.653305404529863,-22.114254395361556,4.835548221606011,28.982430586637154,27.238319325969364,3.6246261312269903,-16.493683890749086,-15.281417783638272,-0.20361487612850246,8.437527645861865,2.5364066687205917,-6.870418234735233,-6.528674297408941,2.0000310513888433,6.412342671284455,1.2221323378846558,-5.423292607784838,-3.8621178181959146,3.570298391872115,6.185672380295248,0.23957831828473605,-5.615159371077135,-2.5031124340906215,5.70139412048297,7.14252532775538,-1.192430450172574,-7.8524044789567515,-1.8615832552124867,10.644163697375333,11.576530412560619,-5.984950050215504,-25.571535946106696,-23.857963071502578,1.6985511156662247,27.492157110126254,28.73001193334807,6.338777234676737,-15.312156527429906,-16.352241840050016,-1.7600738936563234,8.2638840601306,3.579684991616554,-6.224629123157699,-7.10127298172623,1.1099971331334046,6.431361708379668,2.027144218411436,-5.031098426277336,-4.439981146090049,2.859345393506402,6.361277512846884,1.0478699841451462,-5.359832230116941,-3.2311247672766465,4.991645753022393,7.52576977164444,-0.1581656690676616,-7.673625207729142,-3.029169526134801,9.602311405850905,12.401502753999335,-3.6760091985741616,-24.248300907101825,-25.32810634479788,-1.4346896940056506,25.7214760674475,29.95335644766701,9.065562464071869,-13.891678216997809,-17.24600084417054,-3.374739444400992,7.917496434250159,4.565759350598167,-5.471567767858254,-7.567161596080613,0.18435049416243962,6.334931050328208,2.801378856606452,-4.5476916319106,-4.9382384857823745,2.1032271803492812,6.432040891835049,1.8427161278950257,-5.0033401522112735,-3.885985361520331,4.21552261065571,7.787381779318154,0.8757582590657345,-7.352209114477827],[-3.4049330037027072,-34.5480147588948,-10.271523947683258,37.95126124566594,39.81360493936525,-13.241448531164288,-47.24427179935188,-3.678122171526043,69.25704475979244,63.148436424868386,-49.88105619306301,-159.7497405443447,-132.54440109294043,28.982430586637154,173.70962799131414,163.2560907229198,21.724625716979705,-98.85684654030926,-91.59098614729616,-1.220389859299363,50.571320584991575,15.202253570178055,-41.17866485121033,-39.13038211509612,11.987422823951105,38.433134745269726,7.324994814892488,-32.50514612879671,-23.14806025160506,21.39900598109407,37.07455952823556,1.4359410063838611,-33.655122283342195,-15.002700634321315,34.171980460382684,42.80957091897544,-7.146973035467115,-47.06431563078838,-11.157619571317742,63.79705493031458,69.3853051898009,-35.87150648603218,-153.2660272604183,-142.99552542332492,10.180467146970464,164.7774975257144,172.19672691733962,37.99221159398519,-91.7752224463534,-98.00909686880337,-10.549211198498694,49.53056720199673,21.455265677631107,-37.30805137738053,-42.56232010055041,6.652899193241943,38.54712759513393,12.1499287995311,-30.154483883048506,-26.611552501443995,17.13782503920444,38.12706967426087,6.280532772604772,-32.124788844271336,-19.366128718546275,29.918019616399352,45.10659185304442,-0.9479846575534825,-45.992780908927436,-18.155686077968674,57.55258991066746,74.32987455937325,-22.032596212664945,-145.3350614401607,-151.80700313340375,-8.59898248643096,154.16471112412066,179.5289870551604,54.33552160018017,-83.26141756938567,-103.36594724253449,-20.226900283677363,47.454451968920715,27.365419056880327,-32.794489014394465,-45.35467865181017,1.1049265059134576,37.96915903286987,16.79039573955565,-27.257128046487423,-29.59791683907833,12.605941036848217,38.5511983615598,11.044537210686057,-29.988111382050608,-23.29111319740811,25.266233703104444,46.674594384620036,5.248960777733069,-44.06633551221699],[-3.2000301755625657,-32.468976515549976,-9.653401857204306,35.66742166577819,37.41769281960874,-12.444601647611162,-44.40119532924758,-3.456779303877523,65.08927866146456,59.348275540054324,-46.879302715546324,-150.1362845390153,-124.56811415614874,27.238319325969364,163.2560907229198,153.43162878377072,20.41727627872219,-92.90781687802286,-86.07920307452586,-1.1469489624206113,47.528028220831075,14.287408917656068,-38.70060584744358,-36.77558513293275,11.266040982937435,36.12029687297293,6.884189620766445,-30.549044095759307,-21.755051048089346,20.111251760924155,34.8434783025185,1.3495286238405058,-31.62981672527101,-14.099864723491528,32.115571294073746,40.233366881120624,-6.716880876233427,-44.232068603683345,-10.486173818056626,59.95786133442943,65.20982060631675,-33.71282285829488,-144.04274961903369,-134.3903083636171,9.56782469323243,154.86148002400205,161.83423335183647,35.70590769477756,-86.25235235992326,-92.11108327792205,-9.914378381856064,46.549905530228756,20.16412584872287,-35.06291902637395,-40.000995178349314,6.252539521394031,36.22742983534462,11.41876763717695,-28.339840534112163,-25.010116478234117,16.106501129193514,35.83265025500748,5.902581451408696,-30.191576037899537,-18.200709445908327,28.117606267565158,42.39215717007089,-0.8909366224952479,-43.22501694058476,-17.063109096232207,54.08917714258611,69.8568345624173,-20.706713656287047,-136.58905525307088,-142.6715269758148,-8.081510974162965,144.8873522819969,168.7252510812854,51.0657062962551,-78.2508931577829,-97.14556789869783,-19.009681305175548,44.5987272290511,25.718616681650836,-30.82097483976816,-42.625314545368965,1.038433988820619,35.68424239589714,15.779979508491524,-25.61684243216557,-27.816766707551867,11.847337866974042,36.23125563026813,10.379896553290555,-28.183480035095553,-21.889495321376092,23.745756578712868,43.86580009078151,4.933087629279165,-41.41450161052005],[-0.42583071503976444,-4.320674096079517,-1.2845863288451136,4.746293890460897,4.979203949447483,-1.656013639638781,-5.9085045197581065,-0.45999653814078384,8.661485221451477,7.897525092917419,-6.238268360209205,-19.978762040087027,-16.576384037673183,3.6246261312269903,21.724625716979705,20.41727627872219,2.7169441786292636,-12.363321569927631,-11.454632170408974,-0.1526254660069957,6.324594810468811,1.9012375576744116,-5.149922268339805,-4.893758137893003,1.4991815777450133,4.806558376332381,0.9160849204070215,-4.065187069303665,-2.894962995749206,2.676221237880516,4.636651052025018,0.17958291245038172,-4.209006394863453,-1.876280893542767,4.273646165121475,5.353888072143839,-0.8938210046286725,-5.885998683710266,-1.395403996210537,7.978643188827624,8.677525839743355,-4.486193778229871,-19.167890207717704,-17.883431706962856,1.2731985034416191,20.60754778949667,21.535417957116465,4.751415258807043,-11.477673291887283,-12.257299557629734,-1.319314695142945,6.194435198876217,2.6832572373490033,-4.665852214270864,-5.322966173624954,0.8320307088171551,4.820814650013628,1.5195050424664076,-3.7712064876489273,-3.328117298544519,2.143305692868192,4.768280998218138,0.7854614932160575,-4.017618493280615,-2.4219837602686396,3.7416335863204537,5.641160117071659,-0.1185576879585417,-5.751989469342822,-2.2706023220461375,7.197692432538,9.295907907149386,-2.7554598546341027,-18.176020810427474,-18.98542045380735,-1.0754134829758373,19.280282196593525,22.452411499706123,6.7953566163863055,-10.412912365746974,-12.92724267325825,-2.529634328038129,5.93479025630486,3.4223980183110823,-4.101373122812435,-5.672186565696482,0.13818528692572118,4.748532239207962,2.099855185344454,-3.4088548330742974,-3.7016006122782055,1.5765352444916647,4.821323751771578,1.381261590931546,-3.7503994641374967,-2.9128536086140153,3.1598678600884935,5.837259023710617,0.6564501324305377,-5.511062667002162],[1.9377218368339584,19.66101610362769,5.845447246493489,-21.597778156324065,-22.657623985609654,7.535609053760479,26.886360768734825,2.093191743437734,-39.41366477393223,-35.93730158253425,28.38693499241584,90.91237928755542,75.4300246344272,-16.493683890749086,-98.85684654030926,-92.90781687802286,-12.363321569927631,56.25868998109253,52.123743322342435,0.6945147165138089,-28.779759281168182,-8.651488496245621,23.43446934406235,22.268807000203484,-6.821952428453704,-21.8720087510989,-4.168599614758231,18.498434886899066,13.17338748841933,-12.17801382024693,-21.098853783830595,-0.8171832577761582,19.152877692110778,8.537924417013096,-19.447017804444393,-24.36260575611417,4.067288755176131,26.783949062801327,6.349717620557348,-36.306425509616204,-39.486656822750476,20.414205319907236,87.22254668281042,81.37768111178822,-5.793627504095754,-93.77363807957866,-97.99586588523557,-21.621082692442066,52.22859081844073,55.77624200080645,6.003476978394327,-28.187474336120843,-12.210030791621966,21.231732244087798,24.2218971696262,-3.786115036912932,-21.936881227057928,-6.914433360429438,17.16069063182733,15.144434953059566,-9.753007703292164,-21.69782941454777,-3.574204099520713,18.281976408796208,11.0211186158601,-17.026120591060383,-25.669823142996663,0.5394909591252949,26.174146688652456,10.332264786920867,-32.75274729781063,-42.30057416877213,12.538585269372208,82.70909351342796,86.39222699419709,4.893616444256145,-87.73398092989035,-102.16860014078543,-30.921937848978953,47.383448312933666,58.824785374359784,11.510977258149524,-27.005972726973095,-15.573454756074556,18.66309775314214,25.811007479627033,-0.6288053880287425,-21.607963652795902,-9.555288294436455,15.511827154197237,16.843952501123923,-7.173946504785579,-21.939197869701843,-6.285363297192258,17.06600928923359,13.25479784703859,-14.37882411425277,-26.562161624353248,-2.9871442135976842,25.077821060919188],[1.7953015914017152,18.215954854020747,5.41581384107805,-20.01036720427502,-20.99231562834077,6.981750770018608,24.910245298147203,1.9393446451750478,-36.51680739028466,-33.29595274996926,26.300529104925484,84.23042776859118,69.88600772901427,-15.281417783638272,-91.59098614729616,-86.07920307452586,-11.454632170408974,52.123743322342435,48.292710314558164,0.64346871264371,-26.664481276662688,-8.015614403500331,21.712063778870935,20.632076227930103,-6.3205470560629315,-20.264442177189974,-3.8622125116368378,17.13882197103849,12.205159209410938,-11.282944319461077,-19.54811317849073,-0.7571212623321891,17.745164010099,7.910397148734114,-18.017685174762363,-22.571983270884843,3.7683478794813783,24.815360730535073,5.8830209436892185,-33.637946508370334,-36.58443461051415,18.91378556063168,80.81179346237509,75.3965185443145,-5.36780278798248,-86.88138744974157,-90.7932865441656,-20.03195888476508,48.389851644661206,51.676754693576534,5.562228576040173,-26.115728569130564,-11.31260808160115,19.671225230297168,22.441616597792855,-3.507840094378932,-20.324546603487665,-6.4062307497666815,15.899400324254112,14.031337034696062,-9.036173261732195,-20.103064814270606,-3.3115043583079142,16.93827293307884,10.211079533690661,-15.774721021089201,-23.78312173790684,0.4998390166500837,24.250378104061312,9.572855640132019,-30.345459409495348,-39.19153238551768,11.617014196841575,76.63007372134717,80.04250128121491,4.533941468315859,-81.2856379018743,-94.65932980542395,-28.649212273006864,43.90082133837257,54.50123376273947,10.664934149635439,-25.021065920020725,-14.428824393539125,17.291382312874738,23.91392919407281,-0.5825889414831983,-20.019804078896296,-8.852985993765168,14.37172634694571,15.605942068636507,-6.646669987326951,-20.326692975658464,-5.823396586387398,15.811677947490105,12.280586003704874,-13.32199768000827,-24.609874404463977,-2.7675926742822186,23.234631103253435],[0.023921217018093438,0.24271565921946558,0.07216216976718182,-0.2666250276821011,-0.2