{"data":[{"type":"contour","x":[-5.0,-4.898989898989899,-4.797979797979798,-4.696969696969697,-4.595959595959596,-4.494949494949495,-4.393939393939394,-4.292929292929293,-4.191919191919192,-4.090909090909091,-3.9898989898989896,-3.888888888888889,-3.787878787878788,-3.686868686868687,-3.5858585858585856,-3.484848484848485,-3.383838383838384,-3.282828282828283,-3.1818181818181817,-3.080808080808081,-2.9797979797979797,-2.878787878787879,-2.7777777777777777,-2.676767676767677,-2.5757575757575757,-2.474747474747475,-2.3737373737373737,-2.272727272727273,-2.1717171717171717,-2.0707070707070705,-1.9696969696969697,-1.8686868686868685,-1.7676767676767677,-1.6666666666666665,-1.5656565656565657,-1.4646464646464645,-1.3636363636363638,-1.2626262626262625,-1.1616161616161618,-1.0606060606060606,-0.9595959595959593,-0.858585858585859,-0.7575757575757578,-0.6565656565656566,-0.5555555555555554,-0.45454545454545414,-0.3535353535353538,-0.2525252525252526,-0.15151515151515138,-0.050505050505050164,0.050505050505050164,0.15151515151515138,0.2525252525252526,0.3535353535353538,0.45454545454545414,0.5555555555555554,0.6565656565656566,0.7575757575757578,0.858585858585859,0.9595959595959593,1.0606060606060606,1.1616161616161618,1.262626262626263,1.3636363636363633,1.4646464646464645,1.5656565656565657,1.666666666666667,1.7676767676767673,1.8686868686868685,1.9696969696969697,2.070707070707071,2.171717171717172,2.2727272727272725,2.3737373737373737,2.474747474747475,2.575757575757576,2.6767676767676765,2.7777777777777777,2.878787878787879,2.97979797979798,3.0808080808080813,3.1818181818181817,3.282828282828282,3.383838383838384,3.4848484848484844,3.5858585858585865,3.686868686868687,3.787878787878787,3.8888888888888893,3.9898989898989896,4.090909090909092,4.191919191919192,4.292929292929292,4.3939393939393945,4.494949494949495,4.595959595959595,4.696969696969697,4.797979797979798,4.8989898989899,5.0],"y":[-5.0,-4.898989898989899,-4.797979797979798,-4.696969696969697,-4.595959595959596,-4.494949494949495,-4.393939393939394,-4.292929292929293,-4.191919191919192,-4.090909090909091,-3.9898989898989896,-3.888888888888889,-3.787878787878788,-3.686868686868687,-3.5858585858585856,-3.484848484848485,-3.383838383838384,-3.282828282828283,-3.1818181818181817,-3.080808080808081,-2.9797979797979797,-2.878787878787879,-2.7777777777777777,-2.676767676767677,-2.5757575757575757,-2.474747474747475,-2.3737373737373737,-2.272727272727273,-2.1717171717171717,-2.0707070707070705,-1.9696969696969697,-1.8686868686868685,-1.7676767676767677,-1.6666666666666665,-1.5656565656565657,-1.4646464646464645,-1.3636363636363638,-1.2626262626262625,-1.1616161616161618,-1.0606060606060606,-0.9595959595959593,-0.858585858585859,-0.7575757575757578,-0.6565656565656566,-0.5555555555555554,-0.45454545454545414,-0.3535353535353538,-0.2525252525252526,-0.15151515151515138,-0.050505050505050164,0.050505050505050164,0.15151515151515138,0.2525252525252526,0.3535353535353538,0.45454545454545414,0.5555555555555554,0.6565656565656566,0.7575757575757578,0.858585858585859,0.9595959595959593,1.0606060606060606,1.1616161616161618,1.262626262626263,1.3636363636363633,1.4646464646464645,1.5656565656565657,1.666666666666667,1.7676767676767673,1.8686868686868685,1.9696969696969697,2.070707070707071,2.171717171717172,2.2727272727272725,2.3737373737373737,2.474747474747475,2.575757575757576,2.6767676767676765,2.7777777777777777,2.878787878787879,2.97979797979798,3.0808080808080813,3.1818181818181817,3.282828282828282,3.383838383838384,3.4848484848484844,3.5858585858585865,3.686868686868687,3.787878787878787,3.8888888888888893,3.9898989898989896,4.090909090909092,4.191919191919192,4.292929292929292,4.3939393939393945,4.494949494949495,4.595959595959595,4.696969696969697,4.797979797979798,4.8989898989899,5.0],"z":[[50.0,49.00010203040506,48.02061014182226,47.06152433425161,46.1228446076931,45.20457096214672,44.30670339761248,43.4292419140904,42.572186511580455,41.735537190082646,40.91929394959698,40.123456790123456,39.348025711662075,38.593000714212835,37.858381797775735,37.14416896235078,36.45036220793797,35.77696153453729,35.12396694214876,34.49137843077237,33.87919600040812,33.28741965105601,32.71604938271605,32.16508519538823,31.63452708907254,31.124375063769005,30.634629119477605,30.16528925619835,29.71635547393123,29.287827772676255,28.879706152433425,28.491990613202734,28.124681154984184,27.77777777777778,27.451280481583513,27.14518926640139,26.859504132231404,26.594225079073563,26.349352106927864,26.124885215794308,25.92082440567289,25.737169676563617,25.573921028466483,25.431078461381492,25.308641975308642,25.206611570247933,25.124987246199368,25.063769003162943,25.022956841138658,25.002550760126518,25.002550760126518,25.022956841138658,25.063769003162943,25.124987246199368,25.206611570247933,25.308641975308642,25.431078461381492,25.573921028466483,25.737169676563617,25.92082440567289,26.124885215794308,26.349352106927864,26.594225079073563,26.859504132231404,27.14518926640139,27.451280481583513,27.77777777777778,28.124681154984184,28.491990613202734,28.879706152433425,29.28782777267626,29.716355473931234,30.165289256198346,30.634629119477605,31.124375063769005,31.634527089072545,32.16508519538822,32.71604938271605,33.28741965105601,33.87919600040812,34.49137843077237,35.12396694214876,35.776961534537286,36.45036220793797,37.144168962350776,37.85838179777574,38.593000714212835,39.34802571166207,40.123456790123456,40.91929394959698,41.73553719008265,42.572186511580455,43.4292419140904,44.306703397612495,45.20457096214672,46.12284460769308,47.06152433425161,48.02061014182226,49.00010203040507,50.0],[49.00010203040506,48.00020406081012,47.02071217222732,46.06162636465667,45.122946638098156,44.20467299255178,43.30680542801754,42.42934394449546,41.572288541985515,40.735639220487705,39.91939598000204,39.123558820528515,38.348127742067135,37.593102744617894,36.858483828180795,36.14427099275584,35.45046423834303,34.77706356494235,34.12406897255382,33.49148046117743,32.87929803081318,32.28752168146107,31.71615141312111,31.165187225793286,30.6346291194776,30.124477094174065,29.634731149882665,29.16539128660341,28.71645750433629,28.287929803081315,27.879808182838484,27.492092643607794,27.124783185389244,26.77787980818284,26.451382511988573,26.145291296806448,25.859606162636464,25.594327109478623,25.349454137332923,25.124987246199368,24.92092643607795,24.737271706968677,24.574023058871543,24.431180491786552,24.308744005713702,24.206713600652993,24.125089276604427,24.063871033568002,24.023058871543718,24.002652790531577,24.002652790531577,24.023058871543718,24.063871033568002,24.125089276604427,24.206713600652993,24.308744005713702,24.431180491786552,24.574023058871543,24.737271706968677,24.92092643607795,25.124987246199368,25.349454137332923,25.594327109478623,25.859606162636464,26.145291296806448,26.451382511988573,26.77787980818284,27.124783185389244,27.492092643607794,27.879808182838484,28.28792980308132,28.716457504336294,29.165391286603406,29.634731149882665,30.124477094174065,30.634629119477605,31.165187225793282,31.71615141312111,32.28752168146107,32.87929803081318,33.49148046117743,34.12406897255382,34.777063564942345,35.45046423834303,36.144270992755835,36.8584838281808,37.593102744617894,38.34812774206713,39.123558820528515,39.91939598000204,40.73563922048771,41.572288541985515,42.42934394449546,43.306805428017555,44.20467299255178,45.12294663809814,46.06162636465667,47.02071217222732,48.00020406081013,49.00010203040506],[48.02061014182226,47.02071217222732,46.04122028364452,45.08213447607387,44.14345474951536,43.22518110396898,42.32731353943474,41.44985205591266,40.592796653402715,39.756147331904906,38.93990409141924,38.144066931945716,37.368635853484335,36.613610856035095,35.878991939597995,35.16477910417304,34.47097234976023,33.79757167635955,33.14457708397102,32.51198857259463,31.899806142230382,31.308029792878276,30.73665952453831,30.185695337210486,29.655137230894802,29.144985205591265,28.655239261299865,28.18589939802061,27.73696561575349,27.308437914498516,26.900316294255685,26.512600755024994,26.145291296806445,25.79838791960004,25.471890623405773,25.16579940822365,24.880114274053664,24.614835220895824,24.369962248750124,24.145495357616568,23.94143454749515,23.757779818385877,23.594531170288743,23.451688603203753,23.329252117130903,23.227221712070193,23.145597388021628,23.084379144985203,23.043566982960918,23.023160901948778,23.023160901948778,23.043566982960918,23.084379144985203,23.145597388021628,23.227221712070193,23.329252117130903,23.451688603203753,23.594531170288743,23.757779818385877,23.94143454749515,24.145495357616568,24.369962248750124,24.614835220895824,24.880114274053664,25.16579940822365,25.471890623405773,25.79838791960004,26.145291296806445,26.512600755024994,26.900316294255685,27.30843791449852,27.736965615753494,28.185899398020606,28.655239261299865,29.144985205591265,29.655137230894805,30.185695337210483,30.73665952453831,31.308029792878276,31.899806142230382,32.51198857259463,33.14457708397102,33.797571676359546,34.47097234976023,35.164779104173036,35.878991939598,36.613610856035095,37.36863585348433,38.144066931945716,38.93990409141924,39.75614733190491,40.592796653402715,41.44985205591266,42.327313539434755,43.22518110396898,44.14345474951534,45.08213447607387,46.04122028364452,47.02071217222733,48.02061014182226],[47.06152433425161,46.06162636465667,45.08213447607387,44.123048668503216,43.1843689419447,42.266095296398326,41.368227731864096,40.49076624834201,39.633710845832056,38.797061524334254,37.980818283848585,37.184981124375064,36.40955004591368,35.65452504846444,34.91990613202734,34.20569329660239,33.51188654218957,32.8384858687889,32.18549127640037,31.55290276502398,30.94072033465973,30.348943985307624,29.77757371696766,29.226609529639834,28.69605142332415,28.185899398020613,27.696153453729213,27.226813590449957,26.77787980818284,26.349352106927864,25.941230486685033,25.553514947454342,25.186205489235792,24.839302112029387,24.51280481583512,24.206713600652996,23.921028466483012,23.65574941332517,23.41087644117947,23.186409550045916,22.982348739924497,22.798694010815225,22.63544536271809,22.4926027956331,22.37016630956025,22.26813590449954,22.186511580450976,22.12529333741455,22.084481175390266,22.064075094378126,22.064075094378126,22.084481175390266,22.12529333741455,22.186511580450976,22.26813590449954,22.37016630956025,22.4926027956331,22.63544536271809,22.798694010815225,22.982348739924497,23.186409550045916,23.41087644117947,23.65574941332517,23.921028466483012,24.206713600652996,24.51280481583512,24.839302112029387,25.186205489235792,25.553514947454342,25.941230486685033,26.349352106927867,26.777879808182842,27.226813590449954,27.696153453729213,28.185899398020613,28.696051423324153,29.22660952963983,29.77757371696766,30.348943985307624,30.94072033465973,31.55290276502398,32.18549127640037,32.838485868788894,33.51188654218957,34.205693296602384,34.91990613202735,35.65452504846444,36.409550045913676,37.18498112437507,37.980818283848585,38.79706152433426,39.633710845832056,40.490766248342,41.3682277318641,42.266095296398326,43.1843689419447,44.123048668503216,45.08213447607387,46.061626364656675,47.06152433425161],[46.1228446076931,45.122946638098156,44.14345474951536,43.1843689419447,42.245689215386186,41.327415569839815,40.42954800530558,39.552086521783494,38.695031119273544,37.858381797775735,37.04213855729007,36.24630139781655,35.47087031935517,34.71584532190593,33.98122640546883,33.26701357004387,32.57320681563106,31.899806142230386,31.24681154984185,30.61422303846546,30.00204060810121,29.41026425874911,28.83889399040914,28.28792980308132,27.757371696765638,27.247219671462098,26.757473727170698,26.288133863891442,25.839200081624323,25.41067238036935,25.002550760126518,24.614835220895827,24.247525762677277,23.90062238547087,23.574125089276606,23.26803387409448,22.982348739924497,22.717069686766656,22.472196714620956,22.2477298234874,22.04366901336598,21.86001428425671,21.696765636159576,21.553923069074585,21.431486583001735,21.329456177941026,21.24783185389246,21.186613610856035,21.14580144883175,21.12539536781961,21.12539536781961,21.14580144883175,21.186613610856035,21.24783185389246,21.329456177941026,21.431486583001735,21.553923069074585,21.696765636159576,21.86001428425671,22.04366901336598,22.2477298234874,22.472196714620956,22.717069686766656,22.982348739924497,23.26803387409448,23.574125089276606,23.90062238547087,24.247525762677277,24.614835220895827,25.002550760126518,25.410672380369352,25.839200081624327,26.28813386389144,26.757473727170698,27.247219671462098,27.757371696765638,28.28792980308132,28.83889399040914,29.41026425874911,30.00204060810122,30.614223038465468,31.24681154984185,31.899806142230382,32.57320681563106,33.26701357004387,33.98122640546883,34.71584532190593,35.470870319355164,36.24630139781655,37.04213855729007,37.85838179777575,38.695031119273544,39.55208652178349,40.42954800530559,41.327415569839815,42.24568921538618,43.1843689419447,44.14345474951536,45.122946638098156,46.1228446076931],[45.20457096214672,44.20467299255178,43.22518110396898,42.266095296398326,41.327415569839815,40.409141924293436,39.5112743597592,38.633812876237116,37.77675747372717,36.940108152229364,36.123864911743695,35.328027752270174,34.55259667380879,33.79757167635955,33.06295275992245,32.3487399244975,31.654933170084686,30.98153249668401,30.32853790429548,29.69594939291909,29.08376696255484,28.491990613202734,27.92062034486277,27.369656157534944,26.83909805121926,26.328946025915723,25.839200081624323,25.369860218345067,24.92092643607795,24.492398734822974,24.084277114580143,23.696561575349453,23.329252117130903,22.982348739924497,22.65585144373023,22.349760228548107,22.064075094378122,21.79879604122028,21.55392306907458,21.329456177941026,21.125395367819607,20.941740638710336,20.7784919906132,20.63564942352821,20.51321293745536,20.41118253239465,20.329558208346086,20.26833996530966,20.227527803285376,20.207121722273236,20.207121722273236,20.227527803285376,20.26833996530966,20.329558208346086,20.41118253239465,20.51321293745536,20.63564942352821,20.7784919906132,20.941740638710336,21.125395367819607,21.329456177941026,21.55392306907458,21.79879604122028,22.064075094378122,22.349760228548107,22.65585144373023,22.982348739924497,23.329252117130903,23.696561575349453,24.084277114580143,24.492398734822977,24.920926436077952,25.369860218345064,25.839200081624323,26.328946025915723,26.839098051219263,27.36965615753494,27.92062034486277,28.491990613202734,29.08376696255484,29.69594939291909,30.32853790429548,30.981532496684004,31.654933170084686,32.348739924497494,33.06295275992246,33.79757167635955,34.552596673808786,35.328027752270174,36.123864911743695,36.94010815222937,37.77675747372717,38.633812876237116,39.51127435975921,40.409141924293436,41.3274155698398,42.266095296398326,43.22518110396898,44.204672992551785,45.20457096214672],[44.30670339761248,43.30680542801754,42.32731353943474,41.368227731864096,40.42954800530558,39.5112743597592,38.61340679522497,37.735945311702885,36.878889909192935,36.04224058769513,35.22599734720946,34.430160187735936,33.65472910927456,32.899704111825315,32.165085195388215,31.450872359963263,30.75706560555045,30.083664932149777,29.430670339761242,28.798081828384852,28.185899398020602,27.5941230486685,27.02275278032853,26.47178859300071,25.94123048668503,25.43107846138149,24.94133251709009,24.471992653810833,24.023058871543714,23.59453117028874,23.18640955004591,22.79869401081522,22.43138455259667,22.084481175390263,21.757983879195997,21.451892664013872,21.166207529843888,20.900928476686047,20.656055504540348,20.43158861340679,20.227527803285373,20.0438730741761,19.880624426078967,19.737781858993976,19.615345372921126,19.513314967860417,19.43169064381185,19.370472400775427,19.329660238751142,19.309254157739,19.309254157739,19.329660238751142,19.370472400775427,19.43169064381185,19.513314967860417,19.615345372921126,19.737781858993976,19.880624426078967,20.0438730741761,20.227527803285373,20.43158861340679,20.656055504540348,20.900928476686047,21.166207529843888,21.451892664013872,21.757983879195997,22.084481175390263,22.43138455259667,22.79869401081522,23.18640955004591,23.594531170288743,24.023058871543718,24.47199265381083,24.94133251709009,25.43107846138149,25.94123048668503,26.47178859300071,27.02275278032853,27.5941230486685,28.18589939802061,28.79808182838486,29.430670339761242,30.083664932149773,30.75706560555045,31.450872359963263,32.16508519538823,32.899704111825315,33.654729109274555,34.43016018773594,35.22599734720946,36.04224058769513,36.878889909192935,37.73594531170288,38.613406795224975,39.5112743597592,40.42954800530557,41.368227731864096,42.32731353943474,43.306805428017555,44.30670339761248],[43.4292419140904,42.42934394449546,41.44985205591266,40.49076624834201,39.552086521783494,38.633812876237116,37.735945311702885,36.8584838281808,36.00142842567085,35.16477910417305,34.348535863687374,33.55269870421385,32.77726762575248,32.02224262830323,31.287623711866136,30.57341087644118,29.87960412202837,29.206203448627694,28.55320885623916,27.92062034486277,27.30843791449852,26.716661565146417,26.145291296806448,25.594327109478627,25.063769003162946,24.553616977859406,24.063871033568006,23.59453117028875,23.14559738802163,22.717069686766656,22.308948066523826,21.921232527293135,21.553923069074585,21.20701969186818,20.880522395673914,20.57443118049179,20.288746046321805,20.023466993163964,19.778594021018264,19.55412712988471,19.35006631976329,19.16641159065402,19.003162942556884,18.860320375471893,18.737883889399043,18.635853484338334,18.55422916028977,18.493010917253343,18.45219875522906,18.43179267421692,18.43179267421692,18.45219875522906,18.493010917253343,18.55422916028977,18.635853484338334,18.737883889399043,18.860320375471893,19.003162942556884,19.16641159065402,19.35006631976329,19.55412712988471,19.778594021018264,20.023466993163964,20.288746046321805,20.57443118049179,20.880522395673914,21.20701969186818,21.553923069074585,21.921232527293135,22.308948066523826,22.71706968676666,23.145597388021635,23.594531170288747,24.063871033568006,24.553616977859406,25.063769003162946,25.594327109478627,26.145291296806448,26.716661565146417,27.308437914498526,27.920620344862776,28.55320885623916,29.20620344862769,29.87960412202837,30.57341087644118,31.287623711866143,32.02224262830323,32.77726762575247,33.55269870421386,34.348535863687374,35.16477910417305,36.00142842567085,36.858483828180795,37.73594531170289,38.633812876237116,39.55208652178349,40.49076624834201,41.44985205591266,42.42934394449547,43.4292419140904],[42.572186511580455,41.572288541985515,40.592796653402715,39.633710845832056,38.695031119273544,37.77675747372717,36.878889909192935,36.00142842567085,35.1443730231609,34.30772370166309,33.49148046117743,32.69564330170391,31.92021222324253,31.165187225793286,30.430568309356186,29.71635547393123,29.02254871951842,28.349148046117744,27.69615345372921,27.06356494235282,26.45138251198857,25.859606162636467,25.2882358942965,24.737271706968677,24.206713600652996,23.696561575349456,23.206815631058056,22.7374757677788,22.28854198551168,21.860014284256707,21.451892664013876,21.064177124783185,20.696867666564636,20.34996428935823,20.023466993163964,19.71737577798184,19.431690643811855,19.166411590654015,18.921538618508315,18.69707172737476,18.49301091725334,18.30935618814407,18.146107540046934,18.003264972961944,17.880828486889094,17.778798081828384,17.69717375777982,17.635955514743394,17.59514335271911,17.57473727170697,17.57473727170697,17.59514335271911,17.635955514743394,17.69717375777982,17.778798081828384,17.880828486889094,18.003264972961944,18.146107540046934,18.30935618814407,18.49301091725334,18.69707172737476,18.921538618508315,19.166411590654015,19.431690643811855,19.71737577798184,20.023466993163964,20.34996428935823,20.696867666564636,21.064177124783185,21.451892664013876,21.86001428425671,22.288541985511685,22.737475767778797,23.206815631058056,23.696561575349456,24.206713600652996,24.737271706968677,25.2882358942965,25.859606162636467,26.451382511988577,27.063564942352826,27.69615345372921,28.34914804611774,29.02254871951842,29.71635547393123,30.430568309356193,31.165187225793286,31.920212223242522,32.69564330170391,33.49148046117743,34.30772370166311,35.1443730231609,36.001428425670845,36.87888990919295,37.77675747372717,38.69503111927354,39.633710845832056,40.592796653402715,41.572288541985515,42.572186511580455],[41.735537190082646,40.735639220487705,39.756147331904906,38.797061524334254,37.858381797775735,36.940108152229364,36.04224058769513,35.16477910417305,34.30772370166309,33.47107438016529,32.65483113967962,31.8589939802061,31.08356290174472,30.32853790429548,29.59391898785838,28.879706152433428,28.185899398020613,27.512498724619938,26.859504132231407,26.226915620855017,25.614733190490767,25.02295684113866,24.451586572798696,23.90062238547087,23.370064279155187,22.85991225385165,22.37016630956025,21.900826446280995,21.451892664013876,21.0233649627589,20.61524334251607,20.22752780328538,19.86021834506683,19.513314967860424,19.18681767166616,18.880726456484034,18.59504132231405,18.32976226915621,18.08488929701051,17.860422405876953,17.656361595755534,17.472706866646263,17.30945821854913,17.166615651464138,17.044179165391288,16.94214876033058,16.860524436282013,16.799306193245588,16.758494031221304,16.738087950209163,16.738087950209163,16.758494031221304,16.799306193245588,16.860524436282013,16.94214876033058,17.044179165391288,17.166615651464138,17.30945821854913,17.472706866646263,17.656361595755534,17.860422405876953,18.08488929701051,18.32976226915621,18.59504132231405,18.880726456484034,19.18681767166616,19.513314967860424,19.86021834506683,20.22752780328538,20.61524334251607,21.023364962758905,21.45189266401388,21.90082644628099,22.37016630956025,22.85991225385165,23.37006427915519,23.900622385470868,24.451586572798696,25.02295684113866,25.614733190490767,26.226915620855017,26.859504132231407,27.51249872461993,28.185899398020613,28.87970615243342,29.593918987858387,30.32853790429548,31.083562901744713,31.858993980206105,32.65483113967962,33.4710743801653,34.30772370166309,35.164779104173036,36.04224058769514,36.940108152229364,37.858381797775735,38.797061524334254,39.756147331904906,40.73563922048771,41.735537190082646],[40.91929394959698,39.91939598000204,38.93990409141924,37.980818283848585,37.04213855729007,36.123864911743695,35.22599734720946,34.348535863687374,33.49148046117743,32.65483113967962,31.838587899193953,31.042750739720432,30.26731966125905,29.51229466380981,28.77767574737271,28.06346291194776,27.369656157534944,26.69625548413427,26.04326089174574,25.41067238036935,24.7984899500051,24.206713600652993,23.635343332313028,23.084379144985203,22.55382103866952,22.04366901336598,21.55392306907458,21.084583205795326,20.635649423528207,20.207121722273232,19.7990001020304,19.41128456279971,19.04397510458116,18.697071727374755,18.37057443118049,18.064483215998365,17.77879808182838,17.51351902867054,17.26864605652484,17.044179165391284,16.840118355269865,16.656463626160594,16.49321497806346,16.35037241097847,16.22793592490562,16.12590551984491,16.044281195796344,15.98306295275992,15.942250790735637,15.921844709723494,15.921844709723494,15.942250790735637,15.98306295275992,16.044281195796344,16.12590551984491,16.22793592490562,16.35037241097847,16.49321497806346,16.656463626160594,16.840118355269865,17.044179165391284,17.26864605652484,17.51351902867054,17.77879808182838,18.064483215998365,18.37057443118049,18.697071727374755,19.04397510458116,19.41128456279971,19.7990001020304,20.207121722273236,20.63564942352821,21.084583205795322,21.55392306907458,22.04366901336598,22.553821038669522,23.0843791449852,23.635343332313028,24.206713600652993,24.7984899500051,25.41067238036935,26.04326089174574,26.696255484134262,27.369656157534944,28.063462911947752,28.77767574737272,29.51229466380981,30.267319661259044,31.042750739720436,31.838587899193953,32.65483113967963,33.49148046117743,34.348535863687374,35.22599734720947,36.123864911743695,37.04213855729006,37.980818283848585,38.93990409141924,39.919395980002044,40.91929394959698],[40.123456790123456,39.123558820528515,38.144066931945716,37.184981124375064,36.24630139781655,35.328027752270174,34.430160187735936,33.55269870421385,32.69564330170391,31.8589939802061,31.042750739720432,30.24691358024691,29.47148250178553,28.71645750433629,27.98183858789919,27.26762575247424,26.573818998061423,25.90041832466075,25.247423732272217,24.614835220895827,24.002652790531577,23.41087644117947,22.839506172839506,22.28854198551168,21.757983879195997,21.24783185389246,20.75808590960106,20.288746046321805,19.839812264054686,19.41128456279971,19.00316294255688,18.61544740332619,18.24813794510764,17.901234567901234,17.57473727170697,17.268646056524844,16.98296092235486,16.71768186919702,16.47280889705132,16.248342005917763,16.044281195796344,15.860626466687073,15.697377818589938,15.554535251504948,15.432098765432098,15.330068360371389,15.248444036322823,15.187225793286398,15.146413631262115,15.126007550249973,15.126007550249973,15.146413631262115,15.187225793286398,15.248444036322823,15.330068360371389,15.432098765432098,15.554535251504948,15.697377818589938,15.860626466687073,16.044281195796344,16.248342005917763,16.47280889705132,16.71768186919702,16.98296092235486,17.268646056524844,17.57473727170697,17.901234567901234,18.24813794510764,18.61544740332619,19.00316294255688,19.411284562799715,19.83981226405469,20.2887460463218,20.75808590960106,21.24783185389246,21.757983879196,22.288541985511678,22.839506172839506,23.41087644117947,24.002652790531577,24.614835220895827,25.247423732272217,25.90041832466074,26.573818998061423,27.26762575247423,27.981838587899198,28.71645750433629,29.471482501785523,30.246913580246915,31.042750739720432,31.858993980206108,32.69564330170391,33.55269870421385,34.43016018773595,35.328027752270174,36.24630139781654,37.184981124375064,38.144066931945716,39.12355882052852,40.123456790123456],[39.348025711662075,38.348127742067135,37.368635853484335,36.40955004591368,35.47087031935517,34.55259667380879,33.65472910927456,32.77726762575248,31.92021222324253,31.08356290174472,30.26731966125905,29.47148250178553,28.696051423324153,27.94102642587491,27.20640750943781,26.492194674012858,25.798387919600046,25.124987246199368,24.471992653810837,23.839404142434446,23.227221712070197,22.635445362718094,22.064075094378126,21.513110907050304,20.98255280073462,20.47240077543108,19.98265483113968,19.513314967860424,19.06438118559331,18.635853484338334,18.227731864095503,17.84001632486481,17.472706866646263,17.125803489439853,16.799306193245588,16.493214978063463,16.207529843893482,15.94225079073564,15.697377818589942,15.472910927456383,15.268850117334967,15.085195388225694,14.92194674012856,14.779104173043569,14.656667686970719,14.55463728191001,14.473012957861444,14.41179471482502,14.370982552800736,14.350576471788594,14.350576471788594,14.370982552800736,14.41179471482502,14.473012957861444,14.55463728191001,14.656667686970719,14.779104173043569,14.92194674012856,15.085195388225694,15.268850117334967,15.472910927456383,15.697377818589942,15.942250790735642,16.207529843893482,16.493214978063463,16.799306193245588,17.125803489439853,17.47270686664626,17.84001632486481,18.227731864095503,18.635853484338334,19.06438118559331,19.513314967860424,19.98265483113968,20.47240077543108,20.982552800734624,21.5131109070503,22.064075094378126,22.635445362718094,23.2272217120702,23.83940414243445,24.471992653810837,25.124987246199364,25.798387919600046,26.492194674012854,27.206407509437817,27.94102642587491,28.696051423324146,29.471482501785538,30.26731966125905,31.083562901744727,31.92021222324253,32.77726762575247,33.65472910927457,34.55259667380879,35.470870319355164,36.40955004591368,37.368635853484335,38.34812774206714,39.348025711662075],[38.593000714212835,37.593102744617894,36.613610856035095,35.65452504846444,34.71584532190593,33.79757167635955,32.899704111825315,32.02224262830323,31.165187225793286,30.32853790429548,29.51229466380981,28.71645750433629,27.94102642587491,27.18600142842567,26.45138251198857,25.737169676563617,25.043362922150802,24.369962248750127,23.716967656361597,23.084379144985206,22.472196714620956,21.88042036526885,21.309050096928885,20.75808590960106,20.227527803285376,19.71737577798184,19.22762983369044,18.758289970411184,18.309356188144065,17.88082848688909,17.47270686664626,17.08499132741557,16.71768186919702,16.370778491990613,16.044281195796348,15.738189980614223,15.45250484644424,15.187225793286398,14.9423528211407,14.71788593000714,14.513825119885725,14.330170390776452,14.166921742679317,14.024079175594327,13.901642689521477,13.799612284460768,13.717987960412202,13.656769717375777,13.615957555351494,13.595551474339352,13.595551474339352,13.615957555351494,13.656769717375777,13.717987960412202,13.799612284460768,13.901642689521477,14.024079175594327,14.166921742679317,14.330170390776452,14.513825119885725,14.71788593000714,14.9423528211407,15.1872257932864,15.452504846444238,15.738189980614223,16.044281195796348,16.370778491990613,16.71768186919702,17.08499132741557,17.47270686664626,17.880828486889094,18.30935618814407,18.75828997041118,19.22762983369044,19.71737577798184,20.22752780328538,20.758085909601057,21.309050096928885,21.88042036526885,22.472196714620956,23.084379144985206,23.716967656361597,24.36996224875012,25.043362922150802,25.73716967656361,26.451382511988577,27.18600142842567,27.941026425874902,28.716457504336294,29.51229466380981,30.328537904295487,31.165187225793286,32.02224262830323,32.89970411182533,33.79757167635955,34.71584532190592,35.65452504846444,36.613610856035095,37.5931027446179,38.593000714212835],[37.858381797775735,36.858483828180795,35.878991939597995,34.91990613202734,33.98122640546883,33.06295275992245,32.165085195388215,31.287623711866136,30.430568309356186,29.59391898785838,28.77767574737271,27.98183858789919,27.20640750943781,26.45138251198857,25.71676359555147,25.002550760126518,24.308744005713702,23.635343332313028,22.982348739924497,22.349760228548107,21.737577798183857,21.14580144883175,20.574431180491786,20.02346699316396,19.492908886848276,18.98275686154474,18.49301091725334,18.023671053974084,17.574737271706965,17.14620957045199,16.73808795020916,16.35037241097847,15.98306295275992,15.636159575553512,15.309662279359248,15.003571064177123,14.71788593000714,14.452606876849298,14.2077339047036,13.98326701357004,13.779206203448625,13.595551474339352,13.432302826242218,13.289460259157227,13.167023773084377,13.064993368023668,12.983369043975102,12.922150800938677,12.881338638914395,12.860932557902252,12.860932557902252,12.881338638914395,12.922150800938677,12.983369043975102,13.064993368023668,13.167023773084377,13.289460259157227,13.432302826242218,13.595551474339352,13.779206203448625,13.98326701357004,14.2077339047036,14.4526068768493,14.717885930007139,15.003571064177123,15.309662279359248,15.636159575553513,15.98306295275992,16.35037241097847,16.73808795020916,17.146209570451994,17.57473727170697,18.02367105397408,18.49301091725334,18.98275686154474,19.49290888684828,20.023466993163957,20.574431180491786,21.14580144883175,21.737577798183857,22.349760228548107,22.982348739924497,23.63534333231302,24.308744005713702,25.00255076012651,25.716763595551477,26.45138251198857,27.206407509437803,27.981838587899194,28.77767574737271,29.593918987858387,30.430568309356186,31.28762371186613,32.16508519538823,33.06295275992245,33.98122640546882,34.91990613202734,35.878991939597995,36.8584838281808,37.858381797775735],[37.14416896235078,36.14427099275584,35.16477910417304,34.20569329660239,33.26701357004387,32.3487399244975,31.450872359963263,30.57341087644118,29.71635547393123,28.879706152433428,28.06346291194776,27.26762575247424,26.492194674012858,25.737169676563617,25.002550760126518,24.288337924701562,23.594531170288747,22.921130496888075,22.26813590449954,21.63554739312315,21.0233649627589,20.431588613406795,19.86021834506683,19.30925415773901,18.778696051423324,18.268544026119784,17.778798081828384,17.30945821854913,16.860524436282013,16.431996735027038,16.023875114784207,15.636159575553515,15.268850117334967,14.921946740128558,14.595449443934292,14.289358228752167,14.003673094582187,13.738394041424344,13.493521069278646,13.269054178145087,13.064993368023671,12.881338638914398,12.718089990817264,12.575247423732273,12.452810937659423,12.350780532598714,12.269156208550148,12.207937965513723,12.16712580348944,12.146719722477298,12.146719722477298,12.16712580348944,12.207937965513723,12.269156208550148,12.350780532598714,12.452810937659423,12.575247423732273,12.718089990817264,12.881338638914398,13.064993368023671,13.269054178145087,13.493521069278646,13.738394041424346,14.003673094582185,14.289358228752167,14.595449443934292,14.92194674012856,15.268850117334965,15.636159575553515,16.023875114784207,16.431996735027038,16.860524436282013,17.309458218549125,17.778798081828384,18.268544026119784,18.778696051423324,19.309254157739005,19.86021834506683,20.431588613406795,21.023364962758905,21.635547393123154,22.26813590449954,22.92113049688807,23.594531170288747,24.28833792470156,25.002550760126525,25.737169676563617,26.49219467401285,27.26762575247424,28.06346291194776,28.879706152433435,29.71635547393123,30.573410876441173,31.450872359963277,32.3487399244975,33.267013570043865,34.20569329660239,35.16477910417304,36.14427099275585,37.14416896235078],[36.45036220793797,35.45046423834303,34.47097234976023,33.51188654218957,32.57320681563106,31.654933170084686,30.75706560555045,29.87960412202837,29.02254871951842,28.185899398020613,27.369656157534944,26.573818998061423,25.798387919600046,25.043362922150802,24.308744005713702,23.594531170288747,22.900724415875935,22.22732374247526,21.574329150086726,20.941740638710336,20.329558208346086,19.737781858993984,19.166411590654015,18.615447403326193,18.084889297010513,17.574737271706972,17.084991327415572,16.615651464136317,16.166717681869198,15.738189980614223,15.330068360371392,14.942352821140702,14.575043362922152,14.228139985715744,13.90164268952148,13.595551474339356,13.309866340169373,13.044587287011531,12.799714314865833,12.575247423732273,12.371186613610858,12.187531884501585,12.02428323640445,11.88144066931946,11.75900418324661,11.6569737781859,11.575349454137335,11.51413121110091,11.473319049076627,11.452912968064485,11.452912968064485,11.473319049076627,11.51413121110091,11.575349454137335,11.6569737781859,11.75900418324661,11.88144066931946,12.02428323640445,12.187531884501585,12.371186613610858,12.575247423732273,12.799714314865833,13.044587287011533,13.309866340169371,13.595551474339356,13.90164268952148,14.228139985715746,14.575043362922152,14.942352821140702,15.330068360371392,15.738189980614226,16.1667176818692,16.615651464136313,17.084991327415572,17.574737271706972,18.084889297010513,18.615447403326193,19.166411590654015,19.737781858993984,20.329558208346093,20.941740638710343,21.574329150086726,22.227323742475257,22.900724415875935,23.594531170288747,24.30874400571371,25.043362922150802,25.79838791960004,26.573818998061427,27.369656157534944,28.18589939802062,29.02254871951842,29.87960412202836,30.757065605550462,31.654933170084686,32.57320681563105,33.51188654218957,34.47097234976023,35.45046423834303,36.45036220793797],[35.77696153453729,34.77706356494235,33.79757167635955,32.8384858687889,31.899806142230386,30.98153249668401,30.083664932149777,29.206203448627694,28.349148046117744,27.512498724619938,26.69625548413427,25.90041832466075,25.124987246199368,24.369962248750127,23.635343332313028,22.921130496888075,22.22732374247526,21.553923069074585,20.900928476686055,20.268339965309664,19.656157534945415,19.06438118559331,18.493010917253343,17.94204672992552,17.411488623609834,16.901336598306298,16.411590654014898,15.942250790735642,15.493317008468523,15.064789307213548,14.656667686970717,14.268952147740027,13.901642689521477,13.55473931231507,13.228242016120806,12.922150800938681,12.636465666768698,12.371186613610856,12.126313641465158,11.901846750331599,11.697785940210183,11.51413121110091,11.350882563003776,11.208039995918785,11.085603509845935,10.983573104785226,10.90194878073666,10.840730537700235,10.799918375675952,10.77951229466381,10.77951229466381,10.799918375675952,10.840730537700235,10.90194878073666,10.983573104785226,11.085603509845935,11.208039995918785,11.350882563003776,11.51413121110091,11.697785940210183,11.901846750331599,12.126313641465158,12.371186613610858,12.636465666768697,12.922150800938681,13.228242016120806,13.554739312315071,13.901642689521477,14.268952147740027,14.656667686970717,15.064789307213552,15.493317008468527,15.942250790735638,16.411590654014898,16.901336598306298,17.411488623609838,17.942046729925515,18.493010917253343,19.06438118559331,19.656157534945415,20.268339965309664,20.900928476686055,21.553923069074578,22.22732374247526,22.92113049688807,23.635343332313035,24.369962248750127,25.12498724619936,25.900418324660752,26.69625548413427,27.512498724619945,28.349148046117744,29.206203448627686,30.083664932149787,30.98153249668401,31.89980614223038,32.8384858687889,33.79757167635955,34.77706356494236,35.77696153453729],[35.12396694214876,34.12406897255382,33.14457708397102,32.18549127640037,31.24681154984185,30.32853790429548,29.430670339761242,28.55320885623916,27.69615345372921,26.859504132231407,26.04326089174574,25.247423732272217,24.471992653810837,23.716967656361597,22.982348739924497,22.26813590449954,21.574329150086726,20.900928476686055,20.24793388429752,19.61534537292113,19.00316294255688,18.411386593204774,17.84001632486481,17.289052137536988,16.758494031221304,16.248342005917763,15.758596061626363,15.289256198347108,14.840322416079992,14.411794714825017,14.003673094582185,13.615957555351494,13.248648097132946,12.901744719926537,12.575247423732272,12.269156208550147,11.983471074380166,11.718192021222324,11.473319049076625,11.248852157943066,11.04479134782165,10.861136618712377,10.697887970615243,10.555045403530253,10.432608917457403,10.330578512396693,10.248954188348128,10.187735945311703,10.14692378328742,10.126517702275278,10.126517702275278,10.14692378328742,10.187735945311703,10.248954188348128,10.330578512396693,10.432608917457403,10.555045403530253,10.697887970615243,10.861136618712377,11.04479134782165,11.248852157943066,11.473319049076625,11.718192021222325,11.983471074380164,12.269156208550147,12.575247423732272,12.901744719926539,13.248648097132945,13.615957555351494,14.003673094582185,14.411794714825017,14.840322416079992,15.289256198347106,15.758596061626363,16.248342005917763,16.758494031221304,17.289052137536984,17.84001632486481,18.411386593204774,19.003162942556884,19.615345372921134,20.24793388429752,20.900928476686047,21.574329150086726,22.268135904499538,22.982348739924504,23.716967656361597,24.47199265381083,25.247423732272217,26.04326089174574,26.859504132231415,27.69615345372921,28.553208856239152,29.430670339761257,30.32853790429548,31.246811549841844,32.18549127640037,33.14457708397102,34.12406897255383,35.12396694214876],[34.49137843077237,33.49148046117743,32.51198857259463,31.55290276502398,30.61422303846546,29.69594939291909,28.798081828384852,27.92062034486277,27.06356494235282,26.226915620855017,25.41067238036935,24.614835220895827,23.839404142434446,23.084379144985206,22.349760228548107,21.63554739312315,20.941740638710336,20.268339965309664,19.61534537292113,18.98275686154474,18.37057443118049,17.778798081828384,17.20742781348842,16.656463626160598,16.125905519844913,15.615753494541373,15.126007550249973,14.656667686970717,14.207733904703602,13.779206203448627,13.371084583205795,12.983369043975104,12.616059585756556,12.269156208550147,11.942658912355881,11.636567697173756,11.350882563003776,11.085603509845933,10.840730537700235,10.616263646566676,10.41220283644526,10.228548107335987,10.065299459238853,9.922456892153862,9.800020406081012,9.697990001020303,9.616365676971737,9.555147433935312,9.51433527191103,9.493929190898887,9.493929190898887,9.514335271