{"data":[{"type":"contour","x":[-5.0,-4.898989898989899,-4.797979797979798,-4.696969696969697,-4.595959595959596,-4.494949494949495,-4.393939393939394,-4.292929292929293,-4.191919191919192,-4.090909090909091,-3.9898989898989896,-3.888888888888889,-3.787878787878788,-3.686868686868687,-3.5858585858585856,-3.484848484848485,-3.383838383838384,-3.282828282828283,-3.1818181818181817,-3.080808080808081,-2.9797979797979797,-2.878787878787879,-2.7777777777777777,-2.676767676767677,-2.5757575757575757,-2.474747474747475,-2.3737373737373737,-2.272727272727273,-2.1717171717171717,-2.0707070707070705,-1.9696969696969697,-1.8686868686868685,-1.7676767676767677,-1.6666666666666665,-1.5656565656565657,-1.4646464646464645,-1.3636363636363638,-1.2626262626262625,-1.1616161616161618,-1.0606060606060606,-0.9595959595959593,-0.858585858585859,-0.7575757575757578,-0.6565656565656566,-0.5555555555555554,-0.45454545454545414,-0.3535353535353538,-0.2525252525252526,-0.15151515151515138,-0.050505050505050164,0.050505050505050164,0.15151515151515138,0.2525252525252526,0.3535353535353538,0.45454545454545414,0.5555555555555554,0.6565656565656566,0.7575757575757578,0.858585858585859,0.9595959595959593,1.0606060606060606,1.1616161616161618,1.262626262626263,1.3636363636363633,1.4646464646464645,1.5656565656565657,1.666666666666667,1.7676767676767673,1.8686868686868685,1.9696969696969697,2.070707070707071,2.171717171717172,2.2727272727272725,2.3737373737373737,2.474747474747475,2.575757575757576,2.6767676767676765,2.7777777777777777,2.878787878787879,2.97979797979798,3.0808080808080813,3.1818181818181817,3.282828282828282,3.383838383838384,3.4848484848484844,3.5858585858585865,3.686868686868687,3.787878787878787,3.8888888888888893,3.9898989898989896,4.090909090909092,4.191919191919192,4.292929292929292,4.3939393939393945,4.494949494949495,4.595959595959595,4.696969696969697,4.797979797979798,4.8989898989899,5.0],"y":[-5.0,-4.898989898989899,-4.797979797979798,-4.696969696969697,-4.595959595959596,-4.494949494949495,-4.393939393939394,-4.292929292929293,-4.191919191919192,-4.090909090909091,-3.9898989898989896,-3.888888888888889,-3.787878787878788,-3.686868686868687,-3.5858585858585856,-3.484848484848485,-3.383838383838384,-3.282828282828283,-3.1818181818181817,-3.080808080808081,-2.9797979797979797,-2.878787878787879,-2.7777777777777777,-2.676767676767677,-2.5757575757575757,-2.474747474747475,-2.3737373737373737,-2.272727272727273,-2.1717171717171717,-2.0707070707070705,-1.9696969696969697,-1.8686868686868685,-1.7676767676767677,-1.6666666666666665,-1.5656565656565657,-1.4646464646464645,-1.3636363636363638,-1.2626262626262625,-1.1616161616161618,-1.0606060606060606,-0.9595959595959593,-0.858585858585859,-0.7575757575757578,-0.6565656565656566,-0.5555555555555554,-0.45454545454545414,-0.3535353535353538,-0.2525252525252526,-0.15151515151515138,-0.050505050505050164,0.050505050505050164,0.15151515151515138,0.2525252525252526,0.3535353535353538,0.45454545454545414,0.5555555555555554,0.6565656565656566,0.7575757575757578,0.858585858585859,0.9595959595959593,1.0606060606060606,1.1616161616161618,1.262626262626263,1.3636363636363633,1.4646464646464645,1.5656565656565657,1.666666666666667,1.7676767676767673,1.8686868686868685,1.9696969696969697,2.070707070707071,2.171717171717172,2.2727272727272725,2.3737373737373737,2.474747474747475,2.575757575757576,2.6767676767676765,2.7777777777777777,2.878787878787879,2.97979797979798,3.0808080808080813,3.1818181818181817,3.282828282828282,3.383838383838384,3.4848484848484844,3.5858585858585865,3.686868686868687,3.787878787878787,3.8888888888888893,3.9898989898989896,4.090909090909092,4.191919191919192,4.292929292929292,4.3939393939393945,4.494949494949495,4.595959595959595,4.696969696969697,4.797979797979798,4.8989898989899,5.0],"z":[[200.0,183.7541577442113,168.81441502135738,155.1208090589508,142.61462630893087,131.2384024476637,120.93592237594235,111.65222021898677,103.33357932644338,95.92753227238578,89.38286085531416,83.64959609815577,78.67901824826444,74.42365677742092,70.83729038183283,67.87494698213456,65.49290372338733,63.64868697507915,62.30107233112492,61.410084609866324,60.93699785407187,60.844335330936886,61.095869532083526,61.65662217356076,62.49286419584441,63.572115763837076,64.86314626686821,66.33597431869407,67.96186775749777,69.71334364588918,71.56416827090507,73.48935714400896,75.46517500109125,77.46913580246914,79.48000273288663,81.4777882015146,83.44375384195068,85.36041051221939,87.211518294772,88.9820864964867,90.6583736486684,92.22788750704888,93.67938505178675,95.00287248746744,96.18960524310319,97.23208797213306,98.12407455242293,98.86056808626553,99.43782090038037,99.85333454591384,100.1058597984391,100.19539665795614,100.12319434889179,99.8917513200997,99.50481524486032,98.96738302088096,98.28570077029572,97.46726383966555,96.52081679997816,95.4563534466482,94.285116799517,93.01959910285282,91.6735418253507,90.26193566013251,88.80102052474692,87.30828556116947,85.80246913580247,84.30355883947509,82.8327914874433,81.41265311938992,80.06687899942453,78.82045361608363,77.69961068233044,76.73183313555508,75.94585313757446,75.3716520746323,75.04046055739914,74.98475842097241,75.23827472487628,75.83598775306177,76.81412501390673,78.21016324021582,80.06282838922056,82.41209564257925,85.29918940637697,88.76658331112579,92.85800021176436,97.61841218765834,103.09404054260024,109.33235580480911,116.38207772693129,124.29317528603934,133.11686668363316,142.90561934563942,153.71314992241116,165.59442428872873,178.6056575437993,192.80431401125634,208.24910723916094,225.0],[183.7541577442113,167.50831548842262,152.56857276556866,138.87496680316212,126.36878405314218,114.99256019187501,104.69008012015367,95.40637796319808,87.0877370706547,79.68169001659709,73.13701859952548,67.40375384236708,62.43317599247575,58.177814521632236,54.59144812604414,51.62910472634588,49.24706146759864,47.402844719290464,46.05523007533623,45.164242354077636,44.69115559828318,44.5984930751482,44.85002727629484,45.410779917772075,46.247021940055724,47.32627350804839,48.617304011079526,50.09013206290539,51.716025501709076,53.4675013901005,55.31832601511638,57.243514888220275,59.219332745302566,61.22329354668045,63.234160477097944,65.23194594572591,67.197911586162,69.1145682564307,70.96567603898332,72.73624424069801,74.41253139287971,75.98204525126019,77.43354279599806,78.75703023167875,79.9437629873145,80.98624571634437,81.87823229663424,82.61472583047684,83.19197864459169,83.60749229012515,83.86001754265041,83.94955440216745,83.8773520931031,83.64590906431101,83.25897298907164,82.72154076509227,82.03985851450703,81.22142158387686,80.27497454418948,79.2105111908595,78.03927454372831,76.77375684706413,75.42769956956201,74.01609340434382,72.55517826895823,71.06244330538078,69.55662688001378,68.0577165836864,66.58694923165461,65.16681086360123,63.821036743635844,62.57461136029494,61.45376842654176,60.48599087976639,59.700010881785765,59.12580981884361,58.79461830161046,58.738916165183724,58.99243246908759,59.59014549727308,60.568282758118045,61.96432098442714,63.81698613343186,66.16625338679056,69.05334715058828,72.5207410553371,76.61215795597568,81.37256993186965,86.84819828681155,93.08651354902042,100.1362354711426,108.04733303025066,116.87102442784447,126.65977708985075,137.46730766662247,149.34858203294004,162.35981528801062,176.55847175546768,192.00326498337222,208.7541577442113],[168.81441502135738,152.56857276556866,137.62883004271472,123.93522408030819,111.42904133028823,100.05281746902105,89.75033739729972,80.46663524034413,72.14799434780075,64.74194729374312,58.197275876671526,52.464011119513124,47.493433269621804,43.238071798778286,39.65170540319019,36.68936200349193,34.30731874474469,32.463101996436514,31.115487352482283,30.224499631223686,29.75141287542923,29.65875035229425,29.91028455344089,30.471037194918125,31.307279217201774,32.38653078519444,33.677561288225576,35.15038934005144,36.776282778855126,38.52775866724655,40.37858329226243,42.303772165366325,44.279590022448616,46.2835508238265,48.294417754243995,50.29220322287196,52.25816886330804,54.17482553357675,56.02593331612937,57.796501517844064,59.47278867002576,61.04230252840624,62.493800073144115,63.817287508824805,65.00402026446055,66.04650299349042,66.93848957378029,67.6749831076229,68.25223592173774,68.6677495672712,68.92027481979646,69.0098116793135,68.93760937024915,68.70616634145706,68.31923026621769,67.78179804223832,67.10011579165308,66.2816788610229,65.33523182133553,64.27076846800556,63.09953182087436,61.834014124210185,60.48795684670806,59.07635068148987,57.61543554610429,56.12270058252683,54.61688415715983,53.11797386083246,51.647206508800664,50.22706814074727,48.881294020781894,47.63486863744099,46.51402570368781,45.54624815691244,44.760268158931815,44.18606709598966,43.85487557875651,43.799173442329774,44.05268974623364,44.65040277441913,45.628540035264095,47.02457826157319,48.87724341057791,51.22651066393661,54.11360442773434,57.58099833248315,61.67241523312172,66.4328272090157,71.9084555639576,78.14677082616647,85.19649274828865,93.1075903073967,101.93128170499051,111.7200343669968,122.52756494376854,134.40883931008608,147.42007256515666,161.61872903261371,177.06352226051828,193.81441502135738],[155.1208090589508,138.87496680316212,123.93522408030819,110.24161811790164,97.73543536788168,86.35921150661451,76.05673143489318,66.7730292779376,58.4543883853942,51.04834133133659,44.50366991426498,38.77040515710658,33.79982730721526,29.544465836371742,25.95809944078365,22.995756041085386,20.613712782338148,18.76949603402997,17.42188139007574,16.530893668817143,16.057806913022688,15.965144389887705,16.216678591034345,16.77743123251158,17.61367325479523,18.692924822787894,19.983955325819032,21.456783377644896,23.082676816448583,24.834152704840008,26.684977329855883,28.610166202959782,30.58598406004207,32.58994486141996,34.60081179183746,36.59859726046542,38.56456290090151,40.48121957117021,42.33232735372283,44.10289555543751,45.77918270761921,47.34869656599969,48.80019411073757,50.12368154641826,51.310414302054006,52.35289703108387,53.244883611373744,53.98137714521634,54.5586299593312,54.974143604864665,55.22666885738992,55.31620571690696,55.244003407842605,55.01256037905051,54.62562430381114,54.088192079831785,53.406509829246545,52.58807289861636,51.64162585892899,50.57716250559901,49.40592585846782,48.140408161803634,46.794350884301515,45.38274471908333,43.92182958369774,42.42909462012028,40.92327819475328,39.42436789842591,37.95360054639412,36.53346217834073,35.18768805837536,33.94126267503444,32.82041974128126,31.852642194505897,31.06666219652527,30.49246113358311,30.16126961634997,30.10556747992323,30.359083783827096,30.956796812012584,31.934934072857555,33.330972299166646,35.18363744817137,37.532904701530065,40.419998465327794,43.88739237007661,47.978809270715175,52.739221246609155,58.21484960155105,64.45316486375992,71.5028867858821,79.41398434499015,88.23767574258397,98.02642840459026,108.83395898136199,120.71523334767954,133.72646660275012,147.92512307020718,163.36991629811175,180.1208090589508],[142.61462630893087,126.36878405314218,111.42904133028823,97.73543536788168,85.22925261786173,73.85302875659457,63.55054868487322,54.26684652791764,45.94820563537425,38.542158581316635,31.99748716424503,26.264222407086628,21.293644557195307,17.03828308635179,13.451916690763696,10.489573291065433,8.107530032318195,6.263313284010017,4.915698640055787,4.02471091879719,3.551624163002735,3.458961639867752,3.7104958410143922,4.271248482491629,5.107490504775278,6.186742072767942,7.477772575799079,8.950600627624944,10.57649406642863,12.327969954820055,14.17879457983593,16.10398345293983,18.079801310022116,20.083762111400006,22.0946290418175,24.092414510445465,26.05838015088155,27.975036821150255,29.826144603702875,31.596712805417564,33.27299995759926,34.84251381597974,36.29401136071762,37.61749879639831,38.804231552034054,39.846714281063925,40.73870086135379,41.47519439519639,42.05244720931125,42.46796085484471,42.720486107369965,42.810022966887004,42.73782065782265,42.50637762903056,42.11944155379119,41.58200932981183,40.90032707922659,40.08189014859641,39.13544310890904,38.07097975557906,36.899743108447865,35.63422541178369,34.28816813428156,32.876561969063374,31.41564683367779,29.922911870100332,28.41709544473333,26.91818514840596,25.447417796374168,24.027279428320774,22.6815053083554,21.435079925014488,20.31423699126131,19.346459444485944,18.56047944650532,17.986278383563157,17.655086866330016,17.599384729903278,17.852901033807143,18.45061406199263,19.428751322837602,20.824789549146693,22.677454698151415,25.026721951510112,27.91381571530784,31.381209620056655,35.47262652069522,40.2330384965892,45.7086668515311,51.94698211373998,58.99670403586215,66.90780159497021,75.73149299256403,85.5202456545703,96.32777623134203,108.2090505976596,121.22028385273018,135.41894032018723,150.86373354809177,167.61462630893087],[131.2384024476637,114.99256019187501,100.05281746902105,86.35921150661451,73.85302875659457,62.47680489532739,52.17432482360605,42.89062266665047,34.57198177410708,27.165934720049464,20.62126330297786,14.887998545819457,9.917420695928136,5.662059225084619,2.075692829496525,-0.8866505702017378,-3.268693828948976,-5.1129105772571535,-6.460525221211384,-7.351512942469981,-7.824599698264436,-7.917262221399419,-7.665728020252779,-7.104975378775542,-6.268733356491893,-5.189481788499229,-3.8984512854680915,-2.425623233642227,-0.7997297948385409,0.9517460935528845,2.8025707185687594,4.727759591672658,6.703577448754945,8.707538250132835,10.71840518055033,12.716190649178294,14.68215628961438,16.598812959883084,18.449920742435705,20.220488944150393,21.89677609633209,23.46628995471257,24.917787499450448,26.241274935131138,27.428007690766883,28.47049041979675,29.36247700008662,30.098970533929222,30.676223348044076,31.09173699357754,31.34426224610279,31.433799105619833,31.361596796555485,31.13015376776339,30.74321769252402,30.20578546854466,29.52410321795942,28.705666287329237,27.759219247641862,26.69475589431189,25.523519247180698,24.258001550516514,22.91194427301439,21.500338107796203,20.03942297241062,18.54668800883316,17.04087158346616,15.541961287138788,14.071193935106997,12.651055567053604,11.30528144708823,10.058856063747317,8.93801312999414,7.9702355832187735,7.184255585238148,6.610054522295986,6.278863005062846,6.223160868636107,6.476677172539972,7.07439020072546,8.052527461570431,9.448565687879523,11.301230836884244,13.650498090242941,16.53759185404067,20.004985758789484,24.09640265942805,28.85681463532203,34.33244299026393,40.57075825247281,47.620480174594974,55.53157773370304,64.35526913129685,74.14402179330312,84.95155237007486,96.83282673639243,109.84405999146301,124.04271645892004,139.4875096868246,156.2384024476637],[120.93592237594235,104.69008012015367,89.75033739729972,76.05673143489318,63.55054868487322,52.17432482360605,41.87184475188471,32.58814259492913,24.26950170238574,16.863454648328123,10.318783231256518,4.585518474098116,-0.3850593757932046,-4.640420846636722,-8.226787242224816,-11.189130641923079,-13.571173900670317,-15.415390648978494,-16.763005292932725,-17.65399301419132,-18.127079769985777,-18.21974229312076,-17.96820809197412,-17.407455450496883,-16.571213428213234,-15.49196186022057,-14.200931357189432,-12.728103305363568,-11.102209866559882,-9.350733978168456,-7.499909353152582,-5.574720480048683,-3.5989026229663956,-1.594941821588506,0.4159251088289899,2.4137105774569534,4.379676217893039,6.296332888161743,8.147440670714364,9.918008872429052,11.59429602461075,13.163809882991227,14.615307427729107,15.938794863409797,17.125527619045542,18.16801034807541,19.05999692836528,19.79649046220788,20.373743276322735,20.7892569218562,21.04178217438145,21.131319033898492,21.059116724834144,20.827673696042048,20.44073762080268,19.90330539682332,19.22162314623808,18.403186215607896,17.45673917592052,16.39227582259055,15.221039175459357,13.955521478795173,12.60946420129305,11.197858036074864,9.736942900689277,8.24420793711182,6.738391511744819,5.239481215417447,3.7687138633856563,2.3485754953322626,1.0028013753668894,-0.24362400797402373,-1.3644669417272013,-2.3322444885025675,-3.118224486483193,-3.692425549425355,-4.023617066658495,-4.079319203085234,-3.825802899181369,-3.2280898709958805,-2.2499526101509097,-0.8539143838418184,0.9987507651629031,3.3480180185216,6.235111782319329,9.702505687068143,13.79392258770671,18.55433456360069,24.029962918542587,30.268278180751466,37.31800010287364,45.2290976619817,54.05278905957551,63.84154172158179,74.64907229835353,86.53034666467109,99.54157991974166,113.7402363871987,129.18502961510328,145.93592237594237],[111.65222021898677,95.40637796319808,80.46663524034413,66.7730292779376,54.26684652791764,42.89062266665047,32.58814259492913,23.30444043797355,14.98579954543016,7.579752491372544,1.0350810743009387,-4.698183682857463,-9.668761532748784,-13.924123003592301,-17.510489399180393,-20.472832798878656,-22.854876057625894,-24.69909280593407,-26.046707449888302,-26.9376951711469,-27.410781926941354,-27.503444450076337,-27.251910248929697,-26.69115760745246,-25.85491558516881,-24.775664017176148,-23.48463351414501,-22.011805462319145,-20.38591202351546,-18.634436135124034,-16.78361151010816,-14.858422637004262,-12.882604779921975,-10.878643978544085,-8.86777704812659,-6.869991579498626,-4.9040259390625405,-2.9873692687938362,-1.1362614862412155,0.634306715473473,2.3105938676551716,3.8801077260356482,5.331605270773528,6.655092706454218,7.841825462089963,8.88430819111983,9.7762947714097,10.5127883052523,11.090041119367156,11.50555476490062,11.75808001742587,11.847616876942912,11.775414567878563,11.543971539086469,11.157035463847102,10.61960323986774,9.9379209892825,9.119484058652317,8.173037018964942,7.108573665634969,5.937337018503777,4.671819321839594,3.3257620443374716,1.914155879119285,0.4532407437336978,-1.0394942198437587,-2.54531064521076,-4.044220941538132,-5.514988293569923,-6.9351266616233165,-8.28090078158869,-9.527326164929603,-10.64816909868278,-11.615946645458147,-12.401926643438772,-12.976127706380934,-13.307319223614074,-13.363021360040813,-13.109505056136948,-12.51179202795146,-11.533654767106489,-10.137616540797397,-8.284951391792676,-5.935684138433979,-3.04859037463625,0.4188035301125641,4.510220430751131,9.270632406645111,14.74626076158701,20.98457602379589,28.034297945918055,35.94539550502612,44.76908690261993,54.557839564626214,65.36537014139795,77.2466445077155,90.25787776278608,104.45653423024312,119.90132745814769,136.65222021898677],[103.33357932644338,87.0877370706547,72.14799434780075,58.4543883853942,45.94820563537425,34.57198177410708,24.26950170238574,14.98579954543016,6.667158652886769,-0.738888401170847,-7.283559818242452,-13.016824575400854,-17.987402425292174,-22.242763896135692,-25.829130291723786,-28.79147369142205,-31.173516950169287,-33.017733698477464,-34.365348342431695,-35.25633606369029,-35.729422819484746,-35.82208534261973,-35.57055114147309,-35.00979849999585,-34.173556477712204,-33.09430490971954,-31.803274406688402,-30.330446354862538,-28.70455291605885,-26.953077027667426,-25.10225240265155,-23.177063529547652,-21.201245672465365,-19.197284871087476,-17.18641794066998,-15.188632472042016,-13.222666831605931,-11.306010161337227,-9.454902378784606,-7.684334177069918,-6.008047024888219,-4.438533166507742,-2.987035621769863,-1.663548186089173,-0.4768154304534278,0.5656672985764395,1.45765387886631,2.19414741270891,2.771400226823765,3.1869138723572292,3.43943912488248,3.528975984399522,3.4567736753351728,3.225330646543079,2.83839457130371,2.300962347324349,1.6192800967391094,0.8008431661089261,-0.14560387357844773,-1.2100672269084214,-2.381303874039614,-3.6468215707037963,-4.992878848205919,-6.404485013424106,-7.865400148809693,-9.35813511238715,-10.86395153775415,-12.362861834081523,-13.833629186113313,-15.253767554166707,-16.59954167413208,-17.845967057472993,-18.96680999122617,-19.934587538001537,-20.720567535982163,-21.294768598924325,-21.625960116157465,-21.681662252584204,-21.42814594868034,-20.83043292049485,-19.85229565964988,-18.456257433340788,-16.603592284336067,-14.25432503097737,-11.36723126717964,-7.8998373624308265,-3.8084204617922595,0.9519915141017208,6.427619869043619,12.665935131252496,19.715657053374667,27.626754612482728,36.45044601007654,46.23919867208282,57.046729248854554,68.92800361517212,81.9392368702427,96.13789333769974,111.5826865656043,128.33357932644338],[95.92753227238578,79.68169001659709,64.74194729374312,51.04834133133659,38.542158581316635,27.165934720049464,16.863454648328123,7.579752491372544,-0.738888401170847,-8.144935455228463,-14.689606872300068,-20.42287162945847,-25.39344947934979,-29.648810950193308,-33.2351773457814,-36.197520745479665,-38.5795640042269,-40.42378075253508,-41.77139539648931,-42.66238311774791,-43.13546987354236,-43.228132396677346,-42.976598195530705,-42.41584555405347,-41.57960353176982,-40.500351963777156,-39.20932146074602,-37.736493408920154,-36.11059997011647,-34.35912408172504,-32.50829945670917,-30.58311058360527,-28.60729272652298,-26.603331925145092,-24.592464994727596,-22.594679526099632,-20.628713885663547,-18.712057215394843,-16.860949432842222,-15.090381231127534,-13.414094078945835,-11.844580220565359,-10.393082675827479,-9.06959524014679,-7.882862484511044,-6.840379755481177,-5.948393175191306,-5.211899641348706,-4.634646827233851,-4.2191331817003865,-3.966607929175136,-3.8770710696580943,-3.9492733787224434,-4.180716407514537,-4.567652482753906,-5.105084706733267,-5.786766957318507,-6.60520388794869,-7.551650927636064,-8.616114280966038,-9.78735092809723,-11.052868624761413,-12.398925902263535,-13.810532067481722,-15.271447202867309,-16.764182166444765,-18.269998591811767,-19.768908888139137,-21.23967624017093,-22.659814608224323,-24.005588728189696,-25.25201411153061,-26.372857045283787,-27.340634592059153,-28.12661459003978,-28.70081565298194,-29.03200717021508,-29.08770930664182,-28.834193002737955,-28.236479974552466,-27.258342713707496,-25.862304487398404,-24.009639338393683,-21.660372085034986,-18.773278321237257,-15.305884416488443,-11.214467515849876,-6.454055539955895,-0.978427185013997,5.25988807719488,12.30960999931705,20.22070755842511,29.044398956018924,38.833151618025205,49.64068219479694,61.5219565611145,74.53318981618509,88.73184628364211,104.17663951154668,120.92753227238578],[89.38286085531416,73.13701859952548,58.197275876671526,44.50366991426498,31.99748716424503,20.62126330297786,10.318783231256518,1.0350810743009387,-7.283559818242452,-14.689606872300068,-21.234278289371673,-26.967543046530075,-31.938120896421395,-36.19348236726491,-39.77984876285301,-42.74219216255127,-45.12423542129851,-46.968452169606685,-48.316066813560916,-49.20705453481951,-49.68014129061397,-49.77280381374895,-49.52126961260231,-48.960516971125074,-48.124274948841425,-47.04502338084876,-45.75399287781762,-44.28116482599176,-42.65527138718807,-40.90379549879665,-39.05297087378077,-37.12778200067687,-35.15196414359458,-33.1480033422167,-31.1371364117992,-29.139350943171237,-27.173385302735152,-25.256728632466448,-23.405620849913827,-21.63505264819914,-19.958765496017442,-18.389251637636963,-16.937754092899084,-15.614266657218394,-14.427533901582649,-13.385051172552782,-12.493064592262911,-11.756571058420311,-11.179318244305456,-10.763804598771992,-10.511279346246742,-10.4217424867297,-10.493944795794048,-10.725387824586143,-11.112323899825512,-11.649756123804872,-12.331438374390112,-13.149875305020295,-14.09632234470767,-15.160785698037643,-16.332022345168834,-17.597540041833017,-18.94359731933514,-20.35520348455333,-21.816118619938912,-23.30885358351637,-24.814670008883372,-26.313580305210742,-27.784347657242535,-29.204486025295928,-30.5502601452613,-31.796685528602215,-32.91752846235539,-33.88530600913076,-34.671286007111384,-35.24548707005354,-35.576678587286686,-35.632380723713425,-35.37886441980956,-34.78115139162407,-33.803014130779104,-32.40697590447001,-30.554310755465288,-28.20504350210659,-25.31794973830886,-21.850555833560048,-17.75913893292148,-12.9987269570275,-7.523098602085602,-1.284783339876725,5.7649385822454455,13.676036141353507,22.49972753894732,32.2884802009536,43.09601077772533,54.977285144042895,67.98851839911347,82.18717486657052,97.63196809447508,114.38286085531416],[83.64959609815577,67.40375384236708,52.464011119513124,38.77040515710658,26.264222407086628,14.887998545819457,4.585518474098116,-4.698183682857463,-13.016824575400854,-20.42287162945847,-26.967543046530075,-32.70080780368848,-37.6713856535798,-41.926747124423315,-45.51311352001141,-48.47545691970967,-50.85750017845691,-52.70171692676509,-54.04933157071932,-54.940319291977914,-55.41340604777237,-55.50606857090735,-55.25453436976071,-54.693781728283476,-53.85753970599983,-52.77828813800716,-51.487257634976025,-50.01442958315016,-48.388536144346475,-46.63706025595505,-44.786235630939174,-42.861046757835275,-40.88522890075299,-38.8812680993751,-36.8704011689576,-34.87261570032964,-32.90665005989355,-30.98999338962485,-29.13888560707223,-27.36831740535754,-25.692030253175844,-24.122516394795365,-22.671018850057486,-21.347531414376796,-20.16079865874105,-19.118315929711184,-18.226329349421313,-17.48983581557871,-16.912583001463858,-16.497069355930392,-16.244544103405143,-16.1550072438881,-16.22720955295245,-16.458652581744545,-16.845588656983914,-17.383020880963272,-18.064703131548512,-18.883140062178697,-19.82958710186607,-20.894050455196044,-22.065287102327236,-23.33080479899142,-24.676862076493542,-26.08846824171173,-27.549383377097314,-29.042118340674772,-30.547934766041774,-32.046845062369144,-33.517612414400936,-34.93775078245433,-36.2835249024197,-37.52995028576062,-38.650793219513794,-39.61857076628916,-40.404550764269786,-40.97875182721195,-41.30994334444509,-41.36564548087183,-41.11212917696796,-40.51441614878247,-39.5362788879375,-38.14024066162841,-36.28757551262369,-33.93830825926499,-31.051214495467264,-27.58382059071845,-23.492403690079882,-18.731991714185902,-13.256363359244004,-7.018048097035127,0.03167382508704364,7.942771384195105,16.766462781788917,26.5552154437952,37.36274602056693,49.24402038688449,62.25525364195507,76.4539101094121,91.89870333731668,108.64959609815577],[78.67901824826444,62.43317599247575,47.493433269621804,33.79982730721526,21.293644557195307,9.917420695928136,-0.3850593757932046,-9.668761532748784,-17.987402425292174,-25.39344947934979,-31.938120896421395,-37.6713856535798,-42.64196350347112,-46.897324974314635,-50.48369136990273,-53.44603476960099,-55.82807802834823,-57.67229477665641,-59.01990942061064,-59.910897141869235,-60.38398389766369,-60.47664642079867,-60.22511221965203,-59.664359578174796,-58.82811755589115,-57.74886598789848,-56.457835484867346,-54.98500743304148,-53.359113994237795,-51.60763810584637,-49.756813480830495,-47.831624607726596,-45.855806750644305,-43.85184594926642,-41.84097901884893,-39.84319355022096,-37.87722790978488,-35.96057123951617,-34.10946345696355,-32.33889525524886,-30.662608103067164,-29.093094244686686,-27.641596699948806,-26.318109264268116,-25.13137650863237,-24.088893779602504,-23.196907199312633,-22.460413665470032,-21.88316085135518,-21.467647205821713,-21.215121953296464,-21.12558509377942,-21.19778740284377,-21.429230431635865,-21.816166506875234,-22.353598730854593,-23.035280981439833,-23.853717912070017,-24.80016495175739,-25.864628305087365,-27.035864952218557,-28.30138264888274,-29.647439926384862,-31.05904609160305,-32.519961226988634,-34.01269619056609,-35.51851261593309,-37.017422912260464,-38.48819026429226,-39.90832863234565,-41.25410275231103,-42.50052813565193,-43.621371069405114,-44.58914861618048,-45.375128614161106,-45.949329677103265,-46.28052119433641,-46.33622333076315,-46.08270702685928,-45.484993998673794,-44.50685673782883,-43.11081851151973,-41.25815336251501,-38.90888610915631,-36.021792345358584,-32.55439844060977,-28.462981539971203,-23.702569564077223,-18.226941209135326,-11.988625946926447,-4.938904024804277,2.972193534303784,11.795884931897596,21.584637593903878,32.39216817067561,44.27344253699317,57.28467579206375,71.4833322595208,86.92812548742536,103.67901824826444],[74.42365677742092,58.177814521632236,43.238071798778286,29.544465836371742,17.03828308635179,5.662059225084619,-4.640420846636722,-13.924123003592301,-22.242763896135692,-29.648810950193308,-36.19348236726491,-41.926747124423315,-46.897324974314635,-51.15268644515815,-54.73905284074625,-57.70139624044451,-60.08343949919175,-61.927656247499925,-63.275270891454156,-64.16625861271275,-64.63934536850721,-64.73200789164218,-64.48047369049556,-63.919721049018314,-63.083479026734665,-62.004227458742,-60.71319695571086,-59.240368903885,-57.61447546508131,-55.86299957668989,-54.01217495167401,-52.08698607857011,-50.11116822148783,-48.10720742010994,-46.09634048969244,-44.09855502106448,-42.13258938062839,-40.21593271035969,-38.364824927807064,-36.59425672609238,-34.91796957391068,-33.34845571553021,-31.896958170792324,-30.573470735111634,-29.38673797947589,-28.34425525044602,-27.45226867015615,-26.71577513631355,-26.138522322198696,-25.72300867666523,-25.47048342413998,-25.38094656462294,-25.453148873687287,-25.684591902479383,-26.071527977718752,-26.60896020169811,-27.29064245228335,-28.109079382913535,-29.05552642260091,-30.119989775930883,-31.291226423062074,-32.55674411972626,-33.90280139722838,-35.31440756244657,-36.77532269783215,-38.268057661409614,-39.773874086776615,-41.27278438310398,-42.743551735135775,-44.16369010318917,-45.50946422315454,-46.75588960649546,-47.87673254024863,-48.844510087024,-49.630490085004624,-50.20469114794679,-50.535882665179926,-50.591584801606665,-50.3380684977028,-49.74035546951731,-48.76221820867234,-47.36617998236325,-45.51351483335853,-43.16424757999983,-40.2771538162021,-36.809759911453284,-32.71834301081472,-27.95793103492074,-22.482302679978844,-16.243987417769965,-9.194265495647794,-1.2831679365397335,7.540523461054079,17.32927612306036,28.136806699832093,40.018081066149655,53.029314321220234,67.22797078867728,82.67276401658185,99.42365677742092],[70.83729038183283,54.59144812604414,39.65170540319019,25.95809944078365,13.451916690763696,2.075692829496525,-8.226787242224816,-17.510489399180393,-25.829130291723786,-33.2351773457814,-39.77984876285301,-45.51311352001141,-50.48369136990273,-54.73905284074625,-58.32541923633434,-61.2877626360326,-63.66980589477984,-65.51402264308803,-66.86163728704224,-67.75262500830084,-68.22571176409531,-68.31837428723028,-68.06684008608364,-67.50608744460641,-66.66984542232277,-65.5905938543301,-64.29956335129896,-62.82673529947309,-61.20084186066941,-59.44936597227798,-57.598541347262106,-55.67335247415821,-53.69753461707592,-51.69357381569803,-49.68270688528054,-47.68492141665257,-45.71895577621649,-43.80229910594778,-41.951191323395165,-40.18062312168047,-38.504335969498776,-36.934822111118294,-35.48332456638042,-34.15983713069973,-32.97310437506398,-31.930621646034115,-31.038635065744245,-30.302141531901643,-29.72488871778679,-29.309375072253324,-29.056849819728075,-28.967312960211032,-29.03951526927538,-29.270958298067477,-29.657894373306846,-30.195326597286204,-30.877008847871444,-31.69544577850163,-32.641892818189,-33.706356171518976,-34.87759281865017,-36.14311051531435,-37.489167792816474,-38.90077395803466,-40.361689093420246,-41.8544240569977,-43.3602404823647,-44.859150778692076,-46.32991813072387,-47.75005649877726,-49.09583061874264,-50.342256002083545,-51.463098935836726,-52.43087648261209,-53.21685648059272,-53.791057543534876,-54.12224906076802,-54.17795119719476,-53.92443489329089,-53.326721865105405,-52.34858460426044,-50.95254637795134,-49.09988122894662,-46.750613975587925,-43.863520211790195,-40.396126307041385,-36.304709406402814,-31.544297430508834,-26.068669075566937,-19.83035381335806,-12.780631891235888,-4.869534332127827,3.954157065465985,13.742909727472266,24.550440304244,36.43171467056156,49.44294792563214,63.64160439308918,79.08639762099375,95.83729038183283],[67.87494698213456,51.62910472634588,36.68936200349193,22.995756041085386,10.489573291065433,-0.8866505702017378,-11.189130641923079,-20.472832798878656,-28.79147369142205,-36.197520745479665,-42.74219216255127,-48.47545691970967,-53.44603476960099,-57.70139624044451,-61.2877626360326,-64.25010603573087,-66.6321492944781,-68.47636604278628,-69.82398068674051,-70.71496840799911,-71.18805516379356,-71.28071768692854,-71.02918348578191,-70.46843084430466,-69.63218882202102,-68.55293725402836,-67.26190675099721,-65.78907869917136,-64.16318526036767,-62.411709371976244,-60.56088474696037,-58.63569587385647,-56.65987801677419,-54.65591721539629,-52.645050284978794,-50.647264816350834,-48.681299175914745,-46.764642505646044,-44.91353472309342,-43.14296652137874,-41.46667936919704,-39.89716551081656,-38.44566796607868,-37.12218053039799,-35.935447774762245,-34.89296504573238,-34.00097846544251,-33.26448493159991,-32.68723211748505,-32.27171847195159,-32.019193219426334,-31.929656359909295,-32.00185866897365,-32.23330169776574,-32.62023777300511,-33.15766999698447,-33.83935224756971,-34.65778917819989,-35.60423621788726,-36.66869957121724,-37.839936218348434,-39.10545391501262,-40.45151119251474,-41.863117357732925,-43.32403249311851,-44.81676745669597,-46.32258388206297,-47.82149417839034,-49.29226153042213,-50.712399898475525,-52.058174018440894,-53.304599401781815,-54.42544233553499,-55.393219882310355,-56.17919988029098,-56.753400943233146,-57.08459246046628,-57.14029459689302,-56.886778292989156,-56.28906526480367,-55.31092800395869,-53.914889777649606,-52.062224628644884,-49.71295737528619,-46.82586361148846,-43.35846970673964,-39.26705280610108,-34.5066408302071,-29.0310124752652,-22.79269721305632,-15.742975290934151,-7.83187773182609,0.9918136657677223,10.780566327774004,21.588096904545736,33.4693712708633,46.48060452593388,60.67926099339092,76.1240542212955,92.87494698213456],[65.49290372338733,49.24706146759864,34.30731874474469,20.613712782338148,8.107530032318195,-3.268693828948976,-13.571173900670317,-22.854876057625894,-31.173516950169287,-38.5795640042269,-45.12423542129851,-50.85750017845691,-55.82807802834823,-60.08343949919175,-63.66980589477984,-66.6321492944781,-69.01419255322534,-70.85840930153353,-72.20602394548774,-73.09701166674634,-73.57009842254081,-73.66276094567579,-73.41122674452915,-72.85047410305191,-72.01423208076827,-70.9349805127756,-69.64395000974446,-68.17112195791859,-66.54522851911491,-64.79375263072347,-62.94292800570761,-61.01773913260371,-59.04192127552142,-57.03796047414353,-55.02709354372604,-53.02930807509807,-51.06334243466199,-49.14668576439328,-47.295577981840665,-45.52500978012597,-43.84872262794428,-42.279208769563795,-40.82771122482592,-39.50422378914523,-38.317491033509484,-37.27500830447961,-36.383021724189746,-35.64652819034715,-35.06927537623229,-34.653761730698825,-34.40123647817357,-34.31169961865653,-34.383901927720885,-34.61534495651298,-35.00228103175235,-35.539713255731705,-36.221395506316945,-37.03983243694713,-37.9862794766345,-39.05074282996448,-40.22197947709567,-41.48749717375985,-42.833554451261975,-44.24516061648016,-45.70607575186575,-47.1988107154432,-48.7046271408102,-50.20353743713758,-51.67430478916937,-53.09444315722276,-54.44021727718814,-55.686642660529046,-56.80748559428223,-57.77526314105759,-58.56124313903822,-59.13544420198038,-59.46663571921352,-59.52233785564026,-59.268821551736394,-58.671108523550906,-57.69297126270594,-56.296933036396844,-54.44426788739212,-52.095000634033426,-49.207906870235696,-45.740512965486886,-41.649096064848315,-36.888684088954335,-31.41305573401244,-25.17474047180356,-18.12501854968139,-10.213920990573328,-1.3902295929795159,8.398523069026766,19.206053645798498,31.08732801211606,44.09856126718664,58.29721773464368,73.74201096254825,90.49290372338733],[63.64868697507915,47.402844719290464,32.463101996436514,18.76949603402997,6.263313284010017,-5.1129105772571535,-15.415390648978494,-24.69909280593407,-33.017733698477464,-40.42378075253508,-46.968452169606685,-52.70171692676509,-57.67229477665641,-61.927656247499925,-65.51402264308803,-68.47636604278628,-70.85840930153353,-72.7026260498417,-74.05024069379593,-74.94122841505452,-75.41431517084898,-75.50697769398397,-75.25544349283732,-74.6946908513601,-73.85844882907644,-72.77919726108377,-71.48816675805264,-70.01533870622677,-68.38944526742308,-66.63796937903166,-64.78714475401578,-62.861955880911886,-60.8861380238296,-58.88217722245171,-56.87131029203421,-54.87352482340625,-52.90755918297016,-50.99090251270146,-49.139794730148836,-47.369226528434154,-45.692939376252454,-44.12342551787198,-42.671927973134096,-41.348440537453406,-40.16170778181766,-39.1192250527878,-38.22723847249792,-37.490744938655325,-36.91349212454047,-36.497978479007,-36.24545322648175,-36.15591636696471,-36.22811867602906,-36.459561704821155,-36.846497780060524,-37.38393000403988,-38.06561225462512,-38.88404918525531,-39.83049622494268,-40.894959578272655,-42.06619622540385,-43.33171392206803,-44.67777119957015,-46.08937736478834,-47.550292500173924,-49.043027463751386,-50.54884388911839,-52.047754185445754,-53.51852153747755,-54.93865990553094,-56.28443402549631,-57.53085940883723,-58.651702342590404,-59.61947988936577,-60.405459887346396,-60.97966095028856,-61.3108524675217,-61.36655460394844,-61.11303830004457,-60.51532527185908,-59.53718801101411,-58.14114978470502,-56.2884846357003,-53.9392173823416,-51.052123618543874,-47.584729713795056,-43.49331281315649,-38.73290083726251,-33.257272482320616,-27.018957220111737,-19.969235297989567,-12.058137738881506,-3.2344463412876934,6.554306320718588,17.36183689749032,29.243111263807883,42.25434451887846,56.4530009863355,71.89779421424007,88.64868697507916],[62.30107233112492,46.05523007533623,31.115487352482283,17.42188139007574,4.915698640055787,-6.460525221211384,-16.763005292932725,-26.046707449888302,-34.365348342431695,-41.77139539648931,-48.316066813560916,-54.04933157071932,-59.01990942061064,-63.275270891454156,-66.86163728704224,-69.82398068674051,-72.20602394548774,-74.05024069379593,-75.39785533775016,-76.28884305900876,-76.76192981480321,-76.85459233793819,-76.60305813679156,-76.04230549531431,-75.20606347303067,-74.12681190503801,-72.83578140200686,-71.362953350181,-69.73705991137732,-67.98558402298589,-66.13475939797002,-64.20957052486611,-62.23375266778383,-60.22979186640594,-58.21892493598844,-56.22113946736048,-54.25517382692439,-52.33851715665569,-50.487409374103066,-48.716841172388385,-47.040554020206685,-45.47104016182621,-44.01954261708833,-42.69605518140764,-41.50932242577189,-40.46683969674203,-39.574853116452154,-38.838359582609556,-38.2611067684947,-37.84559312296123,-37.59306787043598,-37.50353101091894,-37.57573331998329,-37.807176348775386,-38.194112424014754,-38.73154464799411,-39.41322689857935,-40.23166382920954,-41.17811086889691,-42.242574222226885,-43.41381086935808,-44.679328566022264,-46.02538584352438,-47.43699200874257,-48.897907144128155,-50.39064210770562,-51.89645853307262,-53.395368829399985,-54.86613618143178,-56.28627454948517,-57.63204866945054,-58.87847405279146,-59.999316986544635,-60.96709453332,-61.753074531300626,-62.32727559424279,-62.65846711147593,-62.71416924790267,-62.4606529439988,-61.862939915813314,-60.88480265496834,-59.48876442865925,-57.63609927965453,-55.28683202629583,-52.399738262498104,-48.93234435774929,-44.84092745711072,-40.08051548121674,-34.604887126274846,-28.366571864065968,-21.316849941943797,-13.405752382835736,-4.582060985241924,5.206691676764358,16.01422225353609,27.895496619853652,40.90672987492423,55.10538634238127,70.55017957028585,87.30107233112491],[61.410084609866324,45.164242354077636,30.224499631223686,16.530893668817143,4.02471091879719,-7.351512942469981,-17.65399301419132,-26.9376951711469,-35.25633606369029,-42.66238311774791,-49.20705453481951,-54.940319291977914,-59.910897141869235,-64.16625861271275,-67.75262500830084,-70.71496840799911,-73.09701166674634,-74.94122841505452,-76.28884305900876,-77.17983078026735,-77.6529175360618,-7