{"data":[{"type":"contour","x":[0.25,0.3484848484848485,0.44696969696969696,0.5454545454545454,0.6439393939393939,0.7424242424242424,0.8409090909090909,0.9393939393939394,1.0378787878787878,1.1363636363636362,1.2348484848484849,1.3333333333333333,1.4318181818181819,1.5303030303030303,1.628787878787879,1.7272727272727273,1.8257575757575757,1.9242424242424243,2.0227272727272725,2.121212121212121,2.2196969696969697,2.3181818181818183,2.4166666666666665,2.515151515151515,2.6136363636363638,2.712121212121212,2.8106060606060606,2.909090909090909,3.007575757575758,3.106060606060606,3.2045454545454546,3.303030303030303,3.4015151515151514,3.5,3.5984848484848486,3.696969696969697,3.7954545454545454,3.893939393939394,3.992424242424242,4.090909090909091,4.1893939393939394,4.287878787878788,4.386363636363637,4.484848484848484,4.583333333333333,4.681818181818182,4.78030303030303,4.878787878787879,4.9772727272727275,5.075757575757576,5.174242424242424,5.2727272727272725,5.371212121212121,5.46969696969697,5.568181818181818,5.666666666666667,5.765151515151516,5.863636363636363,5.962121212121212,6.0606060606060606,6.159090909090909,6.257575757575758,6.356060606060606,6.454545454545454,6.553030303030303,6.651515151515151,6.75,6.848484848484849,6.946969696969697,7.045454545454546,7.143939393939394,7.242424242424242,7.340909090909091,7.4393939393939394,7.537878787878788,7.636363636363637,7.734848484848484,7.833333333333333,7.931818181818182,8.030303030303031,8.128787878787879,8.227272727272727,8.325757575757576,8.424242424242424,8.522727272727273,8.621212121212121,8.719696969696969,8.818181818181818,8.916666666666666,9.015151515151516,9.113636363636363,9.212121212121213,9.31060606060606,9.409090909090908,9.507575757575758,9.606060606060606,9.704545454545455,9.803030303030303,9.901515151515152,10.0],"y":[0.25,0.3484848484848485,0.44696969696969696,0.5454545454545454,0.6439393939393939,0.7424242424242424,0.8409090909090909,0.9393939393939394,1.0378787878787878,1.1363636363636362,1.2348484848484849,1.3333333333333333,1.4318181818181819,1.5303030303030303,1.628787878787879,1.7272727272727273,1.8257575757575757,1.9242424242424243,2.0227272727272725,2.121212121212121,2.2196969696969697,2.3181818181818183,2.4166666666666665,2.515151515151515,2.6136363636363638,2.712121212121212,2.8106060606060606,2.909090909090909,3.007575757575758,3.106060606060606,3.2045454545454546,3.303030303030303,3.4015151515151514,3.5,3.5984848484848486,3.696969696969697,3.7954545454545454,3.893939393939394,3.992424242424242,4.090909090909091,4.1893939393939394,4.287878787878788,4.386363636363637,4.484848484848484,4.583333333333333,4.681818181818182,4.78030303030303,4.878787878787879,4.9772727272727275,5.075757575757576,5.174242424242424,5.2727272727272725,5.371212121212121,5.46969696969697,5.568181818181818,5.666666666666667,5.765151515151516,5.863636363636363,5.962121212121212,6.0606060606060606,6.159090909090909,6.257575757575758,6.356060606060606,6.454545454545454,6.553030303030303,6.651515151515151,6.75,6.848484848484849,6.946969696969697,7.045454545454546,7.143939393939394,7.242424242424242,7.340909090909091,7.4393939393939394,7.537878787878788,7.636363636363637,7.734848484848484,7.833333333333333,7.931818181818182,8.030303030303031,8.128787878787879,8.227272727272727,8.325757575757576,8.424242424242424,8.522727272727273,8.621212121212121,8.719696969696969,8.818181818181818,8.916666666666666,9.015151515151516,9.113636363636363,9.212121212121213,9.31060606060606,9.409090909090908,9.507575757575758,9.606060606060606,9.704545454545455,9.803030303030303,9.901515151515152,10.0],"z":[[-1.1969442882079129,-0.26191737482967775,0.3722224139071916,0.1385406142149569,-0.7540462729100335,-1.5075465787157807,-1.4483149975090701,-0.6293058231650974,0.2172693163108702,0.33455423356171055,-0.3823062829179772,-1.2924236786810113,-1.5821336372545622,-0.9924292914855308,-0.050518873690955424,0.4015096614967606,-0.040466814237456794,-0.9813119276086542,-1.5798901288055223,-1.301059769948609,-0.3941011245579858,0.3301454809355089,0.22418817135177782,-0.6172449640768388,-1.441894799018491,-1.512506834876679,-0.7659524091746892,0.1303329369952223,0.3750510338024038,-0.25058130419066915,-1.187235455175116,-1.5975226788849097,-1.114637467600383,-0.1702894746078054,0.3912541013688724,0.0679613553865479,-0.8511371189138434,-1.5443477297557506,-1.391925441533623,-0.5301390230226187,0.2705561313108814,0.294321517020242,-0.48008962637724173,-1.3603372594593104,-1.5594612691319174,-0.8994405539658774,0.02965232335228607,0.3971885620961887,-0.125417055277258,-1.0709439873031639,-1.594071038677363,-1.2271114948436963,-0.2981349958251043,0.3623337023280506,0.16382153060697402,-0.7161974057059598,-1.4909674532943016,-1.4678277047527355,-0.6674655876242115,0.19457813599196105,0.3476180353906624,-0.3451668157360914,-1.2644120200270295,-1.5882928059720633,-1.0272528596918091,-0.08287383046498609,0.40054933593067854,-0.009173957106567987,-0.9457423678771226,-1.5718438096904883,-1.3277302719412658,-0.43164445140590635,0.3152938622475595,0.24530592393023376,-0.579037560361691,-1.42075597603083,-1.5273351501403567,-0.8034910333404108,0.10364433264474682,0.38307262941265774,-0.21502098577156126,-1.1559280952343585,-1.5984577233394344,-1.1469789668128085,-0.20512344014883227,0.3850699758587489,0.0959558096936578,-0.8139917225809279,-1.531260166065028,-1.4145962708900326,-0.5683000416119905,0.25102168606334696,0.3108778548022142,-0.4422442238137166,-1.335037387246535,-1.5693255513360542,-0.9356501124130889,-0.0005303956517299646,0.40001667552575615,-0.09210650299419765],[-0.26191737482967775,0.6731095385485574,1.3072493272854266,1.073567527593192,0.1809806404682017,-0.5725196653375455,-0.5132880841308349,0.3057210902131377,1.1522962296891053,1.2695811469399456,0.5527206304602579,-0.35739676530277614,-0.6471067238763273,-0.05740237810729576,0.8845080396872798,1.3365365748749958,0.8945600991407783,-0.046285014230419086,-0.6448632154272871,-0.36603285657037393,0.5409257888202493,1.265172394313744,1.159215084730013,0.3177819493013963,-0.5068678856402558,-0.5774799214984438,0.1690745042035459,1.0653598503734574,1.310077947180639,0.6844456091875659,-0.25220854179688096,-0.6624957655066745,-0.17961055422214772,0.7647374387704298,1.3262810147471076,1.002988268764783,0.08388979446439176,-0.6093208163775157,-0.45689852815538795,0.4048878903556164,1.2055830446891165,1.2293484303984772,0.45493728700099345,-0.4253103460810754,-0.6244343557536824,0.035586359412357715,0.9646792367305213,1.3322154754744238,0.8096098581009772,-0.1359170739249287,-0.6590441252991279,-0.2920845814654612,0.6368919175531309,1.2973606157062858,1.098848443985209,0.21882950767227533,-0.5559405399160664,-0.5328007913745003,0.2675613257540237,1.1296050493701961,1.2826449487688976,0.5898600976421438,-0.32938510664879445,-0.6532658925938284,-0.09222594631357389,0.8521530829132491,1.3355762493089136,0.9258529562716671,-0.0107154544988875,-0.6368168963122531,-0.39270335856303057,0.5033824619723288,1.2503207756257946,1.180332837308469,0.35598935301654416,-0.4857290626525948,-0.5923082367621215,0.1315358800378243,1.0386712460229819,1.3180995427908928,0.7200059276066739,-0.22090118185612345,-0.6634308099611992,-0.2119520534345734,0.7299034732294029,1.320096889236984,1.0309827230718929,0.12103519079730723,-0.5962332526867928,-0.47956935751179747,0.3667268717662446,1.1860485994415821,1.2459047681804494,0.49278268956451854,-0.40001047386829996,-0.634298637957819,-0.0006231990348538607,0.9344965177265052,1.3350435889039913,0.8429204103840375],[0.3722224139071916,1.3072493272854266,1.941389116022296,1.7077073163300613,0.815120429205071,0.06162012339932388,0.12085170460603434,0.939860878950007,1.7864360184259747,1.903720935676815,1.1868604191971273,0.2767430234340932,-0.012966935139457902,0.5767374106295735,1.518647828424149,1.9706763636118652,1.5286998878776477,0.5878547745064502,-0.010723426690417814,0.2681069321664954,1.1750655775571186,1.8993121830506134,1.7933548734668823,0.9519217380382656,0.12727190309661351,0.05665986723842553,0.8032142929404152,1.6994996391103268,1.9442177359175083,1.3185853979244353,0.38193124693998837,-0.02835597676980517,0.4545292345147216,1.398877227507299,1.9604208034839767,1.6371280575016525,0.7180295832012611,0.024818972359353708,0.17724126058148137,1.0390276790924857,1.8397228334259859,1.8634882191353466,1.0890770757378627,0.20882944265579395,0.009705432983186935,0.669726148149227,1.5988190254673906,1.9663552642112931,1.4437496468378463,0.49822271481194064,-0.024904336562258544,0.34205520727140815,1.27103170629,1.9315004044431552,1.7329882327220785,0.8529692964091447,0.07819924882080287,0.10133899736236907,0.901701114490893,1.7637448381070655,1.916784737505767,1.223999886379013,0.3047546820880749,-0.01912610385695901,0.5419138424232954,1.4862928716501185,1.969716038045783,1.5599927450085365,0.6234243342379818,-0.0026771075753837525,0.24143643017383876,1.137522250709198,1.884460564362664,1.814472626045338,0.9901291417534135,0.14841072608427452,0.04183155197474775,0.7656756687746936,1.6728110347598513,1.9522393315277622,1.354145716343543,0.4132386068807459,-0.029291021224329805,0.4221877353022959,1.3640432619662721,1.9542366779738534,1.6651225118087623,0.7551749795341766,0.037906536050076545,0.15457043122507186,1.0008666605031138,1.8201883881784515,1.8800445569173188,1.1269224783013878,0.23412931486856936,-0.00015884922094966392,0.6335165897020154,1.5686363064633744,1.9691833776408605,1.4770601991209067],[0.1385406142149569,1.073567527593192,1.7077073163300613,1.4740255166378267,0.5814386295128363,-0.1720616762929108,-0.11283009508620034,0.7061790792577723,1.55275421873374,1.6700391359845803,0.9531786195048926,0.0430612237418585,-0.24664873483169258,0.3430556109373389,1.2849660287319145,1.7369945639196303,1.295018088185413,0.35417297481421556,-0.2444052263826525,0.03442513247426071,0.9413837778648839,1.6656303833583785,1.5596730737746476,0.718239938346031,-0.10640989659562117,-0.17702193245380915,0.5695324932481806,1.465817839418092,1.7105359362252734,1.0849035982322006,0.14824944724775369,-0.26203777646203985,0.22084743482248692,1.1651954278150645,1.7267390037917423,1.4034462578094176,0.4843477835090264,-0.20886282733288097,-0.05644053911075331,0.805345879400251,1.6060410337337512,1.6298064194431117,0.855395276045628,-0.02485235703644073,-0.22397636670904775,0.43604434845699236,1.3651372257751557,1.7326734645190585,1.2100678471456119,0.26454091511970595,-0.2585861362544932,0.10837340757917346,1.0373499065977656,1.6978186047509203,1.4993064330298438,0.61928749671691,-0.1554825508714318,-0.13234280232986562,0.6680193147986583,1.5300630384148308,1.683102937813532,0.9903180866867783,0.0710728823958402,-0.2528079035491937,0.30823204273106075,1.2526110719578836,1.7360342383535483,1.3263109453163018,0.38974253454574714,-0.23635890726761843,0.0077546304816040745,0.9038404510169634,1.6507787646704293,1.5807908263531036,0.7564473420611788,-0.08527107360796016,-0.19185024771748693,0.5319938690824589,1.4391292350676166,1.7185575318355275,1.1204639166513086,0.1795568071885112,-0.2629728209165645,0.18850593561006124,1.1303614622740374,1.7205548782816187,1.4314407121165276,0.5214931798419419,-0.19577526364215814,-0.07911136846716282,0.7671848608108792,1.5865065884862166,1.6463627572250839,0.8932406786091531,0.0004475151763346785,-0.23384064891318435,0.3998347900097808,1.33495450677114,1.735501577948626,1.2433783994286722],[-0.7540462729100335,0.1809806404682017,0.815120429205071,0.5814386295128363,-0.311148257612154,-1.064648563417901,-1.0054169822111907,-0.18640780786721797,0.6601673316087496,0.77745224885959,0.06059173237990226,-0.8495256633831318,-1.1392356219566828,-0.5495312761876514,0.392379141606924,0.84440767679464,0.4024312010604226,-0.5384139123107747,-1.1369921135076428,-0.8581617546507296,0.048796890739893656,0.7730434962333883,0.6670861866496572,-0.17434694877895937,-0.9989967837206115,-1.0696088195787994,-0.3230543938768098,0.5732309522931017,0.8179490491002832,0.1923167111072103,-0.7443374398772367,-1.15462466358703,-0.6717394523025034,0.272608540690074,0.8341521166667518,0.5108593706844273,-0.40823910361596394,-1.1014497144578712,-0.9490274262357437,-0.08724100772473929,0.7134541466087608,0.7372195323181214,-0.03719161107936225,-0.9174392441614311,-1.116563253834038,-0.456542538667998,0.4725503386501655,0.8400865773940681,0.3174809600206214,-0.6280459720052843,-1.1511730233794835,-0.7842134795458169,0.14476301947277517,0.80523171762593,0.6067195459048534,-0.2732993904080804,-1.0480694379964222,-1.0249296894548559,-0.224567572326332,0.6374761512898405,0.7905160506885418,0.09773119956178802,-0.8215140047291501,-1.145394790674184,-0.5843548443939296,0.36002418483289333,0.843447351228558,0.43372405819131143,-0.5028443525792432,-1.1289457943926087,-0.8848322566433863,0.0112535638919731,0.7581918775454389,0.6882039392281132,-0.13613954506381148,-0.9778579607329505,-1.0844371348424773,-0.3605930180425314,0.5465423479426262,0.8259706447105372,0.2278770295263182,-0.7130300799364792,-1.1555597080415547,-0.7040809515149291,0.23777457514904718,0.8279679911566283,0.5388538249915372,-0.37109370728304847,-1.0883621507671484,-0.9716982555921532,-0.1254020263141111,0.6939197013612264,0.7537758701000936,0.0006537914841628634,-0.8921393719486557,-1.1264275360381746,-0.4927520971152095,0.44236761964614946,0.8429146908236356,0.3507915123036818],[-1.5075465787157807,-0.5725196653375455,0.06162012339932388,-0.1720616762929108,-1.064648563417901,-1.8181488692236483,-1.7589172880169377,-0.9399081136729651,-0.09333297419699749,0.02395194305384285,-0.6929085734258449,-1.603025969188879,-1.89273592776243,-1.3030315819933986,-0.3611211641988231,0.0909073709888929,-0.3510691047453245,-1.291914218116522,-1.8904924193133898,-1.6116620604564766,-0.7047034150658535,0.01954319042764119,-0.08641411915608987,-0.9278472545847065,-1.7524970895263587,-1.8231091253845466,-1.076554699682557,-0.1802693535126454,0.06444874329453609,-0.5611835946985368,-1.497837745682984,-1.9081249693927773,-1.4252397581082505,-0.4808917651156731,0.0806518108610047,-0.2426409351213198,-1.161739409421711,-1.8549500202636184,-1.7025277320414909,-0.8407413135304864,-0.040046159196986286,-0.016280773487625688,-0.7906919168851094,-1.6709395499671782,-1.8700635596397852,-1.2100428444737452,-0.2809499671555816,0.086586271588321,-0.4360193457851257,-1.3815462778110315,-1.9046733291852307,-1.5377137853515639,-0.608737286332972,0.051731411820182926,-0.14678075990089368,-1.0267996962138275,-1.8015697438021694,-1.778429995260603,-0.9780678781320792,-0.11602415451590664,0.03701574488279469,-0.6557691062439591,-1.5750143105348973,-1.8988950964799312,-1.3378551501996767,-0.3934761209728538,0.08994704542281085,-0.3197762476144357,-1.2563446583849904,-1.882446100198356,-1.6383325624491334,-0.742246741913774,0.004691571739691813,-0.06529636657763394,-0.8896398508695587,-1.7313582665386975,-1.8379374406482243,-1.1140933238482784,-0.20695795786312088,0.07247033890479004,-0.525623276279429,-1.4665303857422263,-1.909060013847302,-1.4575812573206761,-0.5157257306567,0.07446768535088122,-0.2146464808142099,-1.1245940130887955,-1.8418624565728956,-1.7251985613979004,-0.8789023321198582,-0.059580604444520735,0.00027556429434649754,-0.7528465143215843,-1.645639677754403,-1.8799278418439218,-1.2462524029209567,-0.31113268615959766,0.08941438501788845,-0.40270879350206534],[-1.4483149975090701,-0.5132880841308349,0.12085170460603434,-0.11283009508620034,-1.0054169822111907,-1.7589172880169377,-1.6996857068102273,-0.8806765324662547,-0.03410139299028703,0.08318352426055331,-0.6336769922191344,-1.5437943879821685,-1.8335043465557197,-1.243800000786688,-0.30188958299211266,0.15013895219560336,-0.29183752353861403,-1.2326826369098114,-1.8312608381066795,-1.5524304792497663,-0.645471833859143,0.07877477163435165,-0.027182537949379415,-0.8686156733779961,-1.6932655083196482,-1.763877544177836,-1.0173231184758464,-0.12103777230593493,0.12368032450124655,-0.5019520134918264,-1.4386061644762733,-1.8488933881860667,-1.36600817690154,-0.42166018390896265,0.13988339206771516,-0.18340935391460933,-1.1025078282150007,-1.795718439056908,-1.6432961508347803,-0.781509732323776,0.019185422009724173,0.04295080771908477,-0.731460335678399,-1.6117079687604678,-1.8108319784330749,-1.1508112632670346,-0.22171838594887117,0.14581785279503146,-0.37678776457841523,-1.322314696604321,-1.8454417479785201,-1.4784822041448535,-0.5495057051262615,0.11096299302689339,-0.08754917869418322,-0.967568115007117,-1.7423381625954588,-1.7191984140538925,-0.9188362969253687,-0.05679257330919618,0.09624732608950515,-0.5965375250372487,-1.515782729328187,-1.8396635152732208,-1.2786235689929661,-0.3342445397661433,0.1491786266295213,-0.2605446664077252,-1.1971130771782799,-1.8232145189916453,-1.5791009812424228,-0.6830151607070636,0.06392315294640227,-0.006064785370923476,-0.8304082696628482,-1.6721266853319872,-1.778705859441514,-1.054861742641568,-0.14772637665641042,0.1317019201115005,-0.4663916950727185,-1.407298804535516,-1.8498284326405914,-1.3983496761139658,-0.4564941494499895,0.13369926655759168,-0.15541489960749943,-1.0653624318820851,-1.782630875366185,-1.6659669801911898,-0.8196707509131478,-0.00034902323781027533,0.05950714550105696,-0.6936149331148738,-1.5864080965476923,-1.8206962606372112,-1.1870208217142462,-0.2519011049528872,0.1486459662245989,-0.3434772122953549],[-0.6293058231650974,0.3057210902131377,0.939860878950007,0.7061790792577723,-0.18640780786721797,-0.9399081136729651,-0.8806765324662547,-0.06166735812228196,0.7849077813536857,0.902192698604526,0.18533218212483826,-0.7247852136381958,-1.0144951722117468,-0.42479082644271543,0.51711959135186,0.969148126539576,0.5271716508053587,-0.41367346256583876,-1.0122516637627068,-0.7334213049057936,0.17353734048482966,0.8977839459783243,0.7918266363945933,-0.04960649903402337,-0.8742563339756755,-0.9448683698338635,-0.19831394413187378,0.6979714020380378,0.9426894988452192,0.3170571608521463,-0.6195969901323006,-1.029884213842094,-0.5469990025575674,0.39734899043501004,0.9588925664116879,0.6355998204293634,-0.2834986538710279,-0.9767092647129353,-0.8242869764908076,0.03749944202019671,0.8381945963536969,0.8619599820630575,0.08754883866557375,-0.792698794416495,-0.9918228040891021,-0.33180208892306196,0.5972907883951015,0.9648270271390041,0.44222140976555746,-0.5033055222603483,-1.0264325736345474,-0.6594730298008809,0.2695034692177112,0.9299721673708661,0.7314599956497895,-0.14855894066314435,-0.9233289882514861,-0.9001892397099199,-0.099827122581396,0.7622166010347765,0.9152565004334778,0.22247164930672403,-0.6967735549842141,-1.020654340929248,-0.45961439464899356,0.48476463457782937,0.968187800973494,0.5584645079362475,-0.37810390283430717,-1.0042053446476726,-0.7600918068984502,0.1359940136369091,0.882932327290375,0.8129443889730492,-0.011399095318875483,-0.8531175109880145,-0.9596966850975412,-0.23585256829759538,0.6712827976875623,0.9507110944554732,0.3526174792712542,-0.5882896301915431,-1.0308192582966187,-0.5793405017699931,0.3625150248939832,0.9527084409015644,0.6635942747364733,-0.24635325753811244,-0.9636217010222125,-0.8469578058472171,-0.0006615765691750895,0.8186601511061624,0.8785163198450296,0.12539424122909887,-0.7673989222037196,-1.0016870862932385,-0.36801164737027353,0.5671080693910855,0.9676551405685716,0.4755319620486178],[0.2172693163108702,1.1522962296891053,1.7864360184259747,1.55275421873374,0.6601673316087496,-0.09333297419699749,-0.03410139299028703,0.7849077813536857,1.6314829208296533,1.7487678380804936,1.031907321600806,0.12178992583777182,-0.16792003273577927,0.4217843130332522,1.3636947308278278,1.8157232660155436,1.3737467902813263,0.4329016769101289,-0.16567652428673918,0.11315383457017403,1.0201124799607972,1.7443590854542919,1.638401775870561,0.7969686404419443,-0.02768119449970785,-0.09829323035789583,0.6482611953440939,1.5445465415140054,1.7892646383211868,1.163632300328114,0.226978149343667,-0.18330907436612653,0.29957613691840024,1.2439241299109778,1.8054677058876556,1.4821749599053309,0.5630764856049397,-0.13013412523696766,0.02228816298516001,0.8840745814961644,1.6847697358296645,1.708535121539025,0.9341239781415414,0.053876345059472586,-0.14524766461313443,0.5147730505529057,1.443865927871069,1.8114021666149718,1.2887965492415252,0.34326961721561927,-0.1798574341585799,0.18710210967508678,1.116078608693679,1.7765473068468336,1.578035135125757,0.6980161988128233,-0.0767538487755185,-0.0536141002339523,0.7467480168945716,1.6087917405107441,1.7618316399094454,1.0690467887826918,0.14980158449175351,-0.17407920145328037,0.38696074482697407,1.3313397740537969,1.8147629404494616,1.405039647412215,0.46847123664166046,-0.15763020517170512,0.08648333257751739,0.9825691531128767,1.7295074667663426,1.659519528449017,0.8351760441570921,-0.006542371512046841,-0.11312154562157362,0.6107225711783723,1.51785793716353,1.7972862339314408,1.199192618747222,0.2582855092844245,-0.18424411882065117,0.26723463770597455,1.2090901643699508,1.799283580377532,1.5101694142124409,0.6002218819378552,-0.11704656154624482,-0.0003826663712495071,0.8459135629067925,1.66523529058213,1.7250914593209972,0.9719693807050664,0.079176217272248,-0.15511194681727103,0.4785634921056941,1.4136832088670532,1.8142302800445393,1.3221071015245855],[0.33455423356171055,1.2695811469399456,1.903720935676815,1.6700391359845803,0.77745224885959,0.02395194305384285,0.08318352426055331,0.902192698604526,1.7487678380804936,1.866052755331334,1.1491922388516462,0.23907484308861215,-0.05063511548493893,0.5390692302840925,1.480979648078668,1.933008183266384,1.4910317075321666,0.5501865941609692,-0.04839160703589884,0.23043875182101436,1.1373973972116376,1.8616440027051322,1.7556866931214012,0.9142535576927846,0.08960372275113249,0.018991686892944504,0.7655461125949342,1.6618314587648457,1.906549555572027,1.2809172175789543,0.34426306659450734,-0.0660241571152862,0.4168610541692406,1.3612090471618181,1.922752623138496,1.5994598771561712,0.6803614028557801,-0.01284920798612732,0.13957308023600035,1.0013594987470047,1.8020546530805048,1.8258200387898653,1.0514088953923817,0.17116126231031292,-0.027962747362294094,0.632057967803746,1.5611508451219094,1.9286870838658121,1.4060814664923655,0.4605545344664596,-0.06257251690773957,0.3043870269259271,1.2333635259445193,1.893832224097674,1.6953200523765974,0.8153011160636636,0.04053106847532184,0.06367081701688804,0.8640329341454119,1.7260766577615845,1.8791165571602857,1.186331706033532,0.26708650174259385,-0.05679428420244004,0.5042456620778144,1.4486246913046372,1.932047857700302,1.5223245646630554,0.5857561538925008,-0.04034528792086478,0.20376824982835773,1.0998540703637172,1.846792384017183,1.7768044456998573,0.9524609614079325,0.1107425457387935,0.004163371629266721,0.7280074884292126,1.6351428544143702,1.9145711511822812,1.3164775359980623,0.37557042653526485,-0.06695920156981083,0.3845195549568149,1.326375081620791,1.9165684976283723,1.6274543314632812,0.7175067991886955,0.00023835570459551647,0.11690225087959083,0.9631984801576329,1.7825202078329703,1.8423763765718375,1.0892542979559068,0.19646113452308833,-0.03782702956643069,0.5958484093565344,1.5309681261178936,1.9315151972953797,1.4393920187754259],[-0.3823062829179772,0.5527206304602579,1.1868604191971273,0.9531786195048926,0.06059173237990226,-0.6929085734258449,-0.6336769922191344,0.18533218212483826,1.031907321600806,1.1491922388516462,0.4323317223719585,-0.4777856733910756,-0.7674956319646267,-0.1777912861955952,0.7641191315989803,1.2161476667866964,0.7741711910524789,-0.16667392231871853,-0.7652521235155866,-0.4864217646586734,0.4205368807319499,1.1447834862254447,1.0388261766417135,0.19739304121309686,-0.6272567937285553,-0.6978688295867432,0.04868559611524645,0.944970942285158,1.1896890390923396,0.5640567010992665,-0.3725974498851804,-0.7828846735949739,-0.29999946231044716,0.6443485306821303,1.205892106658808,0.8825993606764836,-0.036499113623907675,-0.7297097244658151,-0.5772874362436874,0.28449898226731696,1.085194136600817,1.1089595223101778,0.33454837891269396,-0.5456992541693748,-0.7448232638419818,-0.08480254867594172,0.8442903286422218,1.2118265673861244,0.6892209500126777,-0.25630598201322813,-0.7794330333874273,-0.4124734895537606,0.5165030094648314,1.1769717076179864,0.9784595358969097,0.09844059958397587,-0.6763294480043659,-0.6531896994627997,0.14717241766572423,1.0092161412818967,1.1622560406805982,0.46947118955384426,-0.4497740147370939,-0.7736548006821278,-0.21261485440187333,0.7317641748249496,1.2151873412206142,0.8054640481833677,-0.13110436258718694,-0.7572058044005525,-0.51309226665133,0.38299355388402934,1.1299318675374952,1.0599439292201693,0.23560044492824475,-0.6061179707408942,-0.712697144850421,0.011146971949524853,0.9182823379346825,1.1977106347025934,0.5996170195183744,-0.3412900899444229,-0.7838197180494986,-0.33234096152287285,0.6095145651411034,1.1997079811486846,0.9105938149835935,0.0006462827090077949,-0.7166221607750922,-0.5999582656000969,0.24633796367794514,1.0656596913532828,1.12551586009215,0.3723937814762191,-0.5203993819565994,-0.7546875460461184,-0.1210121071231533,0.8141076096382057,1.2146546808156917,0.722531502295738],[-1.2924236786810113,-0.35739676530277614,0.2767430234340932,0.0430612237418585,-0.8495256633831318,-1.603025969188879,-1.5437943879821685,-0.7247852136381958,0.12178992583777182,0.23907484308861215,-0.4777856733910756,-1.3879030691541097,-1.6776130277276606,-1.0879086819586292,-0.14599826416405381,0.3060302710236622,-0.13594620471055519,-1.0767913180817525,-1.6753695192786207,-1.3965391604217074,-0.4895805150310842,0.2346660904624105,0.12870878087867943,-0.7127243545499372,-1.5373741894915893,-1.6079862253497774,-0.8614317996477876,0.03485354652212391,0.2795716433293054,-0.34606069466376754,-1.2827148456482145,-1.6930020693580081,-1.2101168580734813,-0.2657688650809038,0.295774710895774,-0.027518035086550485,-0.9466165093869418,-1.639827120228849,-1.4874048320067215,-0.6256184134957171,0.17507674083778302,0.19884212654714362,-0.5755690168503401,-1.4558166499324088,-1.6549406596050158,-0.9949199444389758,-0.06582706712081232,0.3017091716230903,-0.22089644575035638,-1.1664233777762623,-1.6895504291504615,-1.3225908853167947,-0.39361438629820267,0.26685431185495223,0.06834214013387563,-0.8116767961790582,-1.5864468437674,-1.5633070952258339,-0.7629449780973099,0.09909874551886266,0.252138644917564,-0.4406462062091898,-1.3598914105001279,-1.6837721964451617,-1.1227322501649075,-0.17835322093808448,0.30506994545758015,-0.10465334757966638,-1.041221758350221,-1.6673232001635867,-1.4232096624143642,-0.5271238418790047,0.21981447177446112,0.14982653345713537,-0.6745169508347894,-1.5162353665039283,-1.622814540613455,-0.8989704238135092,0.008164942171648426,0.28759323893955935,-0.31050037624465965,-1.2514074857074569,-1.6939371138125328,-1.242458357285907,-0.30060283062193066,0.2895905853856505,0.00047641922055940977,-0.9094711130540263,-1.6267395565381264,-1.510075661363131,-0.6637794320850889,0.15554229559024857,0.2153984643291158,-0.5377236142868149,-1.4305167777196335,-1.6648049418091526,-1.0311295028861873,-0.09600978612482836,0.30453728505265776,-0.18758589346729604],[-1.5821336372545622,-0.6471067238763273,-0.012966935139457902,-0.24664873483169258,-1.1392356219566828,-1.89273592776243,-1.8335043465557197,-1.0144951722117468,-0.16792003273577927,-0.05063511548493893,-0.7674956319646267,-1.6776130277276606,-1.9673229863012118,-1.3776186405321804,-0.4357082227376049,0.01632031245011112,-0.42565616328410627,-1.3665012766553037,-1.9650794778521719,-1.6862491189952586,-0.7792904736046353,-0.05504386811114059,-0.16100117769487166,-1.0024343131234883,-1.8270841480651403,-1.8976961839233284,-1.1511417582213388,-0.2548564120514272,-0.010138315244245688,-0.6357706532373186,-1.5724248042217654,-1.982712027931559,-1.4998268166470323,-0.5554788236544549,0.006064752322222922,-0.31722799366010157,-1.2363264679604928,-1.9295370788024002,-1.7771147905802724,-0.9153283720692682,-0.11463321773576807,-0.09086783202640747,-0.8652789754238912,-1.74552660850596,-1.944650618178567,-1.2846299030125268,-0.3555370256943634,0.011999213049539215,-0.5106064043239075,-1.4561333363498132,-1.9792603877240125,-1.612300843890346,-0.6833243448717538,-0.022855646718598854,-0.22136781843967546,-1.1013867547526093,-1.876156802340951,-1.8530170537993849,-1.0526549366708609,-0.19061121305468842,-0.03757131365598709,-0.7303561647827409,-1.649601369073679,-1.973482155018713,-1.4124422087384585,-0.46806317951163556,0.015359986884029064,-0.39436330615321746,-1.330931716923772,-1.9570331587371377,-1.7129196209879152,-0.8168338004525558,-0.06989548679908997,-0.13988342511641572,-0.9642269094083404,-1.8059453250774795,-1.9125244991870063,-1.1886803823870604,-0.28154501640190266,-0.002116719633991737,-0.6002103348182107,-1.541117444281008,-1.9836470723860837,-1.5321683158594581,-0.5903127891954818,-0.00011937318790056217,-0.2892335393529917,-1.1991810716275775,-1.9164495151116774,-1.799785619936682,-0.95348939065864,-0.13416766298330252,-0.07431149424443528,-0.8274335728603661,-1.7202267362931845,-1.9545149003827036,-1.3208394614597385,-0.38571974469837944,0.014827326479106673,-0.4772958520408471],[-0.9924292914855308,-0.05740237810729576,0.5767374106295735,0.3430556109373389,-0.5495312761876514,-1.3030315819933986,-1.243800000786688,-0.42479082644271543,0.4217843130332522,0.5390692302840925,-0.1777912861955952,-1.0879086819586292,-1.3776186405321804,-0.7879142947631489,0.15399612303142657,0.6060246582191426,0.1640481824849252,-0.7767969308862722,-1.3753751320831402,-1.096544773226227,-0.1895861278356038,0.5346604776578909,0.4287031680741598,-0.41272996735445683,-1.2373798022961089,-1.307991838154297,-0.5614374124523073,0.3348479337176043,0.5795660305247858,-0.04606630746828716,-0.982720458452734,-1.3930076821625277,-0.9101224708780009,0.03422552211457658,0.5957690980912544,0.2724763521089299,-0.6466221221914614,-1.3398327330333688,-1.187410444811241,-0.32562402630023674,0.4750711280332634,0.498836513742624,-0.2755746296548597,-1.1558222627369286,-1.3549462724095356,-0.6949255572434954,0.23416732007466806,0.6017035588185706,0.079097941445124,-0.8664289905807818,-1.389556041954981,-1.0225964981213143,-0.09361999910272228,0.5668486990504327,0.368336527329356,-0.5116824089835779,-1.2864524565719195,-1.2633127080303534,-0.46295059090182944,0.39909313271434305,0.5521330321130444,-0.14065181901370943,-1.0598970233046476,-1.3837778092496815,-0.8227378629694271,0.1216411662573959,0.6050643326530605,0.195341039615814,-0.7412273711547406,-1.3673288129681063,-1.1232152752188838,-0.22712945468352436,0.5198088589699414,0.44982092065261575,-0.37452256363930897,-1.2162409793084479,-1.3228201534179747,-0.5989760366180288,0.3081593293671288,0.5875876261350397,-0.010505989049179265,-0.9514130985119766,-1.3939427266170523,-0.9424639700904265,-0.000608443426450278,0.5895849725811309,0.3004708064160398,-0.6094767258585458,-1.326745169342646,-1.2100812741676505,-0.36378504488960856,0.45553668278572895,0.5153928515245962,-0.2377292270913346,-1.130522390524153,-1.3648105546136722,-0.731135115690707,0.20398460107065203,0.6045316722481382,0.11240849372818434],[-0.050518873690955424,0.8845080396872798,1.518647828424149,1.2849660287319145,0.392379141606924,-0.3611211641988231,-0.30188958299211266,0.51711959135186,1.3636947308278278,1.480979648078668,0.7641191315989803,-0.14599826416405381,-0.4357082227376049,0.15399612303142657,1.095906540826002,1.547935076013718,1.1059586002795005,0.16511348690830324,-0.4334647142885648,-0.1546343554316516,0.7523242899589717,1.4765708954524663,1.3706135858687354,0.5291804504401186,-0.2954693845015335,-0.36608142035972147,0.38047300534226824,1.2767583515121799,1.5214764483193612,0.8958441103262883,-0.04081004065815863,-0.45109726436795217,0.031787946916574605,0.976135939909152,1.5376795158858299,1.2143867699035054,0.2952882956031141,-0.3979223152387933,-0.24550002701666562,0.6162863914943387,1.4169815458278388,1.4407469315371995,0.6663357881397157,-0.21391184494235305,-0.41303585461496006,0.24698486055108004,1.1760777378692435,1.543613976613146,1.0210083592396995,0.07548142721379364,-0.44764562416040554,-0.08068608032673885,0.8482904186918532,1.508759116845008,1.3102469451239314,0.43022800881099765,-0.34454203877734413,-0.32140229023577793,0.47895982689274597,1.3410035505089186,1.4940434499076198,0.801258598780866,-0.11798660551007212,-0.441867391455106,0.11917255482514844,1.0635515840519714,1.546974750447636,1.1372514574103896,0.20068304663983483,-0.42541839517353075,-0.18130485742430824,0.7147809631110511,1.461719276764517,1.3917313384471912,0.5673878541552665,-0.2743305615138725,-0.38090973562339925,0.3429343811765466,1.2500697471617044,1.5294980439296153,0.9314044287453962,-0.009502680717401124,-0.4520323088224768,-0.0005535522958510786,0.9413019743681252,1.5314953903757065,1.2423812242106154,0.33243369193602956,-0.38483475154807045,-0.26817085637307514,0.5781253729049669,1.3974471005803044,1.4573032693191716,0.7041811907032409,-0.18861197272957764,-0.42290013681909666,0.21077530210386847,1.1458950188652275,1.5464420900427136,1.0543189115227598],[0.4015096614967606,1.3365365748749958,1.9706763636118652,1.7369945639196303,0.84440767679464,0.0909073709888929,0.15013895219560336,0.969148126539576,1.8157232660155436,1.933008183266384,1.2161476667866964,0.3060302710236622,0.01632031245011112,0.6060246582191426,1.547935076013718,1.999963611201434,1.5579871354672168,0.6171420220960193,0.018563820899151207,0.2973941797560644,1.2043528251466877,1.9285994306401824,1.8226421210564512,0.9812089856278347,0.15655915068618254,0.08594711482799455,0.8325015405299843,1.7287868866998957,1.9735049835070773,1.3478726455140042,0.4112184945295574,0.000931270819763852,0.4838164821042906,1.428164475096868,1.9897080510735459,1.6664153050912214,0.7473168307908301,0.05410621994892273,0.2065285081710504,1.0683149266820546,1.869010081015555,1.8927754667249155,1.1183643233274319,0.23811669024536297,0.038992680572755956,0.6990133957387961,1.6281062730569595,1.9956425118008623,1.4730368944274155,0.5275099624015096,0.0043829110273104765,0.37134245486097717,1.3003189538795692,1.960787652032724,1.7622754803116476,0.8822565439987137,0.10748649641037189,0.1306262449519381,0.930988362080462,1.7930320856966344,1.9460719850953359,1.253287133968582,0.3340419296776439,0.010161143732610012,0.5712010900128645,1.5155801192396874,1.999003285635352,1.5892799925981054,0.6527115818275508,0.02661014001418527,0.2707236777634078,1.1668094982987671,1.9137478119522329,1.8437598736349072,1.0194163893429826,0.17769797367384355,0.07111879956431677,0.7949629163642626,1.7020982823494202,1.981526579117331,1.3834329639331122,0.4425258544703149,-3.7736347607841836e-6,0.45147498289186494,1.3933305095558413,1.9835239255634223,1.6944097593983312,0.7844622271237456,0.06719378363964557,0.18385767881464088,1.030153908092683,1.8494756357680204,1.9093318045068877,1.156209725890957,0.2634165624581384,0.029128398368619357,0.6628038372915845,1.5979235540529435,1.9984706252304296,1.5063474467104758],[-0.040466814237456794,0.8945600991407783,1.5286998878776477,1.295018088185413,0.4024312010604226,-0.3510691047453245,-0.29183752353861403,0.5271716508053587,1.3737467902813263,1.4910317075321666,0.7741711910524789,-0.13594620471055519,-0.42565616328410627,0.1640481824849252,1.1059586002795005,1.5579871354672168,1.1160106597329993,0.17516554636180187,-0.4234126548350662,-0.14458229597815297,0.7623763494124702,1.486622954905965,1.380665645322234,0.5392325098936173,-0.28541732504803485,-0.35602936090622284,0.3905250647957669,1.2868104109656784,1.53152850777286,0.9058961697797869,-0.03075798120466,-0.44104520491445354,0.041840006370073235,0.9861879993626507,1.5477315753393284,1.224438829357004,0.3053403550566127,-0.38787025578529466,-0.235447967563167,0.6263384509478374,1.4270336052813375,1.4507989909906982,0.6763878475932144,-0.20385978548885442,-0.40298379516146143,0.2570369200045787,1.1861297973227423,1.5536660360666448,1.031060418693198,0.08553348666729227,-0.4375935647069069,-0.07063402087324022,0.8583424781453518,1.5188111762985068,1.32029900457743,0.4402800682644963,-0.3344899793238455,-0.3113502307822793,0.4890118863462446,1.3510556099624171,1.5040955093611186,0.8113106582343647,-0.10793454605657349,-0.4318153320016074,0.12922461427864707,1.07360364350547,1.5570268099011346,1.147303516863888,0.21073510609333346,-0.4153663357200321,-0.1712527979708096,0.7248330225645497,1.4717713362180156,1.4017833979006897,0.5774399136087651,-0.26427850206037384,-0.3708576761699006,0.35298644063004525,1.260121806615203,1.5395501033831138,0.9414564881988948,0.0005493787360975055,-0.4419802493689782,0.009498507157647551,0.9513540338216238,1.541547449829205,1.2524332836641139,0.3424857513895282,-0.3747826920945718,-0.2581187969195765,0.5881774323584655,1.4074991600338032,1.4673553287726704,0.7142332501567394,-0.178559913276079,-0.41284807736559803,0.2208273615573671,1.155947078318726,1.5564941494962121,1.0643709709762583],[-0.9813119276086542,-0.046285014230419086,0.5878547745064502,0.35417297481421556,-0.5384139123107747,-1.291914218116522,-1.2326826369098114,-0.41367346256583876,0.4329016769101289,0.5501865941609692,-0.16667392231871853,-1.0767913180817525,-1.3665012766553037,-0.7767969308862722,0.16511348690830324,0.6171420220960193,0.17516554636180187,-0.7656795670093955,-1.3642577682062635,-1.0854274093493503,-0.17846876395872713,0.5457778415347676,0.4398205319510365,-0.40161260347758015,-1.2262624384192322,-1.2968744742774203,-0.5503200485754306,0.34596529759448097,0.5906833944016625,-0.034948943591410486,-0.9716030945758574,-1.381890318285651,-0.8990051070011242,0.04534288599145325,0.6068864619681311,0.28359371598580657,-0.6355047583145848,-1.3287153691564921,-1.1762930809343644,-0.31450666242336006,0.4861884919101401,0.5099538776195007,-0.264457265777983,-1.144704898860052,-1.343828908532659,-0.6838081933666187,0.24528468395154474,0.6128209226954473,0.09021530532200067,-0.8553116267039051,-1.3784386780781044,-1.0114791342444376,-0.08250263522584561,0.5779660629273093,0.3794538912062327,-0.5005650451067012,-1.2753350926950429,-1.2521953441534768,-0.45183322702495277,0.4102104965912197,0.5632503959899211,-0.12953445513683276,-1.048779659427771,-1.3726604453728048,-0.8116204990925504,0.13275853013427258,0.6161816965299372,0.20645840349269068,-0.7301100072778639,-1.3562114490912296,-1.112097911342007,-0.21601209080664768,0.5309262228468181,0.4609382845294924,-0.3634051997624323,-1.2051236154315712,-1.311702789541098,-0.5878586727411521,0.3192766932440055,0.5987049900119163,0.0006113748276974085,-0.9402957346351,-1.3828253627401756,-0.9313466062135498,0.010508920450426396,0.6007023364580075,0.31158817029291647,-0.5983593619816692,-1.3156278054657693,-1.1989639102907739,-0.3526676810127319,0.4666540466626056,0.5265102154014729,-0.22661186321445792,-1.1194050266472764,-1.3536931907367955,-0.7200177518138303,0.2151019649475287,0.6156490361250149,0.12352585760506102],[-1.5798901288055223,-0.6448632154272871,-0.010723426690417814,-0.2444052263826525,-1.1369921135076428,-1.8904924193133898,-1.8312608381066795,-1.0122516637627068,-0.16567652428673918,-0.04839160703589884,-0.7652521235155866,-1.6753695192786207,-1.9650794778521719,-1.3753751320831402,-0.4334647142885648,0.018563820899151207,-0.4234126548350662,-1.3642577682062635,-1.9628359694031317,-1.6840056105462184,-0.7770469651555951,-0.052800359662100504,-0.15875766924583157,-1.0001908046744483,-1.8248406396161003,-1.8954526754742882,-1.1488982497722986,-0.2526129036023871,-0.0078948067952056,-0.6335271447882785,-1.5701812957727255,-1.980468519482519,-1.4975833081979921,-0.5532353152054148,0.00830826077126301,-0.3149844852110615,-1.2340829595114529,-1.9272935703533602,-1.7748712821312325,-0.9130848636202281,-0.11238970928672798,-0.08862432357736738,-0.8630354669748511,-1.74328310005692,-1.942407109729527,-1.2823863945634868,-0.3532935172453233,0.014242721498579303,-0.5083628958748674,-1.4538898279007733,-1.9770168792749723,-1.6