{"data":[{"type":"contour","x":[-6.283185307179586,-6.156252270670907,-6.029319234162229,-5.90238619765355,-5.775453161144872,-5.648520124636193,-5.521587088127515,-5.394654051618836,-5.267721015110158,-5.140787978601479,-5.013854942092801,-4.886921905584122,-4.759988869075444,-4.6330558325667655,-4.506122796058087,-4.3791897595494085,-4.25225672304073,-4.1253236865320515,-3.998390650023373,-3.8714576135146945,-3.744524577006016,-3.6175915404973376,-3.4906585039886595,-3.3637254674799806,-3.236792430971302,-3.109859394462623,-2.9829263579539447,-2.8559933214452666,-2.729060284936588,-2.602127248427909,-2.475194211919231,-2.3482611754105527,-2.2213281389018737,-2.0943951023931957,-1.9674620658845168,-1.8405290293758387,-1.7135959928671598,-1.5866629563584809,-1.4597299198498028,-1.3327968833411248,-1.2058638468324459,-1.0789308103237678,-0.9519977738150889,-0.8250647373064108,-0.6981317007977328,-0.571198664289053,-0.4442656277803749,-0.317332591271696,-0.19039955476301795,-0.06346651825433991,0.06346651825433991,0.19039955476301795,0.3173325912716969,0.4442656277803749,0.571198664289053,0.6981317007977319,0.82506473730641,0.951997773815088,1.0789308103237678,1.2058638468324459,1.332796883341124,1.4597299198498028,1.5866629563584809,1.7135959928671607,1.8405290293758387,1.9674620658845168,2.094395102393195,2.2213281389018746,2.3482611754105527,2.4751942119192307,2.6021272484279088,2.7290602849365886,2.8559933214452666,2.9829263579539447,3.1098593944626245,3.2367924309713025,3.3637254674799806,3.4906585039886586,3.6175915404973367,3.7445245770060165,3.8714576135146945,3.9983906500233726,4.125323686532051,4.25225672304073,4.3791897595494085,4.5061227960580865,4.633055832566765,4.759988869075443,4.886921905584121,5.013854942092802,5.14078797860148,5.267721015110158,5.394654051618836,5.521587088127514,5.648520124636194,5.775453161144872,5.90238619765355,6.029319234162228,6.156252270670906,6.283185307179588],"y":[-6.283185307179586,-6.156252270670907,-6.029319234162229,-5.90238619765355,-5.775453161144872,-5.648520124636193,-5.521587088127515,-5.394654051618836,-5.267721015110158,-5.140787978601479,-5.013854942092801,-4.886921905584122,-4.759988869075444,-4.6330558325667655,-4.506122796058087,-4.3791897595494085,-4.25225672304073,-4.1253236865320515,-3.998390650023373,-3.8714576135146945,-3.744524577006016,-3.6175915404973376,-3.4906585039886595,-3.3637254674799806,-3.236792430971302,-3.109859394462623,-2.9829263579539447,-2.8559933214452666,-2.729060284936588,-2.602127248427909,-2.475194211919231,-2.3482611754105527,-2.2213281389018737,-2.0943951023931957,-1.9674620658845168,-1.8405290293758387,-1.7135959928671598,-1.5866629563584809,-1.4597299198498028,-1.3327968833411248,-1.2058638468324459,-1.0789308103237678,-0.9519977738150889,-0.8250647373064108,-0.6981317007977328,-0.571198664289053,-0.4442656277803749,-0.317332591271696,-0.19039955476301795,-0.06346651825433991,0.06346651825433991,0.19039955476301795,0.3173325912716969,0.4442656277803749,0.571198664289053,0.6981317007977319,0.82506473730641,0.951997773815088,1.0789308103237678,1.2058638468324459,1.332796883341124,1.4597299198498028,1.5866629563584809,1.7135959928671607,1.8405290293758387,1.9674620658845168,2.094395102393195,2.2213281389018746,2.3482611754105527,2.4751942119192307,2.6021272484279088,2.7290602849365886,2.8559933214452666,2.9829263579539447,3.1098593944626245,3.2367924309713025,3.3637254674799806,3.4906585039886586,3.6175915404973367,3.7445245770060165,3.8714576135146945,3.9983906500233726,4.125323686532051,4.25225672304073,4.3791897595494085,4.5061227960580865,4.633055832566765,4.759988869075443,4.886921905584121,5.013854942092802,5.14078797860148,5.267721015110158,5.394654051618836,5.521587088127514,5.648520124636194,5.775453161144872,5.90238619765355,6.029319234162228,6.156252270670906,6.283185307179588],"z":[[1.7759635921596317,3.8325807785198553,12.270625089841687,6.042913111674433,1.7838990238050279,2.802081103953915,9.880741368372432,9.169699054052376,2.629573599985562,1.6407866770501023,4.221540461381207,10.849477778247675,7.702841617934512,2.484031953690287,1.5020703501930588,2.905105896900168,7.932815499965778,10.283633614089272,5.091465018380443,1.9746117801026006,1.3961211493653223,2.26341270301629,5.332625130055784,9.372906644106179,8.529169833551014,4.506808599980551,2.106741850723862,1.3227325308049047,1.352046527904569,2.0902924776024214,3.8482942697322833,6.503783942229397,8.480211389043028,8.122046458286974,6.039430067812695,3.8959170517087043,2.452122037651101,1.6492761339366884,1.2475612257237896,1.0756872711844376,1.0427919624354212,1.10470402840342,1.2378645762279843,1.4241193702135189,1.643088187461007,1.870185873576234,2.0787417386807467,2.244039736726614,2.347017628125315,2.376333759858067,2.376333759858067,2.347017628125315,2.244039736726613,2.0787417386807467,1.870185873576234,1.6430881874610084,1.4241193702135202,1.2378645762279856,1.10470402840342,1.0427919624354212,1.0756872711844372,1.2475612257237896,1.6492761339366884,2.452122037651109,3.8959170517087043,6.039430067812695,8.122046458286963,8.48021138904302,6.503783942229397,3.848294269732293,2.090292477602426,1.3520465279045681,1.3227325308049047,2.106741850723862,4.506808599980583,8.52916983355103,9.372906644106179,5.33262513005581,2.263412703016304,1.3961211493653218,1.9746117801026006,5.0914650183804255,10.28363361408925,7.932815499965778,2.905105896900168,1.5020703501930601,2.4840319536902715,7.702841617934403,10.849477778247733,4.221540461381178,1.640786677050099,2.629573599985562,9.169699054052376,9.880741368372474,2.802081103953898,1.7838990238050279,6.042913111674433,12.270625089841703,3.8325807785199086,1.7759635921596402],[3.8325807785198553,8.269958942641908,26.4747924173521,13.036622795254353,3.848051660559197,6.043689919246114,21.308888069159458,19.773111949532268,5.66960530026832,3.5372519598397574,9.099761280085575,23.383622584206353,16.59955877956745,5.352344150012164,3.2360633255012647,6.257878861708019,17.085570758921953,22.14543111878563,10.962613682946644,4.250942255685759,3.005086622832988,4.8710910692099905,11.4744083059786,20.16454097618043,18.346093234527057,9.692295187096258,4.529886668322332,2.8435722316354792,2.906014026756864,4.491842149803346,8.267885884672076,13.970063273355926,18.211351999512754,17.438184494348487,12.96369939219204,8.360584774487599,5.260894566369532,3.5375118043095646,2.6751593803701845,2.3059674278981785,2.234807060201726,2.3667870128277406,2.651262224742262,3.0492106906185077,3.516886247663627,4.001596179287,4.446255219388384,4.798038772857531,5.016289095095276,5.076914988725517,5.076914988725517,5.016289095095276,4.798038772857529,4.446255219388384,4.001596179287,3.5168862476636296,3.049210690618511,2.6512622247422644,2.3667870128277406,2.234807060201726,2.3059674278981768,2.6751593803701845,3.5375118043095646,5.260894566369549,8.360584774487599,12.96369939219204,17.438184494348462,18.211351999512743,13.970063273355926,8.267885884672097,4.491842149803356,2.906014026756862,2.8435722316354792,4.529886668322332,9.692295187096326,18.346093234527096,20.16454097618043,11.474408305978656,4.87109106921002,3.005086622832988,4.250942255685759,10.962613682946605,22.14543111878559,17.085570758921953,6.257878861708019,3.2360633255012674,5.352344150012132,16.599558779567214,23.383622584206485,9.099761280085511,3.5372519598397516,5.66960530026832,19.773111949532268,21.30888806915955,6.043689919246076,3.848051660559197,13.036622795254353,26.474792417352138,8.269958942642022,3.8325807785198727],[12.270625089841687,26.4747924173521,84.7451098968568,41.72526075542556,12.314752849100087,19.339122495386135,68.17796977008486,63.25660124376597,18.135520906643006,11.313275750174567,29.100221265563274,74.76885032502373,53.069711949601604,17.109373300455214,10.342976293956106,19.998279014096457,54.592171470795655,70.74875778517041,35.017160417740506,13.57633132974988,9.595836268408654,15.551734295524628,36.62753417725856,64.35592070901674,58.5415811365348,30.921886387673137,14.449169986897076,9.068462620828159,9.26570498354723,14.319043862476311,26.350573705903496,44.514061076287014,58.01513687643042,55.538941302800914,41.27805626788242,26.614450649691456,16.74277554440973,11.2550913565289,8.509031553257756,7.332614644249805,7.104223373052514,7.521458441574254,8.422811043605313,9.68385360615091,11.165293469997811,12.699611783289637,14.105579462693258,15.215747503379474,15.901509189801024,16.086988822781567,16.086988822781567,15.901509189801024,15.215747503379466,14.105579462693258,12.699611783289637,11.16529346999782,9.683853606150919,8.422811043605321,7.521458441574254,7.104223373052514,7.3326146442498,8.509031553257756,11.2550913565289,16.742775544409785,26.614450649691456,41.27805626788242,55.538941302800836,58.015136876430375,44.514061076287014,26.35057370590357,14.319043862476347,9.265704983547224,9.068462620828159,14.449169986897076,30.921886387673354,58.54158113653492,64.35592070901674,36.62753417725874,15.551734295524724,9.595836268408652,13.57633132974988,35.01716041774038,70.74875778517027,54.592171470795655,19.998279014096457,10.342976293956115,17.109373300455108,53.06971194960086,74.76885032502413,29.100221265563075,11.313275750174546,18.135520906643006,63.25660124376597,68.17796977008514,19.339122495386015,12.314752849100087,41.72526075542556,84.74510989685693,26.474792417352468,12.27062508984174],[6.042913111674433,13.036622795254353,41.72526075542556,20.541602372874586,6.06192756870407,9.51854337164029,33.55253557461835,31.126731166027536,8.922835032707036,5.5655119184054795,14.313823366829265,36.77234628178647,26.096799842423124,8.41226746081287,5.084654558939735,9.829783523977776,26.829680519797428,34.764507966817035,17.20396700722981,6.66896924714111,4.712874338087671,7.636716397519313,17.98284092232495,31.590740946650687,28.731231947511915,15.173018814131291,7.088637298232828,4.448001057616142,4.543792121414686,7.020371157748858,12.916337124735719,21.814577311714853,28.424190323379488,27.20434890726895,20.21392000341831,13.029741979258173,8.194624057077867,5.507188599685518,4.162327802570807,3.5857985546213937,3.4730412650045084,3.6758424310353863,4.114985337772696,4.729448373862598,5.451020063469975,6.197798342090756,6.881306845402299,7.419925288340701,7.751105815773428,7.8381134371435355,7.8381134371435355,7.751105815773428,7.419925288340698,6.881306845402299,6.197798342090756,5.451020063469979,4.729448373862604,4.1149853377727,3.6758424310353863,3.4730412650045084,3.5857985546213915,4.162327802570807,5.507188599685518,8.194624057077892,13.029741979258173,20.21392000341831,27.204348907268912,28.424190323379467,21.814577311714853,12.916337124735753,7.020371157748874,4.543792121414683,4.448001057616142,7.088637298232828,15.173018814131398,28.73123194751196,31.590740946650687,17.982840922325032,7.6367163975193595,4.71287433808767,6.66896924714111,17.20396700722975,34.76450796681697,26.829680519797428,9.829783523977776,5.084654558939738,8.412267460812817,26.096799842422755,36.772346281786675,14.313823366829165,5.565511918405469,8.922835032707036,31.126731166027536,33.55253557461849,9.51854337164023,6.06192756870407,20.541602372874586,41.72526075542564,13.036622795254535,6.042913111674461],[1.7838990238050279,3.848051660559197,12.314752849100087,6.06192756870407,1.7886931905807026,2.8082977762468415,9.897930238276293,9.181163598601092,2.631546145658001,1.64117866113395,4.22034227286096,10.840598186985936,7.692324679406371,2.479250320700156,1.4983185815415863,2.8961461066033354,7.903585419391799,10.239414979162712,5.066362603059416,1.9636004713413602,1.3874108197116481,2.247753407951597,5.292014051951409,9.29482022545483,8.451847383656723,4.4625514212500965,2.0844205783793632,1.3076642464721642,1.3355368944651247,2.0630072393776637,3.7947252648007677,6.407446158265634,8.34680415840902,7.986583233401901,5.932807183576986,3.8232154883466043,2.4038166634498856,1.6150184101493414,1.220266497508267,1.0509222935983114,1.0175509210417786,1.0766127104153245,1.20481938829597,1.3842339893491016,1.594836471694582,1.8126285476246538,2.0117246872930608,2.1682843515760135,2.264080332758954,2.2884586209515945,2.2884586209515945,2.264080332758954,2.168284351576013,2.0117246872930608,1.8126285476246538,1.594836471694583,1.384233989349103,1.2048193882959712,1.0766127104153245,1.0175509210417786,1.0509222935983107,1.220266497508267,1.6150184101493414,2.403816663449893,3.8232154883466043,5.932807183576986,7.986583233401889,8.346804158409014,6.407446158265634,3.7947252648007774,2.063007239377668,1.3355368944651238,1.3076642464721642,2.0844205783793632,4.462551421250129,8.45184738365674,9.29482022545483,5.292014051951435,2.24775340795161,1.3874108197116475,1.9636004713413602,5.066362603059399,10.239414979162694,7.903585419391799,2.8961461066033354,1.4983185815415874,2.47925032070014,7.692324679406262,10.840598186985995,4.22034227286093,1.6411786611339472,2.631546145658001,9.181163598601092,9.897930238276334,2.808297776246824,1.7886931905807026,6.06192756870407,12.314752849100108,3.8480516605592516,1.7838990238050363],[2.802081103953915,6.043689919246114,19.339122495386135,9.51854337164029,2.8082977762468415,4.408560839348724,15.536144049509605,14.40922065225618,4.1294895737022586,2.5750313532156035,6.620857178504097,17.004279659376017,12.064228438206994,3.8877446272349028,2.349174721274528,4.540082630864938,12.387904482458806,16.046394017100315,7.938260046793013,3.07614628311103,2.1731100417333473,3.5200269656849925,8.285845103632893,14.550336322757158,13.228101630411576,6.982974714547433,3.2610042087885223,2.0453532486401844,2.0884842676452497,3.2253463550707155,5.931344394356163,10.012712039299048,13.039998729062969,12.473988889155082,9.263771508947325,5.968094942698849,3.75131478392864,2.5195937637581296,1.9031544924903974,1.638518890571375,1.5859643007327706,1.6774431011195032,1.8765304112051282,2.155174931123174,2.482116561473471,2.819947847659253,3.1283827903582355,3.3703813377150915,3.51769345885353,3.5538895913713606,3.5538895913713606,3.51769345885353,3.37038133771509,3.1283827903582355,2.819947847659253,2.482116561473473,2.1551749311231756,1.8765304112051302,1.6774431011195032,1.5859643007327706,1.6385188905713735,1.9031544924903974,2.5195937637581296,3.751314783928652,5.968094942698849,9.263771508947325,12.473988889155065,13.03999872906296,10.012712039299048,5.931344394356178,3.2253463550707226,2.0884842676452484,2.0453532486401844,3.2610042087885223,6.98297471454748,13.228101630411599,14.550336322757158,8.285845103632932,3.5200269656850134,2.1731100417333473,3.07614628311103,7.938260046792985,16.046394017100287,12.387904482458806,4.540082630864938,2.3491747212745295,3.887744627234879,12.064228438206822,17.00427965937611,6.620857178504049,2.575031353215599,4.1294895737022586,14.40922065225618,15.536144049509668,4.408560839348697,2.8082977762468415,9.51854337164029,19.339122495386164,6.043689919246198,2.8020811039539284],[9.880741368372432,21.308888069159458,68.17796977008486,33.55253557461835,9.897930238276293,15.536144049509605,54.743625379401315,50.76605614680869,14.546904364048839,9.069777162822467,23.316682616708874,59.875304381736704,42.4741262681467,13.68536652316843,8.268108335004282,15.976623610648277,43.586069376315244,56.44871426236602,27.92072737418059,10.817606403279932,7.640584696686298,12.373978640920388,29.121678154165426,51.12890107778322,46.47317123702143,24.52754192260344,11.451726956152633,7.181103612762961,7.330850526341041,11.318704216246875,20.809778238423473,35.12016936106867,45.72665466737179,43.73010332687489,32.467012719396074,20.9105492592073,13.139659345184553,8.822617100330023,6.661966465070487,5.733717062603281,5.5479080222799535,5.865823716056837,6.559582140129165,7.530712887666479,8.669658349064902,9.845549706733443,10.917677060161514,11.756897999947096,12.264967692259363,12.385051859393428,12.385051859393428,12.264967692259363,11.756897999947093,10.917677060161514,9.845549706733443,8.66965834906491,7.530712887666486,6.559582140129171,5.865823716056837,5.5479080222799535,5.733717062603278,6.661966465070487,8.822617100330023,13.139659345184596,20.9105492592073,32.467012719396074,43.73010332687484,45.726654667371754,35.12016936106867,20.809778238423526,11.318704216246898,7.330850526341038,7.181103612762961,11.451726956152633,24.527541922603607,46.47317123702152,51.12890107778322,29.12167815416556,12.373978640920463,7.640584696686297,10.817606403279932,27.920727374180494,56.44871426236592,43.586069376315244,15.976623610648277,8.268108335004287,13.685366523168344,42.4741262681461,59.875304381737,23.31668261670871,9.06977716282245,14.546904364048839,50.76605614680869,54.74362537940153,15.536144049509508,9.897930238276293,33.55253557461835,68.17796977008496,21.308888069159753,9.880741368372478],[9.169699054052376,19.773111949532268,63.25660124376597,31.126731166027536,9.181163598601092,14.40922065225618,50.76605614680869,47.0711243772351,13.486262731537694,8.407291300028822,21.61041929264649,55.485508792314725,39.35410989159942,12.678101069129083,7.658334684124391,14.795914003444654,40.35814952037383,52.25915673897317,25.84388837179606,10.011127399439188,7.069633544962127,11.447110797677894,26.93498643919609,47.28007766567409,42.96579014766698,22.67151742255674,10.582804894538297,6.634699938367818,6.771449655418178,10.452446624953364,19.2122957860132,32.415701101315726,42.19407954721864,40.34056131437749,29.941874462939726,19.27848823830833,12.110384984275909,8.128918435674214,6.136124809561049,5.279332802100178,5.106430183611631,5.39705087164651,6.033046533270168,6.923454429458971,7.967238403145439,9.043931447860675,10.02422693105834,10.789668571291354,11.250381337983457,11.354663823129323,11.354663823129323,11.250381337983457,10.789668571291351,10.02422693105834,9.043931447860675,7.967238403145446,6.923454429458979,6.0330465332701735,5.39705087164651,5.106430183611631,5.279332802100175,6.136124809561049,8.128918435674214,12.110384984275948,19.27848823830833,29.941874462939726,40.34056131437743,42.19407954721861,32.415701101315726,19.21229578601325,10.452446624953387,6.771449655418174,6.634699938367818,10.582804894538297,22.6715174225569,42.96579014766705,47.28007766567409,26.934986439196223,11.447110797677965,7.069633544962125,10.011127399439188,25.843888371795966,52.25915673897307,40.35814952037383,14.795914003444654,7.658334684124398,12.678101069129006,39.35410989159887,55.48550879231503,21.610419292646338,8.407291300028808,13.486262731537694,47.0711243772351,50.76605614680889,14.40922065225609,9.181163598601092,31.126731166027536,63.25660124376606,19.77311194953254,9.169699054052417],[2.629573599985562,5.66960530026832,18.135520906643006,8.922835032707036,2.631546145658001,4.1294895737022586,14.546904364048839,13.486262731537694,3.8633771410336792,2.408066847902827,6.188865482265684,15.887707085401916,11.266885523709718,3.629095563455235,2.191831417859029,4.233907338323426,11.546639305824165,14.94891034934514,7.391382550449738,2.8626569562847606,2.021154153350622,3.2719922108292687,7.6974077960278136,13.508735137853074,12.273413788584696,6.47480070060021,3.0216690345282884,1.8939328939281719,1.9324973755899537,2.9822619122291263,5.480170786034007,9.243863375091081,12.028984408975036,11.497266606810525,8.531050851766368,5.491143959068636,3.4483337703554486,2.313878334525884,1.7460351317370677,1.5017000584429676,1.4519809364072638,1.5340270697555982,1.714112942876755,1.9662769075017992,2.2617318648083224,2.566220198479344,2.8430353211404036,3.0586159623475937,3.187569817131565,3.2153762446955425,3.2153762446955425,3.187569817131565,3.0586159623475924,2.8430353211404036,2.566220198479344,2.2617318648083247,1.966276907501801,1.714112942876756,1.5340270697555982,1.4519809364072638,1.5017000584429663,1.7460351317370677,2.313878334525884,3.4483337703554597,5.491143959068636,8.531050851766368,11.49726660681051,12.028984408975028,9.243863375091081,5.480170786034021,2.9822619122291334,1.9324973755899524,1.8939328939281719,3.0216690345282884,6.474800700600255,12.273413788584717,13.508735137853074,7.697407796027852,3.2719922108292887,2.021154153350622,2.8626569562847606,7.391382550449713,14.948910349345109,11.546639305824165,4.233907338323426,2.1918314178590306,3.6290955634552136,11.266885523709558,15.887707085402,6.188865482265641,2.408066847902823,3.8633771410336792,13.486262731537694,14.546904364048903,4.129489573702234,2.631546145658001,8.922835032707036,18.13552090664303,5.669605300268398,2.6295735999855743],[1.6407866770501023,3.5372519598397574,11.313275750174567,5.5655119184054795,1.64117866113395,2.5750313532156035,9.069777162822467,8.407291300028822,2.408066847902827,1.5007397235819566,3.856396537424487,9.89837724529551,7.018383026598511,2.2602693705755565,1.3648838275979303,2.636056369677386,7.187729567802272,9.303928210195505,4.599397973785503,1.78098734312465,1.2572012455556407,2.0348339959806734,4.785970201427024,8.397427240485806,7.627815539495855,4.023106218907994,1.8770644486598846,1.1762261632492315,1.199874229404554,1.8511840530870851,3.4008007011554495,5.734822125632536,7.460546074787771,7.128647453176119,5.287877369844477,3.4025394167017593,2.1360235599448303,1.432809005174535,1.0808019629816277,0.9292139113702091,0.8981035551428144,0.948472562163533,1.0593763283731212,1.2146942404322347,1.3965830389641951,1.5838508206520856,1.7538324081598105,1.8858467719344663,1.9642927495238722,1.980304790668379,1.980304790668379,1.9642927495238722,1.8858467719344656,1.7538324081598105,1.5838508206520856,1.3965830389641967,1.2146942404322358,1.059376328373122,0.948472562163533,0.8981035551428144,0.9292139113702084,1.0808019629816277,1.432809005174535,2.136023559944837,3.4025394167017593,5.287877369844477,7.128647453176109,7.460546074787765,5.734822125632536,3.400800701155458,1.8511840530870893,1.199874229404553,1.1762261632492315,1.8770644486598846,4.023106218908023,7.627815539495871,8.397427240485806,4.785970201427048,2.034833995980686,1.2572012455556407,1.78098734312465,4.599397973785487,9.303928210195487,7.187729567802272,2.636056369677386,1.3648838275979314,2.2602693705755432,7.018383026598412,9.898377245295565,3.85639653742446,1.5007397235819542,2.408066847902827,8.407291300028822,9.069777162822506,2.5750313532155875,1.64117866113395,5.5655119184054795,11.313275750174583,3.5372519598398062,1.6407866770501096],[4.221540461381207,9.099761280085575,29.100221265563274,14.313823366829265,4.22034227286096,6.620857178504097,23.316682616708874,21.61041929264649,6.188865482265684,3.856396537424487,9.908094190055182,25.4274524535996,18.026214163998105,5.804360860037466,3.5044082731687656,6.767004843174296,18.44820887354955,23.875216857517938,11.800439422995456,4.568481413305311,3.224238736063511,5.217472211898171,12.268944961397102,21.522202850587988,19.54523701127174,10.306221080614577,4.8074092827698856,3.0117111260479588,3.0714624428544353,4.737425067644978,8.700681694177721,14.667877424039478,19.076066023796272,18.221815564267448,13.51224077685959,8.691716918054,5.454557022894487,3.6575234088213433,2.7579367073511643,2.3702102354904757,2.289938554725915,2.4173596419503918,2.6988467405501644,3.0931307888999244,3.554616753217278,4.029264473603316,4.459387456975675,4.792460868865332,4.988984077594328,5.026659998106237,5.026659998106237,4.988984077594328,4.792460868865329,4.459387456975675,4.029264473603316,3.554616753217281,3.093130788899928,2.6988467405501666,2.4173596419503918,2.289938554725915,2.370210235490474,2.7579367073511643,3.6575234088213433,5.4545570228945035,8.691716918054,13.51224077685959,18.221815564267423,19.076066023796255,14.667877424039478,8.700681694177744,4.737425067644988,3.071462442854434,3.0117111260479588,4.8074092827698856,10.30622108061465,19.54523701127178,21.522202850587988,12.268944961397162,5.217472211898204,3.2242387360635107,4.568481413305311,11.800439422995414,23.87521685751789,18.44820887354955,6.767004843174296,3.5044082731687687,5.804360860037431,18.026214163997853,25.427452453599738,9.908094190055113,3.85639653742448,6.188865482265684,21.61041929264649,23.316682616708974,6.620857178504054,4.22034227286096,14.313823366829265,29.100221265563317,9.0997612800857,4.221540461381227],[10.849477778247675,23.383622584206353,74.76885032502373,36.77234628178647,10.840598186985936,17.004279659376017,59.875304381736704,55.485508792314725,15.887707085401916,9.89837724529551,25.4274524535996,65.24454193277556,46.24583300453962,14.888374657266576,8.987323330745637,17.351332841259328,47.29432772136473,61.195345380611606,30.24009032934922,11.704911276117883,8.259090524635964,13.36199324003281,31.413878817260972,55.093625743722924,50.021046278851145,26.3697032692672,12.297234385422945,7.701878654039176,7.852570381542939,12.108443733844824,22.231792260923502,37.46789954050507,48.713260755062,46.51698112934157,34.482890156512546,22.173430862023004,13.910161534217352,9.323933337842822,7.027960897043507,6.037514099027532,5.830612771082941,6.152379279116213,6.865677660828868,7.864990077492593,9.03395991372406,10.234974541236413,11.321429220911144,12.160133834607432,12.651250804940167,12.738824056867005,12.738824056867005,12.651250804940167,12.160133834607427,11.321429220911144,10.234974541236413,9.033959913724068,7.8649900774926005,6.865677660828873,6.152379279116213,5.830612771082941,6.037514099027527,7.027960897043507,9.323933337842822,13.910161534217396,22.173430862023004,34.482890156512546,46.51698112934151,48.71326075506196,37.46789954050507,22.23179226092356,12.108443733844853,7.852570381542933,7.701878654039176,12.297234385422945,26.36970326926739,50.02104627885123,55.093625743722924,31.413878817261125,13.361993240032888,8.25909052463596,11.704911276117883,30.24009032934911,61.19534538061149,47.29432772136473,17.351332841259328,8.987323330745642,14.888374657266482,46.245833004538966,65.24454193277592,25.42745245359942,9.898377245295494,15.887707085401916,55.485508792314725,59.87530438173694,17.004279659375914,10.840598186985936,36.77234628178647,74.76885032502385,23.38362258420668,10.849477778247724],[7.702841617934512,16.59955877956745,53.069711949601604,26.096799842423124,7.692324679406371,12.064228438206994,42.4741262681467,39.35410989159942,11.266885523709718,7.018383026598511,18.026214163998105,46.24583300453962,32.77372692586426,10.549291632666392,6.366885793903237,12.289890971681842,33.49195213223053,43.32750036930599,21.40620538037401,8.28387431664058,5.8439120246439575,9.452483624023468,22.217569033269836,38.955925348822184,35.360540934581934,18.636396252475613,8.688626917621121,5.440309911643871,5.545211969009131,8.548105292892354,15.690142605428413,26.4349243286536,34.357963724316086,32.79805920111551,24.304759141586697,15.623053615377804,9.797258316632055,6.564543660895009,4.946078049064242,4.247260203773057,4.0999293517319755,4.324228428944882,4.8232930016910345,5.522603894917612,6.340149393617848,7.179152101555807,7.936725777301634,8.519616432140422,8.858162322250655,8.91361520724659,8.91361520724659,8.858162322250655,8.519616432140419,7.936725777301634,7.179152101555807,6.340149393617853,5.5226038949176175,4.823293001691038,4.324228428944882,4.0999293517319755,4.247260203773054,4.946078049064242,6.564543660895009,9.797258316632087,15.623053615377804,24.304759141586697,32.798059201115464,34.357963724316065,26.4349243286536,15.690142605428452,8.548105292892373,5.545211969009128,5.440309911643871,8.688626917621121,18.63639625247575,35.36054093458199,38.955925348822184,22.217569033269946,9.452483624023525,5.843912024643956,8.28387431664058,21.406205380373937,43.32750036930591,33.49195213223053,12.289890971681842,6.366885793903241,10.549291632666327,32.77372692586379,46.24583300453987,18.02621416399798,7.018383026598499,11.266885523709718,39.35410989159942,42.47412626814688,12.064228438206918,7.692324679406371,26.096799842423124,53.0697119496017,16.59955877956768,7.702841617934547],[2.484031953690287,5.352344150012164,17.109373300455214,8.41226746081287,2.479250320700156,3.8877446272349028,13.68536652316843,12.678101069129083,3.629095563455235,2.2602693705755565,5.804360860037466,14.888374657266576,10.549291632666392,3.395013067045694,2.0486308452921786,3.9536743368058747,10.772268369336166,13.932905665613918,6.882187828629993,2.6627255310238556,1.8780182726257908,3.0369830361579977,7.136580466508027,12.510109519006765,11.352644840238835,5.981733947583281,2.7880436963550417,1.7452249492728007,1.7783659941529568,2.740587903297641,5.028831377816959,8.46992852278491,11.004884743758273,10.501643387930159,7.779394705165522,4.998731006458291,3.1335122616314295,2.098735111158776,1.5806406035209921,1.356727101079732,1.3090714710621343,1.3800356993678227,1.5385471813699225,1.760705355716066,2.0202603364642715,2.286307980498452,2.526064997843627,2.7098900449922594,2.8157210994021122,2.8313856120455227,2.8313856120455227,2.8157210994021122,2.7098900449922585,2.526064997843627,2.286307980498452,2.0202603364642733,1.7607053557160677,1.5385471813699239,1.3800356993678227,1.3090714710621343,1.356727101079731,1.5806406035209921,2.098735111158776,3.1335122616314397,4.998731006458291,7.779394705165522,10.501643387930143,11.004884743758266,8.46992852278491,5.028831377816972,2.740587903297647,1.7783659941529562,1.7452249492728007,2.7880436963550417,5.981733947583324,11.352644840238856,12.510109519006765,7.136580466508061,3.0369830361580155,1.8780182726257901,2.6627255310238556,6.882187828629969,13.932905665613893,10.772268369336166,3.9536743368058747,2.0486308452921804,3.3950130670456717,10.54929163266624,14.888374657266652,5.804360860037425,2.260269370575552,3.629095563455235,12.678101069129083,13.685366523168485,3.887744627234879,2.479250320700156,8.41226746081287,17.10937330045524,5.3523441500122395,2.484031953690299],[1.5020703501930588,3.2360633255012647,10.342976293956106,5.084654558939735,1.4983185815415863,2.349174721274528,8.268108335004282,7.658334684124391,2.191831417859029,1.3648838275979303,3.5044082731687656,8.987323330745637,6.366885793903237,2.0486308452921786,1.2359536391981398,2.3848068250779613,6.496371255870167,8.400674153590483,4.148633138819851,1.6047528520532792,1.1315711218110591,1.8294544646872888,4.297969837066935,7.5322525424764635,6.83357268116567,3.5996570738659144,1.6773085402386254,1.049639137617214,1.0692533712924737,1.6472879771514963,3.021720959002444,5.087722746904471,6.608155121362161,6.3037264906310835,4.667939948355946,2.9982801954718443,1.878754764975677,1.2578110520870351,0.9468962037181444,0.8123909840294633,0.783484955017215,0.8255494733716384,0.9198970348006146,1.052156011831218,1.2065755615742222,1.3646569388906233,1.5068213246866822,1.6154119083354868,1.6773372181541728,1.6854365916883702,1.6854365916883702,1.6773372181541728,1.6154119083354863,1.5068213246866822,1.3646569388906233,1.2065755615742229,1.0521560118312192,0.9198970348006155,0.8255494733716384,0.783484955017215,0.8123909840294627,0.9468962037181444,1.2578110520870351,1.8787547649756833,2.9982801954718443,4.667939948355946,6.303726490631075,6.608155121362157,5.087722746904471,3.021720959002451,1.6472879771514999,1.0692533712924732,1.049639137617214,1.6773085402386254,3.5996570738659397,6.833572681165682,7.5322525424764635,4.2979698370669555,1.8294544646872999,1.131571121811059,1.6047528520532792,4.148633138819837,8.400674153590469,6.496371255870167,2.3848068250779613,1.2359536391981405,2.0486308452921658,6.366885793903146,8.987323330745683,3.5044082731687407,1.3648838275979276,2.191831417859029,7.658334684124391,8.268108335004316,2.349174721274514,1.4983185815415863,5.084654558939735,10.342976293956122,3.23606332550131,1.502070350193066],[2.905105896900168,6.257878861708019,19.998279014096457,9.829783523977776,2.8961461066033354,4.540082630864938,15.976623610648277,14.795914003444654,4.233907338323426,2.636056369677386,6.767004843174296,17.351332841259328,12.289890971681842,3.9536743368058747,2.3848068250779613,4.600611817790216,12.529738063587063,16.19911779907686,7.998075491448304,3.0930640360203303,2.1805186568359964,3.524467529520804,8.278007916319773,14.503551193213985,13.154688461930746,6.9274472007274905,3.2270097249654475,2.0188228511842206,2.055914897882976,3.1663252571940874,5.80626376949522,9.772752055309422,12.688755739417132,12.099725783238284,8.9564606588691,5.750553203457158,3.601857994158304,2.4103680445301507,1.8137343711253655,1.5553606635057007,1.499277964452378,1.5789566904713832,1.7584555218466256,2.010138776345688,2.3037852498422793,2.6039907521270824,2.8733734950858114,3.0783127528197842,3.1939822206513506,3.2069286389799667,3.2069286389799667,3.1939822206513506,3.078312752819783,2.8733734950858114,2.6039907521270824,2.3037852498422815,2.0101387763456904,1.7584555218466273,1.5789566904713832,1.499277964452378,1.5553606635056993,1.8137343711253655,2.4103680445301507,3.601857994158315,5.750553203457158,8.9564606588691,12.099725783238268,12.688755739417124,9.772752055309422,5.806263769495235,3.166325257194095,2.0559148978829747,2.0188228511842206,3.2270097249654475,6.92744720072754,13.15468846193077,14.503551193213985,8.278007916319812,3.5244675295208254,2.180518656835996,3.0930640360203303,7.998075491448277,16.199117799076827,12.529738063587063,4.600611817790216,2.384806825077963,3.953674336805851,12.289890971681668,17.35133284125942,6.767004843174248,2.636056369677381,4.233907338323426,14.795914003444654,15.976623610648344,4.5400826308649105,2.8961461066033354,9.829783523977776,19.998279014096486,6.257878861708106,2.905105896900182],[7.932815499965778,17.085570758921953,54.592171470795655,26.829680519797428,7.903585419391799,12.387904482458806,43.586069376315244,40.35814952037383,11.546639305824165,7.187729567802272,18.44820887354955,47.29432772136473,33.49195213223053,10.772268369336166,6.496371255870167,12.529738063587063,34.11728485174024,44.09883087782954,21.768148902549665,8.416317451941229,5.9318063120331,9.585421906534716,22.507671206488247,39.42415076973875,35.7476838147599,18.81983388351808,8.764228980853202,5.48122919992664,5.5801564520614715,8.591187055039404,15.74872684728299,26.497868095731196,34.39160539668644,32.78248986806816,24.256552588769203,15.567589192095996,9.746524670962687,6.51943431743601,4.903373150920799,4.202791576965589,4.049156070752884,4.262041086762776,4.7438673166987275,5.419618984436168,6.207449405493596,7.011727128547251,7.7317319341992,8.277136125633191,8.581527870896581,8.609278325908532,8.609278325908532,8.581527870896581,8.277136125633188,7.7317319341992,7.011727128547251,6.207449405493601,5.419618984436172,4.743867316698731,4.262041086762776,4.049156070752884,4.202791576965586,4.903373150920799,6.51943431743601,9.74652467096272,15.567589192095996,24.256552588769203,32.78248986806812,34.39160539668641,26.497868095731196,15.748726847283029,8.591187055039425,5.580156452061468,5.48122919992664,8.764228980853202,18.819833883518214,35.747683814759974,39.42415076973875,22.507671206488357,9.585421906534775,5.931806312033099,8.416317451941229,21.768148902549587,44.09883087782945,34.11728485174024,12.529738063587063,6.496371255870172,10.772268369336098,33.491952132230054,47.29432772136499,18.448208873549422,7.187729567802258,11.546639305824165,40.35814952037383,43.58606937631544,12.38790448245873,7.903585419391799,26.829680519797428,54.59217147079573,17.085570758922188,7.932815499965814],[10.283633614089272,22.14543111878563,70.74875778517041,34.764507966817035,10.239414979162712,16.046394017100315,56.44871426236602,52.25915673897317,14.94891034934514,9.303928210195505,23.875216857517938,61.195345380611606,43.32750036930599,13.932905665613918,8.400674153590483,16.19911779907686,44.09883087782954,56.987548979064975,28.123644423866953,10.87091662942214,7.659873251125576,12.374648175368256,29.04928578867154,50.86822572664924,46.11130054215965,24.26867855439066,11.298228883660693,7.06376278994856,7.188874920250866,11.06416812055041,20.27479193262541,34.10053933455144,44.24210262979142,42.15523288221874,31.17867941911206,20.001449254910323,12.516797947755045,8.368508812876582,6.290984119850947,5.389358996160273,5.189539630937106,5.45928390404772,6.072844344256516,6.933569172100492,7.936255838401166,8.958320901511854,9.870997603403183,10.559153972200079,10.93853023377558,10.96440963314212,10.96440963314212,10.93853023377558,10.559153972200075,9.870997603403183,8.958320901511854,7.936255838401173,6.933569172100499,6.07284434425652,5.45928390404772,5.189539630937106,5.3893589961602695,6.290984119850947,8.368508812876582,12.516797947755084,20.001449254910323,31.17867941911206,42.155232882218684,44.24210262979138,34.10053933455144,20.274791932625458,11.064168120550434,7.188874920250862,7.06376278994856,11.298228883660693,24.268678554390828,46.11130054215974,50.86822572664924,29.04928578867168,12.374648175368332,7.659873251125575,10.87091662942214,28.123644423866853,56.98754897906486,44.09883087782954,16.19911779907686,8.40067415359049,13.932905665613832,43.32750036930539,61.195345380611926,23.87521685751777,9.30392821019549,14.94891034934514,52.25915673897317,56.44871426236625,16.046394017100216,10.239414979162712,34.764507966817035,70.7487577851705,22.145431118785936,10.283633614089316],[5.091465018380443,10.962613682946644,35.017160417740506,17.20396700722981,5.066362603059416,7.938260046793013,27.92072737418059,25.84388837179606,7.391382550449738,4.599397973785503,11.800439422995456,30.24009032934922,21.40620538037401,6.882187828629993,4.148633138819851,7.998075491448304,21.768148902549665,28.123644423866953,13.875772680398601,5.362191349485342,3.7773282914283404,6.100694507903423,14.317303227824345,25.063837968391624,22.713247644711117,11.950451213141896,5.561731688846306,3.476099342585242,3.536454213946811,5.440906250620202,9.966627823926668,16.756606790533596,21.73135653593771,20.69767926554401,15.30168790193811,9.811749254442946,6.137237448134583,4.101221666832999,3.0814801222386254,2.6384140510919685,2.5391502585910435,2.669542362976423,2.967712103544679,3.3861083035522395,3.8731007077403854,4.368701732042274,4.810072170679051,5.14120590878233,5.321315352626826,5.329007034493632,5.329007034493632,5.321315352626826,5.141205908782326,4.810072170679051,4.368701732042274,3.87310070774039,3.3861083035522435,2.967712103544682,2.669542362976423,2.5391502585910435,2.638414051091967,3.0814801222386254,4.101221666832999,6.137237448134601,9.811749254442946,15.30168790193811,20.697679265543975,21.731356535937692,16.756606790533596,9.966627823926693,5.440906250620214,3.5364542139468087,3.476099342585242,5.561731688846306,11.95045121314198,22.71324764471116,25.063837968391624,14.317303227824413,6.1006945079034605,3.7773282914283395,5.362191349485342,13.875772680398551,28.123644423866896,21.768148902549665,7.998075491448304,4.148633138819854,6.88218782862995,21.406205380373706,30.24009032934938,11.800439422995373,4.599397973785493,7.391382550449738,25.84388837179606,27.920727374180697,7.938260046792962,5.066362603059416,17.20396700722981,35.017160417740556,10.962613682946795,5.091465018380467],[1.9746117801026006,4.250942255685759,13.57633132974988,6.66896924714111,1.9636004713413602,3.07614628311103,10.817606403279932,10.011127399439188,2.8626569562847606,1.78098734312465,4.568481413305311,11.704911276117883,8.28387431664058,2.6627255310238556,1.6047528520532792,3.0930640360203303,8.416317451941229,10.87091662942214,5.362191349485342,2.071640746560238,1.4589490920124288,2.355667719827373,5.526767514327415,9.672270363929767,8.762467065885694,4.608854066735885,2.1442484025807356,1.3397022309118651,1.3624780205311648,2.0954247371103576,3.836913959594411,6.448313530113183,8.359224435908558,7.958152635802256,5.88075795467794,3.7690779062450006,2.35638950782106,1.5738488223669045,1.18188221284057,1.0113733571989314,0.9727439258787859,1.0220577224533427,1.1354676063042421,1.2946517522278833,1.4797677480976248,1.667830569088123,1.8348326371060866,1.959449215758567,2.0262313317832237,2.0271785410537624,2.0271785410537624,2.0262313317832237,1.9594492157585661,1.8348326371060866,1.667830569088123,1.4797677480976263,1.2946517522278844,1.1354676063042428,1.0220577224533427,0.9727439258787859,1.0113733571989307,1.18188221284057,1.5738488223669045,2.3563895078210675,3.769077906245000